          count        pct
ARHGAP22                  
1           671  65.527344
0           212  20.703125
10111        54   5.273438
00111        37   3.613281
10110        34   3.320312
00110        16   1.562500



          count        pct
Actin_BR                  
0           490  47.851562
1           348  33.984375
01           67   6.542969
0100         58   5.664062
100          33   3.222656
011          28   2.734375



          count        pct
Actin_ST                  
1           490  47.851562
0           348  33.984375
01          125  12.207031
010          61   5.957031



        count        pct
Arp2_3                  
0         490  47.851562
1         348  33.984375
10         67   6.542969
1000       58   5.664062
001        33   3.222656
110        28   2.734375



      count        pct
CP                    
0       490  47.851562
1       348  33.984375
01       67   6.542969
0100     58   5.664062
100      33   3.222656
011      28   2.734375



       count        pct
Cdc42                  
0        535  52.246094
1        489  47.753906



         count        pct
Cofilin                  
0          490  47.851562
1          321  31.347656
01          67   6.542969
0100        58   5.664062
11110       54   5.273438
11010       34   3.320312



         count        pct
Coronin                  
0          759  74.121094
1          212  20.703125
00010       37   3.613281
00110       16   1.562500



           count        pct
Cortactin                  
0            671  65.527344
1            151  14.746094
00010         54   5.273438
00110         53   5.175781
01010         34   3.320312
010           33   3.222656
101           28   2.734375



      count        pct
Dia1                  
1       490  47.851562
0       376  36.718750
01       67   6.542969
1101     58   5.664062
001      33   3.222656



      count        pct
Dia2                  
1       946  92.382812
011      33   3.222656
100      28   2.734375
0        17   1.660156



          count        pct
Ena_Vasp                  
1           991  96.777344
101          33   3.222656



              count        pct
IRSp53_Cdc42                  
0               535  52.246094
1               489  47.753906



             count        pct
IRSp53_Rac1                  
0              671  65.527344
1              151  14.746094
00010           54   5.273438
00110           37   3.613281
01010           34   3.320312
010             33   3.222656
101             28   2.734375
01110           16   1.562500



       count        pct
LIMK                   
1        759  74.121094
0        212  20.703125
11101     37   3.613281
11001     16   1.562500



      count    pct
NET1              
0      1024  100.0



     count        pct
PAK                  
1      506  49.414062
0      457  44.628906
010     33   3.222656
101     28   2.734375



      count    pct
PIP2              
0      1024  100.0



       count        pct
PKD                    
1        671  65.527344
0        212  20.703125
10111     54   5.273438
00111     37   3.613281
10110     34   3.320312
00110     16   1.562500



          count        pct
Profilin                  
1           866  84.570312
10           67   6.542969
1110         58   5.664062
101          33   3.222656



       count        pct
ROCK                   
1        671  65.527344
0        212  20.703125
01111     54   5.273438
01110     37   3.613281
01101     34   3.320312
01100     16   1.562500



       count        pct
ROS                    
0        671  65.527344
1        151  14.746094
00010     54   5.273438
00110     37   3.613281
01010     34   3.320312
010       33   3.222656
101       28   2.734375
01110     16   1.562500



       count        pct
Rac1                   
0        671  65.527344
1        151  14.746094
00100     54   5.273438
01100     37   3.613281
10100     34   3.320312
100       33   3.222656
011       28   2.734375
11100     16   1.562500



       count        pct
RhoA                   
1        671  65.527344
0        151  14.746094
11110     54   5.273438
11100     37   3.613281
11010     34   3.320312
110       33   3.222656
001       28   2.734375
11000     16   1.562500



       count        pct
SSH                    
0        759  74.121094
1        212  20.703125
00100     37   3.613281
01100     16   1.562500



          count        pct
Thymosin                  
1           484  47.265625
0           409  39.941406
01          131  12.792969



      count        pct
WASP                  
0       484  47.265625
1       376  36.718750
01      131  12.792969
011      33   3.222656



       count        pct
WAVE                   
0        671  65.527344
1        179  17.480469
00011     54   5.273438
01111     50   4.882812
00111     37   3.613281
011       33   3.222656



