          count        pct
ARHGAP22                  
1          1462  71.386719
0           182   8.886719
11011       139   6.787109
11110       132   6.445312
11010        64   3.125000
01011        46   2.246094
             21   1.025391
001           2   0.097656



          count        pct
Actin_BR                  
0          2027  98.974609
             21   1.025391



           count        pct
Actin_ST                   
1            854  41.699219
0            638  31.152344
01           263  12.841797
01111        196   9.570312
11111101      35   1.708984
10001         26   1.269531
              21   1.025391
10101          8   0.390625
111000000      3   0.146484
10010110       2   0.097656
00000011       2   0.097656



        count        pct
Arp2_3                  
0        2027  98.974609
           21   1.025391



    count        pct
CP                  
1    1028  50.195312
0     999  48.779297
       21   1.025391



       count        pct
Cdc42                  
1       1029  50.244141
0        998  48.730469
          21   1.025391



         count        pct
Cofilin                  
0         2027  98.974609
            21   1.025391



         count        pct
Coronin                  
0         1843  89.990234
1          182   8.886719
            21   1.025391
101          2   0.097656



           count        pct
Cortactin                  
0           1561  76.220703
00001        139   6.787109
01000        132   6.445312
01001         64   3.125000
00101         46   2.246094
10010110      43   2.099609
000111110     22   1.074219
              21   1.025391
00001111      18   0.878906
001            2   0.097656



           count        pct
Dia1                       
0           1028  50.195312
1            533  26.025391
10111        139   6.787109
11101        132   6.445312
10101         64   3.125000
10110         46   2.246094
01011010      43   2.099609
011111000     22   1.074219
              21   1.025391
00111100      18   0.878906
110            2   0.097656



           count        pct
Dia2                       
1           1563  76.318359
11101        196   9.570312
10111        185   9.033203
11011110      43   2.099609
011111110     22   1.074219
              21   1.025391
00111111      18   0.878906



          count        pct
Ena_Vasp                  
1          1981  96.728516
0            45   2.197266
             21   1.025391
101110        1   0.048828



              count        pct
IRSp53_Cdc42                  
1              1029  50.244141
0               998  48.730469
                 21   1.025391



             count        pct
IRSp53_Rac1                  
0             1561  76.220703
00001          139   6.787109
01000          132   6.445312
01001           64   3.125000
00101           46   2.246094
10010110        43   2.099609
000111110       22   1.074219
                21   1.025391
00001111        18   0.878906
101              2   0.097656



      count        pct
LIMK                  
1      1843  89.990234
0       182   8.886719
         21   1.025391
010       2   0.097656



           count        pct
NET1                       
0           1029  50.244141
1            974  47.558594
111100000     22   1.074219
              21   1.025391
001            2   0.097656



           count        pct
PAK                        
1           1029  50.244141
0            974  47.558594
000111110     22   1.074219
              21   1.025391
101            2   0.097656



      count        pct
PIP2                  
0      1028  50.195312
1       999  48.779297
         21   1.025391



       count        pct
PKD                    
1       1462  71.386719
0        182   8.886719
11011    139   6.787109
11110    132   6.445312
11010     64   3.125000
01011     46   2.246094
          21   1.025391
001        2   0.097656



           count        pct
Profilin                   
1            854  41.699219
0            638  31.152344
10           263  12.841797
11110        196   9.570312
11111011      35   1.708984
00011         26   1.269531
              21   1.025391
01011          8   0.390625
110000001      3   0.146484
00101101       2   0.097656
00000110       2   0.097656



       count        pct
ROCK                   
1       1462  71.386719
0        182   8.886719
10111    139   6.787109
11101    132   6.445312
10101     64   3.125000
10110     46   2.246094
          21   1.025391
010        2   0.097656



           count        pct
ROS                        
0           1561  76.220703
00001        139   6.787109
01000        132   6.445312
01001         64   3.125000
00101         46   2.246094
10010110      43   2.099609
000111110     22   1.074219
              21   1.025391
00001111      18   0.878906
101            2   0.097656



           count        pct
Rac1                       
0           1561  76.220703
00010        139   6.787109
10000        132   6.445312
10010         64   3.125000
01010         46   2.246094
00101101      43   2.099609
001111100     22   1.074219
              21   1.025391
00011110      18   0.878906
011            2   0.097656



           count        pct
RhoA                       
1           1561  76.220703
01111        139   6.787109
11011        132   6.445312
01011         64   3.125000
01101         46   2.246094
10110100      43   2.099609
111110000     22   1.074219
              21   1.025391
01111000      18   0.878906
101            2   0.097656



     count        pct
SSH                  
0     1843  89.990234
1      182   8.886719
        21   1.025391
011      2   0.097656



          count        pct
Thymosin                  
1           679  33.154297
01          664  32.421875
0           569  27.783203
10          115   5.615234
             21   1.025391



      count        pct
WASP                  
0       679  33.154297
01      664  32.421875
1       569  27.783203
10      115   5.615234
         21   1.025391



           count        pct
WAVE                       
0           1561  76.220703
10001        139   6.787109
01100        132   6.445312
11101         64   3.125000
10111         46   2.246094
11011111      43   2.099609
000111111     22   1.074219
              21   1.025391
10001111      18   0.878906
1              2   0.097656



