                    count        pct
Actin_BR Actin_ST                   
0        1            854  41.699219
         0            638  31.152344
         01           263  12.841797
         01111        196   9.570312
         11111101      35   1.708984
         10001         26   1.269531
                       21   1.025391
0        10101          8   0.390625
         111000000      3   0.146484
         10010110       2   0.097656
         00000011       2   0.097656



                     count        pct
Rac1      RhoA                       
0         1           1561  76.220703
00010     01111        139   6.787109
10000     11011        132   6.445312
10010     01011         64   3.125000
01010     01101         46   2.246094
00101101  10110100      43   2.099609
001111100 111110000     22   1.074219
                        21   1.025391
00011110  01111000      18   0.878906
011       101            2   0.097656



