          count        pct
ARHGAP22                  
0           564  55.078125
010         252  24.609375
011110      196  19.140625
1            12   1.171875



          count        pct
Actin_BR                  
001         520  50.781250
000010      196  19.140625
011         171  16.699219
0           116  11.328125
1            21   2.050781



          count        pct
Actin_ST                  
010         434  42.382812
0           184  17.968750
101         141  13.769531
001110       99   9.667969
001111       97   9.472656
1            69   6.738281



        count        pct
Arp2_3                  
010       520  50.781250
000100    196  19.140625
110       171  16.699219
0         116  11.328125
1          21   2.050781



        count        pct
CP                      
0         411  40.136719
010       379  37.011719
011       116  11.328125
000010     99   9.667969
1          19   1.855469



       count        pct
Cdc42                  
0        525  51.269531
1        499  48.730469



         count    pct
Cofilin              
0         1024  100.0



         count    pct
Coronin              
0         1024  100.0



           count        pct
Cortactin                  
100          520  50.781250
001000       196  19.140625
101          171  16.699219
0            116  11.328125
1             21   2.050781



        count        pct
Dia1                    
0         564  55.078125
100       252  24.609375
111100    196  19.140625
1          12   1.171875



        count        pct
Dia2                    
1         511  49.902344
100       252  24.609375
111100    196  19.140625
0          65   6.347656



          count        pct
Ena_Vasp                  
1           511  49.902344
001         252  24.609375
001111      196  19.140625
0            65   6.347656



              count        pct
IRSp53_Cdc42                  
0               525  51.269531
1               499  48.730469



             count        pct
IRSp53_Rac1                  
100            520  50.781250
001000         196  19.140625
101            171  16.699219
0              116  11.328125
1               21   2.050781



        count        pct
LIMK                    
1         767  74.902344
011111    196  19.140625
011        61   5.957031



        count        pct
NET1                    
0         503  49.121094
011       252  24.609375
111011    196  19.140625
100        61   5.957031
1          12   1.171875



        count        pct
PAK                     
1         503  49.121094
001       252  24.609375
001000    196  19.140625
110        61   5.957031
0          12   1.171875



      count        pct
PIP2                  
1       513  50.097656
0       511  49.902344



        count        pct
PKD                     
0         564  55.078125
010       252  24.609375
011110    196  19.140625
1          12   1.171875



          count        pct
Profilin                  
011         520  50.781250
1           204  19.921875
011110      196  19.140625
0           104  10.156250



        count        pct
ROCK                    
0         564  55.078125
100       252  24.609375
111100    196  19.140625
1          12   1.171875



        count        pct
ROS                     
100       520  50.781250
001000    196  19.140625
101       171  16.699219
0         116  11.328125
1          21   2.050781



        count        pct
Rac1                    
001       520  50.781250
010000    196  19.140625
011       171  16.699219
0         116  11.328125
1          21   2.050781



        count        pct
RhoA                    
0         564  55.078125
001       252  24.609375
111001    196  19.140625
1          12   1.171875



     count    pct
SSH              
0     1024  100.0



          count    pct
Thymosin              
1          1024  100.0



      count    pct
WASP              
0      1024  100.0



        count        pct
WAVE                    
110       520  50.781250
001100    196  19.140625
1         192  18.750000
0         116  11.328125



