          count    pct
ARHGAP22              
0          1024  100.0



          count        pct
Actin_BR                  
1           671  65.527344
001         221  21.582031
101         127  12.402344
0             5   0.488281



          count    pct
Actin_ST              
0          1024  100.0



        count        pct
Arp2_3                  
1         671  65.527344
010       221  21.582031
011       127  12.402344
0           5   0.488281



     count        pct
CP                   
0      458  44.726562
1      346  33.789062
001    123  12.011719
110     59   5.761719
01      38   3.710938



       count        pct
Cdc42                  
1        514  50.195312
0        510  49.804688



         count        pct
Cofilin                  
1          735  71.777344
101        166  16.210938
01          95   9.277344
0           28   2.734375



         count        pct
Coronin                  
1         1020  99.609375
10           2   0.195312
0            2   0.195312



           count        pct
Cortactin                  
1            671  65.527344
100          221  21.582031
110          127  12.402344
0              5   0.488281



      count        pct
Dia1                  
0       803  78.417969
010     221  21.582031



      count        pct
Dia2                  
1       514  50.195312
0       289  28.222656
010     221  21.582031



          count        pct
Ena_Vasp                  
1           848  82.812500
011         123  12.011719
01           38   3.710938
0            15   1.464844



              count        pct
IRSp53_Cdc42                  
1               514  50.195312
0               510  49.804688



             count        pct
IRSp53_Rac1                  
1              671  65.527344
100            221  21.582031
110            127  12.402344
0                5   0.488281



      count        pct
LIMK                  
0      1020  99.609375
1         2   0.195312
01        2   0.195312



      count        pct
NET1                  
0       676  66.015625
101     221  21.582031
100     127  12.402344



     count        pct
PAK                  
1      676  66.015625
100    221  21.582031
110    127  12.402344



      count        pct
PIP2                  
0       513  50.097656
1       511  49.902344



     count    pct
PKD              
0     1024  100.0



          count    pct
Profilin              
0          1024  100.0



      count    pct
ROCK              
0      1024  100.0



     count        pct
ROS                  
1      671  65.527344
100    221  21.582031
110    127  12.402344
0        5   0.488281



      count        pct
Rac1                  
1       671  65.527344
001     221  21.582031
101     127  12.402344
0         5   0.488281



      count        pct
RhoA                  
0       803  78.417969
100     221  21.582031



     count        pct
SSH                  
1     1020  99.609375
01       2   0.195312
0        2   0.195312



          count        pct
Thymosin                  
0           901  87.988281
01           96   9.375000
1            27   2.636719



      count        pct
WASP                  
1       778  75.976562
110     123  12.011719
01       96   9.375000
0        27   2.636719



      count        pct
WAVE                  
1       798  77.929688
110     221  21.582031
0         5   0.488281



