                   count        pct
Actin_BR Actin_ST                  
0        1           463  45.214844
         10111111    230  22.460938
         01111100    148  14.453125
         01110110     80   7.812500
         1101         46   4.492188
         10101111     42   4.101562
         01110101     11   1.074219
         00001110      2   0.195312
         00100101      1   0.097656
                       1   0.097656



                   count        pct
Rac1     RhoA                      
01111000 11100001    590  57.617188
11010010 01001011    433  42.285156
                       1   0.097656



