          count        pct
ARHGAP22                  
0           907  88.574219
111100      110  10.742188
1             7   0.683594



          count        pct
Actin_BR                  
1           550  53.710938
010         255  24.902344
000100      110  10.742188
110          63   6.152344
0            46   4.492188



           count        pct
Actin_ST                   
1            743  72.558594
011          142  13.867188
011110        58   5.664062
01            23   2.246094
0             15   1.464844
111010        14   1.367188
111101        11   1.074219
111000         9   0.878906
000001110      9   0.878906



        count        pct
Arp2_3                  
1         550  53.710938
100       255  24.902344
001000    110  10.742188
101        63   6.152344
0          46   4.492188



    count    pct
CP              
0    1024  100.0



       count        pct
Cdc42                  
0        526  51.367188
1        498  48.632812



         count        pct
Cofilin                  
1          710  69.335938
101        145  14.160156
100110      58   5.664062
0           49   4.785156
000001      25   2.441406
10          19   1.855469
010         18   1.757812



         count        pct
Coronin                  
1          890  86.914062
10         110  10.742188
01          18   1.757812
0            6   0.585938



           count        pct
Cortactin                  
1            550  53.710938
001          255  24.902344
010000       110  10.742188
011           63   6.152344
0             37   3.613281
000001111      9   0.878906



           count        pct
Dia1                       
0            643  62.792969
100          255  24.902344
111001       110  10.742188
000111100      9   0.878906
1              7   0.683594



           count        pct
Dia2                       
1            505  49.316406
100          255  24.902344
0            145  14.160156
111001       110  10.742188
000111100      9   0.878906



          count        pct
Ena_Vasp                  
1           767  74.902344
110         142  13.867188
000100       58   5.664062
10           25   2.441406
0            21   2.050781
01           11   1.074219



              count        pct
IRSp53_Cdc42                  
0               526  51.367188
1               498  48.632812



             count        pct
IRSp53_Rac1                  
1              550  53.710938
001            255  24.902344
010000         110  10.742188
011             63   6.152344
0               37   3.613281
000001111        9   0.878906



        count        pct
LIMK                    
0         890  86.914062
010100    110  10.742188
10         18   1.757812
1           6   0.585938



           count        pct
NET1                       
0            580  56.640625
011          255  24.902344
110111       110  10.742188
010           63   6.152344
011111000      9   0.878906
1              7   0.683594



           count        pct
PAK                        
1            580  56.640625
001          255  24.902344
010000       110  10.742188
011           63   6.152344
000001111      9   0.878906
0              7   0.683594



      count        pct
PIP2                  
0       534  52.148438
1       490  47.851562



     count    pct
PKD              
0     1024  100.0



           count        pct
Profilin                   
1            752  73.437500
110          142  13.867188
111100        67   6.542969
111011        25   2.441406
0             15   1.464844
10            14   1.367188
110011111      9   0.878906



        count        pct
ROCK                    
0         907  88.574219
111001    110  10.742188
1           7   0.683594



           count        pct
ROS                        
1            550  53.710938
001          255  24.902344
010000       110  10.742188
011           63   6.152344
0             37   3.613281
000001111      9   0.878906



           count        pct
Rac1                       
1            550  53.710938
010          255  24.902344
100000       110  10.742188
110           63   6.152344
0             37   3.613281
000011110      9   0.878906



           count        pct
RhoA                       
0            643  62.792969
001          255  24.902344
110011       110  10.742188
001111000      9   0.878906
1              7   0.683594



     count        pct
SSH                  
1      890  86.914062
01     110  10.742188
10      18   1.757812
0        6   0.585938



          count        pct
Thymosin                  
0           875  85.449219
101000       58   5.664062
1            35   3.417969
10           31   3.027344
01           25   2.441406



        count        pct
WASP                    
1         733  71.582031
101       142  13.867188
001000     58   5.664062
0          36   3.515625
10         30   2.929688
01         25   2.441406



           count        pct
WAVE                       
1            613  59.863281
101          255  24.902344
011000       110  10.742188
0             37   3.613281
100001111      9   0.878906



