                    count        pct
Actin_BR Actin_ST                   
1        1            541  52.832031
010      011          142  13.867188
         1            113  11.035156
110      1             63   6.152344
000100   011110        58   5.664062
         1             18   1.757812
0        0             15   1.464844
000100   111010        14   1.367188
0        01            14   1.367188
000100   111101        11   1.074219
1        01             9   0.878906
000100   111000         9   0.878906
0        000001110      9   0.878906
         1              8   0.781250



                     count        pct
Rac1      RhoA                       
1         0            550  53.710938
010       001          255  24.902344
100000    110011       110  10.742188
110       0             63   6.152344
0         0             30   2.929688
000011110 001111000      9   0.878906
0         1              7   0.683594



