          count        pct
ARHGAP22                  
1           929  90.722656
0            95   9.277344



          count        pct
Actin_BR                  
0           655  63.964844
1           295  28.808594
0001         29   2.832031
110          26   2.539062
01           19   1.855469



          count        pct
Actin_ST                  
1           798  77.929688
0           149  14.550781
01           29   2.832031
100          26   2.539062
10           22   2.148438



        count        pct
Arp2_3                  
0         655  63.964844
1         295  28.808594
0010       29   2.832031
101        26   2.539062
10         19   1.855469



      count        pct
CP                    
0       798  77.929688
1       149  14.550781
0001     29   2.832031
110      26   2.539062
10       22   2.148438



       count        pct
Cdc42                  
1        514  50.195312
0        510  49.804688



         count        pct
Cofilin                  
0          755  73.730469
1          210  20.507812
01          30   2.929688
0001        29   2.832031



         count        pct
Coronin                  
0          929  90.722656
1           95   9.277344



           count        pct
Cortactin                  
0            929  90.722656
1             69   6.738281
011           26   2.539062



      count        pct
Dia1                  
1       798  77.929688
0       149  14.550781
0111     29   2.832031
100      26   2.539062
10       22   2.148438



      count    pct
Dia2              
1      1024  100.0



          count        pct
Ena_Vasp                  
1          1018  99.414062
10            3   0.292969
0             3   0.292969



              count        pct
IRSp53_Cdc42                  
1               514  50.195312
0               510  49.804688



             count    pct
IRSp53_Rac1              
0             1024  100.0



      count        pct
LIMK                  
1       929  90.722656
0        95   9.277344



      count        pct
NET1                  
0       544  53.125000
1       469  45.800781
010      11   1.074219



     count        pct
PAK                  
1      544  53.125000
0      469  45.800781
011     11   1.074219



      count        pct
PIP2                  
1       533  52.050781
0       491  47.949219



     count        pct
PKD                  
1      929  90.722656
0       95   9.277344



          count        pct
Profilin                  
1           976  95.312500
1011         29   2.832031
10           19   1.855469



      count        pct
ROCK                  
1       929  90.722656
0        95   9.277344



     count    pct
ROS              
0     1024  100.0



      count        pct
Rac1                  
0       929  90.722656
1        69   6.738281
110      26   2.539062



      count    pct
RhoA              
1      1024  100.0



     count        pct
SSH                  
0      929  90.722656
1       95   9.277344



          count       pct
Thymosin                 
0           408  39.84375
01          312  30.46875
1           304  29.68750



      count       pct
WASP                 
1       408  39.84375
01      312  30.46875
0       304  29.68750



      count        pct
WAVE                  
0       929  90.722656
1        69   6.738281
011      26   2.539062



