                                         count        pct
cycle_Actin_BR_norm cycle_Actin_ST_norm                  
0                   1                      462  45.117188
                    0                      264  25.781250
                    0111                   162  15.820312
                    01                      41   4.003906
                    0001                    32   3.125000
                    01011                   27   2.636719
                    011111                  15   1.464844
                    11011                   11   1.074219
                    0110                     4   0.390625
                    001100                   4   0.390625
                    00010                    2   0.195312



