          count        pct
ARHGAP22                  
0           627  61.230469
011111      143  13.964844
110          58   5.664062
110101       46   4.492188
011          46   4.492188
001011       45   4.394531
001          38   3.710938
01            9   0.878906
1000          6   0.585938
1             6   0.585938



          count        pct
Actin_BR                  
1           519  50.683594
000010      143  13.964844
110         122  11.914062
100          58   5.664062
010          54   5.273438
101000       46   4.492188
010011       45   4.394531
0            22   2.148438
10            9   0.878906
0100          6   0.585938



          count        pct
Actin_ST                  
1           836  81.640625
101111      111  10.839844
111100       35   3.417969
0            20   1.953125
000110        8   0.781250
010           7   0.683594
000111        4   0.390625
01            3   0.292969



        count        pct
Arp2_3                  
1         519  50.683594
000100    143  13.964844
101       122  11.914062
001        58   5.664062
100        54   5.273438
010001     46   4.492188
100110     45   4.394531
0          22   2.148438
01          9   0.878906
1000        6   0.585938



    count    pct
CP              
0    1024  100.0



       count        pct
Cdc42                  
1        519  50.683594
0        505  49.316406



         count        pct
Cofilin                  
1          570  55.664062
0          268  26.171875
010000      49   4.785156
101         42   4.101562
01          29   2.832031
000101      28   2.734375
100         20   1.953125
010011      12   1.171875
10           4   0.390625
0100         2   0.195312



         count        pct
Coronin                  
1          612  59.765625
0          320  31.250000
000101      45   4.394531
101         38   3.710938
1101         6   0.585938
10           3   0.292969



           count        pct
Cortactin                  
1            519  50.683594
001000       143  13.964844
011           92   8.984375
010           88   8.593750
001           54   5.273438
100010        46   4.492188
001101        45   4.394531
0             22   2.148438
10             9   0.878906
0001           6   0.585938



        count        pct
Dia1                    
0         535  52.246094
111110    143  13.964844
100       122  11.914062
101        58   5.664062
110        46   4.492188
101011     46   4.492188
010110     45   4.394531
10          9   0.878906
010         8   0.781250
1           6   0.585938
01          6   0.585938



        count        pct
Dia2                    
1         759  74.121094
111110    188  18.359375
101011     46   4.492188
0          16   1.562500
10          9   0.878906
01          6   0.585938



          count        pct
Ena_Vasp                  
1           746  72.851562
101111      180  17.578125
011          42   4.101562
111010       32   3.125000
100111       10   0.976562
10            8   0.781250
1110          6   0.585938



              count        pct
IRSp53_Cdc42                  
1               519  50.683594
0               505  49.316406



             count        pct
IRSp53_Rac1                  
1              519  50.683594
001000         143  13.964844
011            122  11.914062
010             58   5.664062
100010          46   4.492188
001             46   4.492188
001101          45   4.394531
0               22   2.148438
10               9   0.878906
101              8   0.781250
01               6   0.585938



      count        pct
LIMK                  
0       612  59.765625
1       320  31.250000
10       45   4.394531
010      38   3.710938
0010      6   0.585938
01        3   0.292969



        count        pct
NET1                    
0         535  52.246094
111011    143  13.964844
010       122  11.914062
110        58   5.664062
101110     46   4.492188
011        46   4.492188
011001     45   4.394531
10          9   0.878906
001         8   0.781250
1           6   0.585938
01          6   0.585938



        count        pct
PAK                     
1         535  52.246094
001000    143  13.964844
011       122  11.914062
010        58   5.664062
100010     46   4.492188
001        46   4.492188
001101     45   4.394531
10          9   0.878906
101         8   0.781250
01          6   0.585938
0           6   0.585938



      count      pct
PIP2                
0       528  51.5625
1       496  48.4375



        count        pct
PKD                     
0         627  61.230469
011111    143  13.964844
110        58   5.664062
110101     46   4.492188
011        46   4.492188
001011     45   4.394531
001        38   3.710938
01          9   0.878906
1000        6   0.585938
1           6   0.585938



          count        pct
Profilin                  
1           839  81.933594
011111      146  14.257812
0            20   1.953125
001100        8   0.781250
100           7   0.683594
001110        4   0.390625



        count        pct
ROCK                    
0         627  61.230469
111110    143  13.964844
101        58   5.664062
110        46   4.492188
101011     46   4.492188
010110     45   4.394531
010        38   3.710938
10          9   0.878906
1           6   0.585938
0001        6   0.585938



     count    pct
ROS              
0     1024  100.0



        count        pct
Rac1                    
1         519  50.683594
010000    143  13.964844
110       122  11.914062
100        58   5.664062
010        46   4.492188
000101     46   4.492188
011010     45   4.394531
0          22   2.148438
01          9   0.878906
011         8   0.781250
10          6   0.585938



        count        pct
RhoA                    
0         535  52.246094
111101    143  13.964844
001       122  11.914062
011        58   5.664062
101        46   4.492188
010111     46   4.492188
101100     45   4.394531
01          9   0.878906
100         8   0.781250
10          6   0.585938
1           6   0.585938



        count        pct
SSH                     
1         612  59.765625
0         320  31.250000
001010     45   4.394531
011        38   3.710938
1011        6   0.585938
01          3   0.292969



          count        pct
Thymosin                  
0           710  69.335938
01          177  17.285156
1           137  13.378906



        count        pct
WASP                    
1         656  64.062500
0         137  13.378906
01        128  12.500000
010100     49   4.785156
101        42   4.101562
101111     12   1.171875



        count        pct
WAVE                    
1         664  64.843750
001100    143  13.964844
011        58   5.664062
110011     46   4.492188
101        46   4.492188
101111     45   4.394531
0          22   2.148438



