                   count        pct
Actin_BR Actin_ST                  
1        1           516  50.390625
110      1           122  11.914062
000010   101111      109  10.644531
010      1            54   5.273438
100      1            51   4.980469
010011   1            45   4.394531
101000   111100       35   3.417969
000010   1            26   2.539062
0        0            17   1.660156
000010   000110        8   0.781250
100      010           7   0.683594
10       1             6   0.585938
0100     1             6   0.585938
0        1             5   0.488281
101000   1             5   0.488281
         000111        4   0.390625
1        0             3   0.292969
10       01            3   0.292969
101000   101111        2   0.195312



               count        pct
Rac1   RhoA                    
1      0         519  50.683594
010000 111101    143  13.964844
110    001       122  11.914062
100    011        58   5.664062
010    101        46   4.492188
000101 010111     46   4.492188
011010 101100     45   4.394531
0      0          16   1.562500
01     01          9   0.878906
011    100         8   0.781250
10     10          6   0.585938
0      1           6   0.585938



