                                         count        pct
cycle_Actin_BR_norm cycle_Actin_ST_norm                  
0                   0                      260  25.390625
1                   1                      255  24.902344
                    1011                   156  15.234375
0                   1                      119  11.621094
10                  10                      38   3.710938
1001                1001                    31   3.027344
10                  1001                    25   2.441406
0100                0                       21   2.050781
1101                10                      19   1.855469
011                 110                     17   1.660156
10                  1011                    16   1.562500
1101                1011                    14   1.367188
10                  01                      13   1.269531
0100                1011                    13   1.269531
1101                1                       12   1.171875
10                  0                        4   0.390625
1                   01                       4   0.390625
000001              011100                   4   0.390625
1                   0                        3   0.292969



