                                         count     pct
cycle_Actin_BR_norm cycle_Actin_ST_norm               
1                   1                     4495  0.4495
                    0                     1468  0.1468
                    10                    1226  0.1226
                    1110                   717  0.0717
                    0001                   581  0.0581
1101                1110                   491  0.0491
                    10                     304  0.0304
                    0001                   173  0.0173
                    0                      165  0.0165
1100                0001                   131  0.0131
1101                1                      124  0.0124
1100                0011                    52  0.0052
001                 001100                  29  0.0029
01011               01000                   26  0.0026
01                  10                      18  0.0018



