          count        pct
ARHGAP22                  
0           623  60.839844
111110      154  15.039062
010111       72   7.031250
011          63   6.152344
010110       47   4.589844
101          31   3.027344
010          21   2.050781
1             8   0.781250
01            5   0.488281



            count        pct
Actin_BR                    
1             429  41.894531
0             252  24.609375
000100        100   9.765625
110            94   9.179688
100            63   6.152344
000101         43   4.199219
010            17   1.660156
100110         15   1.464844
1000000000      7   0.683594
10              4   0.390625



            count        pct
Actin_ST                    
1             384  37.500000
0             296  28.906250
011111        117  11.425781
10             67   6.542969
110010         61   5.957031
100            61   5.957031
101            18   1.757812
1111101110      7   0.683594
010001          7   0.683594
0101011111      3   0.292969
0111011101      1   0.097656
0011011001      1   0.097656
0000001111      1   0.097656



            count        pct
Arp2_3                      
1             429  41.894531
0             252  24.609375
001000        100   9.765625
101            94   9.179688
001            63   6.152344
001010         43   4.199219
100            17   1.660156
001101         15   1.464844
0000000001      7   0.683594
01              4   0.390625



        count        pct
CP                      
0         623  60.839844
1         252  24.609375
110        61   5.957031
000010     47   4.589844
100        32   3.125000
010001      7   0.683594
01          2   0.195312



       count        pct
Cdc42                  
1        521  50.878906
0        503  49.121094



         count        pct
Cofilin                  
1          523  51.074219
0          373  36.425781
10          74   7.226562
101110      32   3.125000
000110      15   1.464844
010001       7   0.683594



         count        pct
Coronin                  
1          586  57.226562
0          350  34.179688
001010      47   4.589844
011         21   2.050781
10          20   1.953125



           count    pct
Cortactin              
0           1024  100.0



            count        pct
Dia1                        
0             537  52.441406
111101        154  15.039062
100            94   9.179688
101110         72   7.031250
110            63   6.152344
101100         47   4.589844
011            31   3.027344
1011001001      9   0.878906
1               8   0.781250
10              5   0.488281
0000111110      4   0.390625



            count        pct
Dia2                        
1             529  51.660156
111101        154  15.039062
100            94   9.179688
101110         72   7.031250
110            63   6.152344
101100         47   4.589844
011            31   3.027344
0              16   1.562500
1011001001      9   0.878906
10              5   0.488281
0000111110      4   0.390625



          count        pct
Ena_Vasp                  
1           682  66.601562
011111      142  13.867188
101         107  10.449219
101011       47   4.589844
001111       32   3.125000
01           11   1.074219
0             2   0.195312
10            1   0.097656



              count        pct
IRSp53_Cdc42                  
1               521  50.878906
0               503  49.121094



             count        pct
IRSp53_Rac1                  
1              429  41.894531
010000         154  15.039062
0              116  11.328125
011             94   9.179688
001010          72   7.031250
001             63   6.152344
011010          47   4.589844
100             31   3.027344
0110110010       9   0.878906
10               5   0.488281
1000001111       4   0.390625



      count        pct
LIMK                  
0       586  57.226562
1       350  34.179688
01       67   6.542969
100      21   2.050781



            count        pct
NET1                        
0             537  52.441406
110111        154  15.039062
010            94   9.179688
111010         72   7.031250
011            63   6.152344
110010         47   4.589844
101            31   3.027344
1100100110      9   0.878906
1               8   0.781250
10              5   0.488281
0011111000      4   0.390625



            count        pct
PAK                         
1             537  52.441406
010000        154  15.039062
011            94   9.179688
001010         72   7.031250
001            63   6.152344
011010         47   4.589844
100            31   3.027344
0110110010      9   0.878906
0               8   0.781250
10              5   0.488281
1000001111      4   0.390625



      count        pct
PIP2                  
0       514  50.195312
1       510  49.804688



        count        pct
PKD                     
0         623  60.839844
111110    154  15.039062
010111     72   7.031250
011        63   6.152344
010110     47   4.589844
101        31   3.027344
010        21   2.050781
1           8   0.781250
01          5   0.488281



            count        pct
Profilin                    
1             751  73.339844
111110        153  14.941406
01             64   6.250000
0              44   4.296875
1111111101     11   1.074219
1110011111      1   0.097656



        count        pct
ROCK                    
0         623  60.839844
111101    154  15.039062
101110     72   7.031250
110        63   6.152344
101100     47   4.589844
011        31   3.027344
100        21   2.050781
1           8   0.781250
10          5   0.488281



     count    pct
ROS              
0     1024  100.0



            count        pct
Rac1                        
1             429  41.894531
100000        154  15.039062
0             116  11.328125
110            94   9.179688
010100         72   7.031250
010            63   6.152344
110100         47   4.589844
001            31   3.027344
1101100100      9   0.878906
01              5   0.488281
0000011111      4   0.390625



            count        pct
RhoA                        
0             537  52.441406
111011        154  15.039062
001            94   9.179688
011101         72   7.031250
101            63   6.152344
011001         47   4.589844
110            31   3.027344
0110010011      9   0.878906
1               8   0.781250
01              5   0.488281
0001111100      4   0.390625



        count        pct
SSH                     
1         586  57.226562
0         350  34.179688
010100     47   4.589844
110        21   2.050781
01         20   1.953125



          count        pct
Thymosin                  
0           590  57.617188
1           212  20.703125
10          190  18.554688
101000       32   3.125000



        count        pct
WASP                    
1         529  51.660156
0         212  20.703125
10        183  17.871094
011        61   5.957031
001010     39   3.808594



            count        pct
WAVE                        
1             528  51.562500
011000        154  15.039062
0             116  11.328125
001111         72   7.031250
101            63   6.152344
011111         47   4.589844
110            31   3.027344
0111111011      9   0.878906
1100001111      4   0.390625



