          count    pct
ARHGAP22              
0          2048  100.0



          count        pct
Actin_BR                  
1          1420  69.335938
011         263  12.841797
100         221  10.791016
0           144   7.031250



          count        pct
Actin_ST                  
0          1026  50.097656
1           837  40.869141
10          185   9.033203



        count        pct
Arp2_3                  
1        1420  69.335938
110       263  12.841797
001       221  10.791016
0         144   7.031250



    count        pct
CP                  
1    1027  50.146484
0     837  40.869141
01    184   8.984375



       count        pct
Cdc42                  
1       1034  50.488281
0       1014  49.511719



         count        pct
Cofilin                  
1         1384  67.578125
01         424  20.703125
101        144   7.031250
0           96   4.687500



         count        pct
Coronin                  
1         1913  93.408203
0           90   4.394531
01          45   2.197266



           count        pct
Cortactin                  
1           1420  69.335938
101          263  12.841797
010          221  10.791016
0            144   7.031250



      count       pct
Dia1                 
0      1904  92.96875
011     144   7.03125



      count    pct
Dia2              
0      2048  100.0



          count        pct
Ena_Vasp                  
1          1514  73.925781
101         221  10.791016
01          184   8.984375
0           129   6.298828



              count        pct
IRSp53_Cdc42                  
1              1034  50.488281
0              1014  49.511719



             count        pct
IRSp53_Rac1                  
1             1420  69.335938
101            263  12.841797
010            221  10.791016
0              144   7.031250



      count        pct
LIMK                  
0      2034  99.316406
1         7   0.341797
01        7   0.341797



      count        pct
NET1                  
0      1435  70.068359
001     263  12.841797
110     221  10.791016
1       129   6.298828



     count        pct
PAK                  
1     1435  70.068359
101    263  12.841797
010    221  10.791016
0      129   6.298828



      count        pct
PIP2                  
0      1027  50.146484
1      1021  49.853516



     count    pct
PKD              
0     2048  100.0



          count        pct
Profilin                  
1          1684  82.226562
101         221  10.791016
0           142   6.933594
01            1   0.048828



      count    pct
ROCK              
0      2048  100.0



     count        pct
ROS                  
1     1420  69.335938
101    263  12.841797
010    221  10.791016
0      144   7.031250



      count        pct
Rac1                  
1      1420  69.335938
011     263  12.841797
100     221  10.791016
0       144   7.031250



      count        pct
RhoA                  
0      1420  69.335938
1       365  17.822266
101     263  12.841797



     count        pct
SSH                  
1     1913  93.408203
0       90   4.394531
10      45   2.197266



          count        pct
Thymosin                  
0          1528  74.609375
01          424  20.703125
1            96   4.687500



      count        pct
WASP                  
1      1299  63.427734
01      386  18.847656
011     221  10.791016
0       142   6.933594



      count        pct
WAVE                  
1      1683  82.177734
011     221  10.791016
0       144   7.031250



