          count        pct
ARHGAP22                  
0           366  35.742188
010         341  33.300781
1           170  16.601562
011110      147  14.355469



          count        pct
Actin_BR                  
001         249  24.316406
010         232  22.656250
011         195  19.042969
0           175  17.089844
000010      147  14.355469
1            26   2.539062



          count        pct
Actin_ST                  
1           328  32.031250
010011      232  22.656250
0           185  18.066406
011         103  10.058594
001          82   8.007812
001111       72   7.031250
000011       22   2.148438



        count        pct
Arp2_3                  
010       249  24.316406
100       232  22.656250
110       195  19.042969
0         175  17.089844
000100    147  14.355469
1          26   2.539062



        count        pct
CP                      
1         518  50.585938
0         402  39.257812
010000     82   8.007812
010        15   1.464844
10          7   0.683594



       count    pct
Cdc42              
0       1024  100.0



         count        pct
Cofilin                  
0          499  48.730469
1          194  18.945312
011        165  16.113281
010000     150  14.648438
001          9   0.878906
01           7   0.683594



         count        pct
Coronin                  
0          658  64.257812
1          366  35.742188



           count        pct
Cortactin                  
100          249  24.316406
001          232  22.656250
101          195  19.042969
0            175  17.089844
001000       147  14.355469
1             26   2.539062



        count        pct
Dia1                    
0         623  60.839844
001       167  16.308594
111100    147  14.355469
100        82   8.007812
1           5   0.488281



        count        pct
Dia2                    
101       676  66.015625
1         201  19.628906
111100    147  14.355469



          count        pct
Ena_Vasp                  
1           598  58.398438
101011      232  22.656250
011111       72   7.031250
011          67   6.542969
001111       22   2.148438
001          21   2.050781
10            7   0.683594
0             5   0.488281



              count    pct
IRSp53_Cdc42              
0              1024  100.0



             count        pct
IRSp53_Rac1                  
100            249  24.316406
001            232  22.656250
101            195  19.042969
0              175  17.089844
001000         147  14.355469
1               26   2.539062



        count        pct
LIMK                    
1         511  49.902344
0         366  35.742188
011111    147  14.355469



        count        pct
NET1                    
101       249  24.316406
011       232  22.656250
001       195  19.042969
1         175  17.089844
111011    147  14.355469
0          26   2.539062



        count        pct
PAK                     
100       249  24.316406
001       232  22.656250
101       195  19.042969
0         175  17.089844
001000    147  14.355469
1          26   2.539062



      count        pct
PIP2                  
0       518  50.585938
1       506  49.414062



        count        pct
PKD                     
0         366  35.742188
010       341  33.300781
1         170  16.601562
011110    147  14.355469



          count        pct
Profilin                  
1           431  42.089844
110         232  22.656250
0           170  16.601562
011          82   8.007812
011110       72   7.031250
000110       22   2.148438
010          15   1.464844



        count        pct
ROCK                    
0         366  35.742188
100       341  33.300781
1         170  16.601562
111100    147  14.355469



        count        pct
ROS                     
100       249  24.316406
001       232  22.656250
101       195  19.042969
0         175  17.089844
001000    147  14.355469
1          26   2.539062



        count        pct
Rac1                    
001       249  24.316406
010       232  22.656250
011       195  19.042969
0         175  17.089844
010000    147  14.355469
1          26   2.539062



        count        pct
RhoA                    
100       249  24.316406
001       232  22.656250
0         221  21.582031
1         175  17.089844
111001    147  14.355469



     count        pct
SSH                  
0      658  64.257812
1      366  35.742188



          count        pct
Thymosin                  
0           502  49.023438
01          314  30.664062
1           208  20.312500



        count        pct
WASP                    
1         421  41.113281
0         213  20.800781
10        154  15.039062
000101    150  14.648438
110        76   7.421875
01         10   0.976562



        count        pct
WAVE                    
110       249  24.316406
101       232  22.656250
1         221  21.582031
0         175  17.089844
001100    147  14.355469



