          count    pct
ARHGAP22              
0          1024  100.0



          count        pct
Actin_BR                  
001         587  57.324219
0           302  29.492188
011         120  11.718750
1            15   1.464844



           count        pct
Actin_ST                   
001          508  49.609375
0            224  21.875000
111000000    156  15.234375
011          123  12.011719
1             13   1.269531



        count        pct
Arp2_3                  
010       587  57.324219
0         302  29.492188
110       120  11.718750
1          15   1.464844



     count        pct
CP                   
001    464  45.312500
0      438  42.773438
011    108  10.546875
1       14   1.367188



       count        pct
Cdc42                  
0        523  51.074219
1        501  48.925781



         count        pct
Cofilin                  
1          470  45.898438
0          289  28.222656
001        240  23.437500
011         17   1.660156
10           8   0.781250



         count        pct
Coronin                  
1          977  95.410156
10          24   2.343750
0           23   2.246094



           count        pct
Cortactin                  
100          587  57.324219
111100000    156  15.234375
0            146  14.257812
101          120  11.718750
1             15   1.464844



           count        pct
Dia1                       
0            574  56.054688
010          294  28.710938
110000011    156  15.234375



           count        pct
Dia2                       
1            501  48.925781
010          294  28.710938
110000011    156  15.234375
0             73   7.128906



          count        pct
Ena_Vasp                  
0           523  51.074219
1           501  48.925781



              count        pct
IRSp53_Cdc42                  
0               523  51.074219
1               501  48.925781



             count        pct
IRSp53_Rac1                  
100            587  57.324219
111100000      156  15.234375
0              146  14.257812
101            120  11.718750
1               15   1.464844



      count        pct
LIMK                  
0       977  95.410156
01       24   2.343750
1        23   2.246094



           count        pct
NET1                       
0            510  49.804688
101          294  28.710938
100001111    156  15.234375
001           64   6.250000



           count        pct
PAK                        
1            510  49.804688
100          294  28.710938
111100000    156  15.234375
101           64   6.250000



      count        pct
PIP2                  
1       533  52.050781
0       491  47.949219



     count    pct
PKD              
0     1024  100.0



           count        pct
Profilin                   
011          587  57.324219
111111001    156  15.234375
0            146  14.257812
1            135  13.183594



      count    pct
ROCK              
0      1024  100.0



           count        pct
ROS                        
100          587  57.324219
111100000    156  15.234375
0            146  14.257812
101          120  11.718750
1             15   1.464844



           count        pct
Rac1                       
001          587  57.324219
111000001    156  15.234375
0            146  14.257812
011          120  11.718750
1             15   1.464844



           count        pct
RhoA                       
0            574  56.054688
100          294  28.710938
100000111    156  15.234375



     count        pct
SSH                  
1      977  95.410156
01      24   2.343750
0       23   2.246094



          count        pct
Thymosin                  
0           470  45.898438
1           289  28.222656
011         240  23.437500
010          17   1.660156
10            8   0.781250



      count    pct
WASP              
0      1024  100.0



           count        pct
WAVE                       
110          587  57.324219
111110000    156  15.234375
0            146  14.257812
1            135  13.183594



