                    count        pct
Actin_BR Actin_ST                   
001      001          464  45.312500
0        111000000    156  15.234375
         0            146  14.257812
001      011          123  12.011719
011      0             64   6.250000
         001           44   4.296875
1        0             14   1.367188
011      1             12   1.171875
1        1              1   0.097656



                     count        pct
Rac1      RhoA                       
001       100          294  28.710938
          0            293  28.613281
111000001 100000111    156  15.234375
0         0            146  14.257812
011       0            120  11.718750
1         0             15   1.464844



