          count        pct
ARHGAP22                  
0           579  56.542969
100         276  26.953125
011110      157  15.332031
1            12   1.171875



          count        pct
Actin_BR                  
1           502  49.023438
100         276  26.953125
000010      157  15.332031
101          73   7.128906
0            16   1.562500



          count        pct
Actin_ST                  
0           506  49.414062
100         349  34.082031
001110      157  15.332031
1            12   1.171875



        count        pct
Arp2_3                  
1         502  49.023438
001       276  26.953125
000100    157  15.332031
011        73   7.128906
0          16   1.562500



        count        pct
CP                      
1         502  49.023438
100       276  26.953125
000010    157  15.332031
101        73   7.128906
0          16   1.562500



       count        pct
Cdc42                  
0        529  51.660156
1        495  48.339844



         count        pct
Cofilin                  
1          575  56.152344
100        203  19.824219
0          178  17.382812
000100      68   6.640625



         count    pct
Coronin              
0         1024  100.0



           count        pct
Cortactin                  
1            502  49.023438
010          276  26.953125
001000       157  15.332031
110           73   7.128906
0             16   1.562500



        count        pct
Dia1                    
0         579  56.542969
001       276  26.953125
111100    157  15.332031
1          12   1.171875



        count        pct
Dia2                    
1         507  49.511719
001       276  26.953125
111100    157  15.332031
0          84   8.203125



          count        pct
Ena_Vasp                  
1           794  77.539062
001111      157  15.332031
111010       68   6.640625
100           5   0.488281



              count        pct
IRSp53_Cdc42                  
0               529  51.660156
1               495  48.339844



             count        pct
IRSp53_Rac1                  
1              502  49.023438
010            276  26.953125
001000         157  15.332031
110             73   7.128906
0               16   1.562500



        count        pct
LIMK                    
0         575  56.152344
1         292  28.515625
011111    157  15.332031



        count        pct
NET1                    
0         506  49.414062
110       276  26.953125
111011    157  15.332031
100        73   7.128906
1          12   1.171875



        count        pct
PAK                     
1         506  49.414062
010       276  26.953125
001000    157  15.332031
110        73   7.128906
0          12   1.171875



      count    pct
PIP2              
0      1024  100.0



        count        pct
PKD                     
0         579  56.542969
100       276  26.953125
011110    157  15.332031
1          12   1.171875



          count        pct
Profilin                  
1           587  57.324219
101         276  26.953125
011110      157  15.332031
0             4   0.390625



        count        pct
ROCK                    
0         579  56.542969
001       276  26.953125
111100    157  15.332031
1          12   1.171875



        count        pct
ROS                     
1         502  49.023438
010       276  26.953125
001000    157  15.332031
110        73   7.128906
0          16   1.562500



        count        pct
Rac1                    
1         502  49.023438
100       276  26.953125
010000    157  15.332031
101        73   7.128906
0          16   1.562500



        count        pct
RhoA                    
0         579  56.542969
010       276  26.953125
111001    157  15.332031
1          12   1.171875



     count        pct
SSH                  
1      502  49.023438
0      449  43.847656
110     73   7.128906



          count        pct
Thymosin                  
0           778  75.976562
1           178  17.382812
01           68   6.640625



        count        pct
WASP                    
1         575  56.152344
011       203  19.824219
0         178  17.382812
010001     68   6.640625



        count        pct
WAVE                    
1         575  56.152344
011       276  26.953125
001100    157  15.332031
0          16   1.562500



