                   count        pct
Actin_BR Actin_ST                  
011      1           178  17.382812
100      1           160  15.625000
011      010         147  14.355469
0        0           142  13.867188
100      010         110  10.742188
1        0           103  10.058594
         1            64   6.250000
0        01           57   5.566406
         1            33   3.222656
100      101          30   2.929688



           count        pct
Rac1 RhoA                  
011  0       325  31.738281
100  0       300  29.296875
0    0       232  22.656250
1    0       167  16.308594



