          count        pct
ARHGAP22                  
0           679  66.308594
1           130  12.695312
010         116  11.328125
001111       99   9.667969



          count        pct
Actin_BR                  
110         263  25.683594
010         252  24.609375
0           235  22.949219
1           175  17.089844
000001       99   9.667969



          count        pct
Actin_ST                  
0           541  52.832031
1           341  33.300781
001111       51   4.980469
010001       48   4.687500
000001       31   3.027344
01            8   0.781250
010           4   0.390625



        count        pct
Arp2_3                  
101       263  25.683594
100       252  24.609375
0         235  22.949219
1         175  17.089844
000010     99   9.667969



        count        pct
CP                      
1         523  51.074219
0         467  45.605469
000010     31   3.027344
001         2   0.195312
01          1   0.097656



       count        pct
Cdc42                  
1        532  51.953125
0        492  48.046875



         count        pct
Cofilin                  
1          402  39.257812
0          367  35.839844
101        188  18.359375
010000      48   4.687500
01          15   1.464844
010          4   0.390625



         count        pct
Coronin                  
1          621  60.644531
0          375  36.621094
01          28   2.734375



           count        pct
Cortactin                  
011          263  25.683594
001          256  25.000000
0            227  22.167969
1            175  17.089844
000100        99   9.667969
100000111      4   0.390625



           count        pct
Dia1                       
0            816  79.687500
100          101   9.863281
011110        99   9.667969
1              4   0.390625
000011110      4   0.390625



      count    pct
Dia2              
0      1024  100.0



          count        pct
Ena_Vasp                  
1           805  78.613281
101011       79   7.714844
011111       51   4.980469
011          40   3.906250
0            30   2.929688
001111       14   1.367188
100           4   0.390625
01            1   0.097656



              count        pct
IRSp53_Cdc42                  
1               532  51.953125
0               492  48.046875



             count        pct
IRSp53_Rac1                  
011            263  25.683594
001            256  25.000000
0              227  22.167969
1              175  17.089844
000100          99   9.667969
100000111        4   0.390625



        count        pct
LIMK                    
0         621  60.644531
1         276  26.953125
101111     99   9.667969
10         28   2.734375



           count        pct
NET1                       
0            537  52.441406
011          195  19.042969
1            152  14.843750
111101        99   9.667969
010           37   3.613281
001111100      4   0.390625



           count        pct
PAK                        
1            537  52.441406
001          195  19.042969
0            152  14.843750
000100        99   9.667969
011           37   3.613281
100000111      4   0.390625



      count        pct
PIP2                  
0       523  51.074219
1       501  48.925781



        count        pct
PKD                     
0         679  66.308594
1         130  12.695312
010       116  11.328125
001111     99   9.667969



          count        pct
Profilin                  
1           595  58.105469
0           247  24.121094
011110       51   4.980469
100010       48   4.687500
011          44   4.296875
010          31   3.027344
10            8   0.781250



        count        pct
ROCK                    
0         679  66.308594
1         130  12.695312
100       116  11.328125
011110     99   9.667969



           count        pct
ROS                        
011          263  25.683594
001          256  25.000000
0            227  22.167969
1            175  17.089844
000100        99   9.667969
100000111      4   0.390625



           count        pct
Rac1                       
110          263  25.683594
010          256  25.000000
0            227  22.167969
1            175  17.089844
001000        99   9.667969
000001111      4   0.390625



           count        pct
RhoA                       
0            574  56.054688
001          195  19.042969
1            152  14.843750
111100        99   9.667969
000111100      4   0.390625



     count        pct
SSH                  
1      621  60.644531
0      375  36.621094
10      28   2.734375



          count        pct
Thymosin                  
0           658  64.257812
1           215  20.996094
10          130  12.695312
01           21   2.050781



        count        pct
WASP                    
1         592  57.812500
0         237  23.144531
10         82   8.007812
000101     48   4.687500
110        44   4.296875
01         21   2.050781



      count    pct
WAVE              
0      1024  100.0



