                    count        pct
Actin_BR Actin_ST                   
1        0            146  14.257812
101      001          138  13.476562
0        01           136  13.281250
001      001          125  12.207031
000100   01            98   9.570312
001      101           92   8.984375
1        1             80   7.812500
101      1             60   5.859375
001      1             45   4.394531
0        0             44   4.296875
         111000000     31   3.027344
                       29   2.832031



                     count        pct
Rac1      RhoA                       
1         0            226  22.070312
101       0            198  19.335938
001       100          178  17.382812
0         0            170  16.601562
100       010           98   9.570312
001       0             94   9.179688
111000001 100000111     31   3.027344
                        29   2.832031



