          count    pct
ARHGAP22              
0          1024  100.0



          count        pct
Actin_BR                  
1           477  46.582031
001         253  24.707031
0           222  21.679688
101          72   7.031250



          count        pct
Actin_ST                  
1           401  39.160156
0           386  37.695312
001         180  17.578125
10           57   5.566406



        count        pct
Arp2_3                  
1         477  46.582031
010       253  24.707031
0         222  21.679688
011        72   7.031250



     count        pct
CP                   
0      596  58.203125
1      248  24.218750
001    144  14.062500
101     36   3.515625



       count        pct
Cdc42                  
0        519  50.683594
1        505  49.316406



         count        pct
Cofilin                  
1          651  63.574219
0          177  17.285156
011        145  14.160156
01          51   4.980469



         count        pct
Coronin                  
1          816  79.687500
0          151  14.746094
01          57   5.566406



           count        pct
Cortactin                  
1            477  46.582031
100          253  24.707031
0            222  21.679688
110           72   7.031250



      count    pct
Dia1              
0      1024  100.0



      count    pct
Dia2              
0      1024  100.0



          count        pct
Ena_Vasp                  
1           716  69.921875
011         144  14.062500
0           115  11.230469
01           49   4.785156



              count        pct
IRSp53_Cdc42                  
0               519  50.683594
1               505  49.316406



             count        pct
IRSp53_Rac1                  
1              477  46.582031
100            253  24.707031
0              222  21.679688
110             72   7.031250



      count        pct
LIMK                  
0       996  97.265625
1        15   1.464844
10       13   1.269531



      count    pct
NET1              
0      1024  100.0



     count        pct
PAK                  
1      508  49.609375
100    253  24.707031
0      191  18.652344
110     72   7.031250



      count        pct
PIP2                  
0       534  52.148438
1       490  47.851562



     count    pct
PKD              
0     1024  100.0



          count        pct
Profilin                  
1           685  66.894531
011         144  14.062500
0           138  13.476562
01           57   5.566406



      count    pct
ROCK              
0      1024  100.0



     count        pct
ROS                  
1      477  46.582031
100    253  24.707031
0      222  21.679688
110     72   7.031250



      count        pct
Rac1                  
1       477  46.582031
001     253  24.707031
0       222  21.679688
101      72   7.031250



      count    pct
RhoA              
0      1024  100.0



     count        pct
SSH                  
1      816  79.687500
0      151  14.746094
10      57   5.566406



          count        pct
Thymosin                  
0           823  80.371094
1           107  10.449219
10           94   9.179688



      count        pct
WASP                  
1       674  65.820312
110     144  14.062500
0       138  13.476562
10       68   6.640625



      count        pct
WAVE                  
1       549  53.613281
110     253  24.707031
0       222  21.679688



