                   count        pct
Actin_BR Actin_ST                  
1        0           248  24.218750
         1           229  22.363281
001      001         144  14.062500
0        0           138  13.476562
001      1           109  10.644531
0        10           57   5.566406
101      1            36   3.515625
         001          36   3.515625
0        1            27   2.636719



           count        pct
Rac1 RhoA                  
1    0       477  46.582031
001  0       253  24.707031
0    0       222  21.679688
101  0        72   7.031250



