          count        pct
ARHGAP22                  
1           616  60.156250
0           118  11.523438
11011       113  11.035156
01111        58   5.664062
10110        45   4.394531
01110        30   2.929688
01011        26   2.539062
             17   1.660156
010           1   0.097656



            count        pct
Actin_BR                    
0             527  51.464844
1             232  22.656250
110            67   6.542969
0010100001     58   5.664062
01             47   4.589844
0010           27   2.636719
0110101001     26   2.539062
               17   1.660156
00000100        8   0.781250
000100          6   0.585938
001             5   0.488281
00001           4   0.390625



            count        pct
Actin_ST                    
1             618  60.351562
0             144  14.062500
1011111111     58   5.664062
01             47   4.589844
100            46   4.492188
10             27   2.636719
1010111111     26   2.539062
01111          18   1.757812
               17   1.660156
11010111        8   0.781250
110101          6   0.585938
10101           4   0.390625
011             4   0.390625
01111000        1   0.097656



            count        pct
Arp2_3                      
0             527  51.464844
1             232  22.656250
101            67   6.542969
0101000010     58   5.664062
10             47   4.589844
0100           27   2.636719
1101010010     26   2.539062
               17   1.660156
00001000        8   0.781250
001000          6   0.585938
010             5   0.488281
00010           4   0.390625



      count        pct
CP                    
0       739  72.167969
1       144  14.062500
01       47   4.589844
110      45   4.394531
0010     27   2.636719
         17   1.660156
001       5   0.488281



       count        pct
Cdc42                  
0        533  52.050781
1        474  46.289062
          17   1.660156



          count        pct
Cofilin                   
0           688  67.187500
1           125  12.207031
01111        63   6.152344
01           47   4.589844
0010         27   2.636719
101          22   2.148438
11010        21   2.050781
             17   1.660156
00010100      8   0.781250
000100        6   0.585938



         count        pct
Coronin                  
0          858  83.789062
1          118  11.523438
00100       30   2.929688
            17   1.660156
011          1   0.097656



           count        pct
Cortactin                  
0            616  60.156250
00001        113  11.035156
011           67   6.542969
00100         58   5.664062
01010         45   4.394531
1             32   3.125000
01100         30   2.929688
00101         26   2.539062
              17   1.660156
10010110       8   0.781250
110            6   0.585938
100            5   0.488281
01111000       1   0.097656



          count        pct
Dia1                      
1           517  50.488281
0           191  18.652344
11110        58   5.664062
11101        50   4.882812
01           47   4.589844
100          30   2.929688
1110         27   2.636719
10110        26   2.539062
01101        24   2.343750
             17   1.660156
011          16   1.562500
11100        12   1.171875
01011010      8   0.781250
11100001      1   0.097656



      count        pct
Dia2                  
1       958  93.554688
101      23   2.246094
0        20   1.953125
         17   1.660156
011       6   0.585938



          count        pct
Ena_Vasp                  
1          1000  97.656250
             17   1.660156
10            6   0.585938
101           1   0.097656



              count        pct
IRSp53_Cdc42                  
0               533  52.050781
1               474  46.289062
                 17   1.660156



             count        pct
IRSp53_Rac1                  
0             1007  98.339844
                17   1.660156



       count        pct
LIMK                   
1        858  83.789062
0        118  11.523438
11011     30   2.929688
          17   1.660156
100        1   0.097656



      count        pct
NET1                  
0       494  48.242188
1       484  47.265625
010      23   2.246094
         17   1.660156
100       6   0.585938



     count        pct
PAK                  
1      494  48.242188
0      484  47.265625
011     23   2.246094
        17   1.660156
110      6   0.585938



      count        pct
PIP2                  
0       535  52.246094
1       472  46.093750
         17   1.660156



       count        pct
PKD                    
1        616  60.156250
0        118  11.523438
11011    113  11.035156
01111     58   5.664062
10110     45   4.394531
01110     30   2.929688
01011     26   2.539062
          17   1.660156
010        1   0.097656



            count        pct
Profilin                    
1             812  79.296875
0111111111     58   5.664062
10             47   4.589844
0111           27   2.636719
0101111111     26   2.539062
11110          18   1.757812
               17   1.660156
10101111        8   0.781250
101111          6   0.585938
01011           4   0.390625
11110000        1   0.097656



       count        pct
ROCK                   
1        616  60.156250
0        118  11.523438
10111    113  11.035156
11110     58   5.664062
01101     45   4.394531
11100     30   2.929688
10110     26   2.539062
          17   1.660156
100        1   0.097656



          count        pct
ROS                       
0           616  60.156250
00001       113  11.035156
011          68   6.640625
00100        58   5.664062
01010        45   4.394531
1            32   3.125000
01100        30   2.929688
00101        26   2.539062
             17   1.660156
10010110      8   0.781250
110           6   0.585938
100           4   0.390625
01111000      1   0.097656



          count        pct
Rac1                      
0           616  60.156250
00010       113  11.035156
110          68   6.640625
01000        58   5.664062
10100        45   4.394531
1            32   3.125000
11000        30   2.929688
01010        26   2.539062
             17   1.660156
00101101      8   0.781250
101           6   0.585938
001           4   0.390625
11110000      1   0.097656



          count        pct
RhoA                      
1           616  60.156250
01111       113  11.035156
11101        58   5.664062
11010        45   4.394531
010          45   4.394531
0            32   3.125000
11001        30   2.929688
011          27   2.636719
01101        26   2.539062
             17   1.660156
10110100      8   0.781250
110           6   0.585938
11000011      1   0.097656



       count        pct
SSH                    
0        858  83.789062
1        118  11.523438
01000     30   2.929688
          17   1.660156
110        1   0.097656



          count        pct
Thymosin                  
0           398  38.867188
1           309  30.175781
10          288  28.125000
             17   1.660156
01           12   1.171875



      count        pct
WASP                  
1       397  38.769531
0       309  30.175781
10      288  28.125000
         17   1.660156
01       12   1.171875
011       1   0.097656



      count        pct
WAVE                  
0      1007  98.339844
         17   1.660156



