                                         count        pct
cycle_Actin_BR_norm cycle_Actin_ST_norm                  
0                   01101                  252  24.609375
                    1110                   248  24.218750
                    1                      213  20.800781
                    111110                 145  14.160156
                    11110                  122  11.914062
                    011000                  23   2.246094
                    01000                   21   2.050781



