                   count        pct
Actin_BR Actin_ST                  
1        1           466  45.507812
0        0           130  12.695312
100      100          95   9.277344
001      101001       59   5.761719
100      1            56   5.468750
000010   011110       51   4.980469
110      111101       35   3.417969
         1            32   3.125000
000010   1            31   3.027344
1        0            26   2.539062
000010   000011       14   1.367188
100      0            13   1.269531
         101           9   0.878906
0        1             4   0.390625
110      0             2   0.195312
         101           1   0.097656



               count        pct
Rac1   RhoA                    
1      0         492  48.046875
100    010       164  16.015625
0      1         106  10.351562
010000 111001     96   9.375000
110    0          70   6.835938
001    100        59   5.761719
0      0          28   2.734375
100    0           9   0.878906



