                       count        pct
Actin_BR   Actin_ST                    
0          1             545  53.222656
1          0             174  16.992188
           1             133  12.988281
0011010110 1111011111     45   4.394531
0100       01             33   3.222656
01         01             27   2.636719
11101      1111011111     24   2.343750
1101111001 1111011111     19   1.855469
0          11110          14   1.367188
00100      11110          10   0.976562



             count        pct
Rac1  RhoA                   
0     1        634  61.914062
00001 10111    158  15.429688
01001 10101     58   5.664062
01011 00101     49   4.785156
00110 01110     38   3.710938
01010 01101     24   2.343750
11101 10000     20   1.953125
01100 11100     19   1.855469
00111 00110     19   1.855469
1     0          5   0.488281



