          count        pct
ARHGAP22                  
1           462  45.117188
11110       175  17.089844
11011       148  14.453125
0           129  12.597656
11010        56   5.468750
01011        54   5.273438



          count    pct
Actin_BR              
0          1024  100.0



            count        pct
Actin_ST                    
0             313  30.566406
1             265  25.878906
01111         201  19.628906
01            128  12.500000
00011          45   4.394531
1100111101     28   2.734375
01111111       11   1.074219
00000011       11   1.074219
11100111        7   0.683594
11010111        6   0.585938
01011           5   0.488281
1101            3   0.292969
10010110        1   0.097656



        count    pct
Arp2_3              
0        1024  100.0



    count        pct
CP                  
1     526  51.367188
0     498  48.632812



       count        pct
Cdc42                  
0        531  51.855469
1        493  48.144531



         count    pct
Cofilin              
0         1024  100.0



         count        pct
Coronin                  
0          895  87.402344
1          129  12.597656



           count        pct
Cortactin                  
0            530  51.757812
01000        175  17.089844
00001        148  14.453125
01001         56   5.468750
00101         54   5.273438
00011110      41   4.003906
10010110      20   1.953125



          count        pct
Dia1                      
0           526  51.367188
11101       175  17.089844
10111       148  14.453125
10101        56   5.468750
10110        54   5.273438
01111000     41   4.003906
01011010     20   1.953125
1             4   0.390625



          count        pct
Dia2                      
1           530  51.757812
11101       229  22.363281
10111       204  19.921875
01111110     41   4.003906
11011110     20   1.953125



            count        pct
Ena_Vasp                    
1             837  81.738281
0111111111     80   7.812500
0              37   3.613281
1010111111     28   2.734375
11101          17   1.660156
10             16   1.562500
01101           9   0.878906



              count        pct
IRSp53_Cdc42                  
0               531  51.855469
1               493  48.144531



             count        pct
IRSp53_Rac1                  
0              530  51.757812
01000          175  17.089844
00001          148  14.453125
01001           56   5.468750
00101           54   5.273438
00011110        41   4.003906
10010110        20   1.953125



      count        pct
LIMK                  
1       895  87.402344
0       129  12.597656



      count    pct
NET1              
1      1024  100.0



     count    pct
PAK              
0     1024  100.0



      count        pct
PIP2                  
0       526  51.367188
1       498  48.632812



       count        pct
PKD                    
1        462  45.117188
11110    175  17.089844
11011    148  14.453125
0        129  12.597656
11010     56   5.468750
01011     54   5.273438



          count        pct
Profilin                  
0           313  30.566406
1           265  25.878906
11110       229  22.363281
10          128  12.500000
00110        36   3.515625
11111011     27   2.636719
11010        14   1.367188
00000110     10   0.976562
00101101      2   0.195312



       count        pct
ROCK                   
1        462  45.117188
11101    175  17.089844
10111    148  14.453125
0        129  12.597656
10101     56   5.468750
10110     54   5.273438



          count        pct
ROS                       
0           530  51.757812
01000       175  17.089844
00001       148  14.453125
01001        56   5.468750
00101        54   5.273438
00011110     41   4.003906
10010110     20   1.953125



          count        pct
Rac1                      
0           530  51.757812
10000       175  17.089844
00010       148  14.453125
10010        56   5.468750
01010        54   5.273438
00111100     41   4.003906
00101101     20   1.953125



          count        pct
RhoA                      
1           530  51.757812
11011       175  17.089844
01111       148  14.453125
01011        56   5.468750
01101        54   5.273438
11110000     41   4.003906
10110100     20   1.953125



     count        pct
SSH                  
0      895  87.402344
1      129  12.597656



          count        pct
Thymosin                  
1           375  36.621094
0           263  25.683594
10          229  22.363281
01          157  15.332031



      count        pct
WASP                  
0       375  36.621094
1       263  25.683594
10      229  22.363281
01      157  15.332031



          count        pct
WAVE                      
0           530  51.757812
01100       175  17.089844
10001       148  14.453125
11101        56   5.468750
10111        54   5.273438
00011111     41   4.003906
11011111     20   1.953125



