                   count        pct
Actin_BR Actin_ST                  
011      1           289  28.222656
1        1           194  18.945312
100      1           163  15.917969
000001   001111      106  10.351562
100      100110       70   6.835938
         010111       51   4.980469
000001   011111       45   4.394531
100      101          33   3.222656
000001   1            25   2.441406
0        0            20   1.953125
100      001          13   1.269531
0        10            7   0.683594
         1             7   0.683594
1        10            1   0.097656



               count        pct
Rac1   RhoA                    
011    0         289  28.222656
100    010       250  24.414062
1      0         195  19.042969
001000 111100    176  17.187500
100    0          80   7.812500
0      0          28   2.734375
       1           6   0.585938



