          count        pct
ARHGAP22                  
0           647  63.183594
011110      234  22.851562
010         136  13.281250
1             5   0.488281
              2   0.195312



          count        pct
Actin_BR                  
0           301  29.394531
1           183  17.871094
001         155  15.136719
001000      146  14.257812
011         139  13.574219
010          98   9.570312
              2   0.195312



           count        pct
Actin_ST                   
1            212  20.703125
10           166  16.210938
0            156  15.234375
001          139  13.574219
001111       113  11.035156
101111        69   6.738281
010000        67   6.542969
101           65   6.347656
010100        31   3.027344
100000011      4   0.390625
               2   0.195312



        count        pct
Arp2_3                  
0         301  29.394531
1         183  17.871094
010       155  15.136719
010000    146  14.257812
110       139  13.574219
100        98   9.570312
            2   0.195312



        count        pct
CP                      
0         602  58.789062
1         110  10.742188
001       110  10.742188
011       102   9.960938
010        67   6.542969
000010     31   3.027344
            2   0.195312



       count        pct
Cdc42                  
1        517  50.488281
0        505  49.316406
           2   0.195312



         count        pct
Cofilin                  
1          385  37.597656
0          360  35.156250
01         129  12.597656
010000      67   6.542969
110         54   5.273438
101000      25   2.441406
010          2   0.195312
             2   0.195312



         count        pct
Coronin                  
1          611  59.667969
0          388  37.890625
10          23   2.246094
             2   0.195312



           count        pct
Cortactin                  
001000       234  22.851562
1            183  17.871094
0            181  17.675781
100          158  15.429688
101          139  13.574219
001          123  12.011719
110000011      4   0.390625
               2   0.195312



           count        pct
Dia1                       
0            564  55.078125
111100       234  22.851562
100          123  12.011719
010           92   8.984375
1              5   0.488281
000001111      4   0.390625
               2   0.195312



      count        pct
Dia2                  
0      1022  99.804688
          2   0.195312



          count        pct
Ena_Vasp                  
1           667  65.136719
001111      113  11.035156
101011       98   9.570312
011111       69   6.738281
011          35   3.417969
01           25   2.441406
100           8   0.781250
0             7   0.683594
              2   0.195312



              count        pct
IRSp53_Cdc42                  
1               517  50.488281
0               505  49.316406
                  2   0.195312



             count        pct
IRSp53_Rac1                  
001000         234  22.851562
1              183  17.871094
0              181  17.675781
100            158  15.429688
101            139  13.574219
001            123  12.011719
110000011        4   0.390625
                 2   0.195312



        count        pct
LIMK                    
0         611  59.667969
011111    234  22.851562
1         154  15.039062
01         23   2.246094
            2   0.195312



           count        pct
NET1                       
0            542  52.929688
111011       234  22.851562
011          123  12.011719
101           92   8.984375
010           22   2.148438
1              5   0.488281
000111110      4   0.390625
               2   0.195312



           count        pct
PAK                        
1            542  52.929688
001000       234  22.851562
001          123  12.011719
100           92   8.984375
011           22   2.148438
0              5   0.488281
110000011      4   0.390625
               2   0.195312



      count        pct
PIP2                  
1       524  51.171875
0       498  48.632812
          2   0.195312



        count        pct
PKD                     
0         647  63.183594
011110    234  22.851562
010       136  13.281250
1           5   0.488281
            2   0.195312



           count        pct
Profilin                   
1            489  47.753906
01           141  13.769531
011110       113  11.035156
011111        69   6.738281
110010        67   6.542969
011101        56   5.468750
011           37   3.613281
0             35   3.417969
001           11   1.074219
100000111      4   0.390625
               2   0.195312



        count        pct
ROCK                    
0         647  63.183594
111100    234  22.851562
100       136  13.281250
1           5   0.488281
            2   0.195312



           count        pct
ROS                        
001000       234  22.851562
1            183  17.871094
0            181  17.675781
100          158  15.429688
101          139  13.574219
001          123  12.011719
110000011      4   0.390625
               2   0.195312



           count        pct
Rac1                       
010000       234  22.851562
1            183  17.871094
0            181  17.675781
001          158  15.429688
011          139  13.574219
010          123  12.011719
100000111      4   0.390625
               2   0.195312



           count        pct
RhoA                       
0            564  55.078125
111001       234  22.851562
001          123  12.011719
100           92   8.984375
1              5   0.488281
000011110      4   0.390625
               2   0.195312



     count        pct
SSH                  
1      611  59.667969
0      388  37.890625
01      23   2.246094
         2   0.195312



          count        pct
Thymosin                  
0           521  50.878906
01          192  18.750000
1           166  16.210938
10          143  13.964844
              2   0.195312



        count        pct
WASP                    
1         484  47.265625
10        268  26.171875
0         166  16.210938
000101     67   6.542969
110        37   3.613281
            2   0.195312



      count        pct
WAVE                  
0      1022  99.804688
          2   0.195312



