                    count        pct
Actin_BR Actin_ST                   
0        10           141  13.769531
         001111       113  11.035156
1        0            110  10.742188
011      001          102   9.960938
1        1             73   7.128906
001000   101111        69   6.738281
010      010000        67   6.542969
001      101           65   6.347656
001000   1             52   5.078125
001      1             45   4.394531
0        0             38   3.710938
001      001           37   3.613281
011      1             37   3.613281
010      010100        31   3.027344
001000   10            25   2.441406
001      0              8   0.781250
0        1              5   0.488281
         100000011      4   0.390625
                        2   0.195312



                     count        pct
Rac1      RhoA                       
010000    111001       234  22.851562
1         0            183  17.871094
0         0            176  17.187500
011       0            139  13.574219
010       001          123  12.011719
001       100           92   8.984375
          0             66   6.445312
0         1              5   0.488281
100000111 000011110      4   0.390625
                         2   0.195312



