          count        pct
ARHGAP22                  
1           611  59.667969
0           103  10.058594
11110        94   9.179688
11101        75   7.324219
10101        45   4.394531
             36   3.515625
01101        27   2.636719
01110        23   2.246094
100          10   0.976562



            count        pct
Actin_BR                    
0             549  53.613281
1             170  16.601562
0010010100     75   7.324219
01             71   6.933594
101            38   3.710938
0100           36   3.515625
               36   3.515625
1010100101     27   2.636719
00000001        9   0.878906
00100           7   0.683594
001             5   0.488281
001000          1   0.097656



            count        pct
Actin_ST                    
1             598  58.398438
01            107  10.449219
1111011111     75   7.324219
0              74   7.226562
               36   3.515625
001            30   2.929688
1011111110     27   2.636719
01111          24   2.343750
10101111       17   1.660156
000111100      15   1.464844
10110           7   0.683594
110101          6   0.585938
011             3   0.292969
00001111        3   0.292969
00101101        2   0.195312



            count        pct
Arp2_3                      
0             549  53.613281
1             170  16.601562
0100101000     75   7.324219
10             71   6.933594
011            38   3.710938
1000           36   3.515625
               36   3.515625
0101001011     27   2.636719
00000010        9   0.878906
01000           7   0.683594
010             5   0.488281
010000          1   0.097656



      count        pct
CP                    
0       783  76.464844
1        74   7.226562
01       71   6.933594
0100     36   3.515625
         36   3.515625
101      21   2.050781
001       3   0.292969



       count        pct
Cdc42                  
0        501  48.925781
1        487  47.558594
          36   3.515625



         count        pct
Cofilin                  
0          988  96.484375
            36   3.515625



         count        pct
Coronin                  
0          852  83.203125
1          103  10.058594
            36   3.515625
00100       23   2.246094
110         10   0.976562



           count        pct
Cortactin                  
0            611  59.667969
01000         94   9.179688
10000         75   7.324219
10010         45   4.394531
110           44   4.296875
              36   3.515625
10100         27   2.636719
01100         23   2.246094
1             18   1.757812
000111110     15   1.464844
100           13   1.269531
10100101      11   1.074219
00001111      11   1.074219
101            1   0.097656



           count        pct
Dia1                       
1            495  48.339844
0            101   9.863281
11011         75   7.324219
01            71   6.933594
11101         61   5.957031
1101          36   3.515625
              36   3.515625
11010         27   2.636719
01011         27   2.636719
010           24   2.343750
011           21   2.050781
011111000     15   1.464844
11100         13   1.269531
10010110      11   1.074219
00111100      11   1.074219



           count        pct
Dia2                       
1            935  91.308594
              36   3.515625
110           23   2.246094
011111000     15   1.464844
0              9   0.878906
011            6   0.585938



          count        pct
Ena_Vasp                  
1           958  93.554688
             36   3.515625
0            21   2.050781
111010        5   0.488281
010           3   0.292969
01            1   0.097656



              count        pct
IRSp53_Cdc42                  
0               501  48.925781
1               487  47.558594
                 36   3.515625



             count        pct
IRSp53_Rac1                  
0              611  59.667969
01000           94   9.179688
10000           75   7.324219
110             55   5.371094
10010           45   4.394531
                36   3.515625
10100           27   2.636719
01100           23   2.246094
1               18   1.757812
000111110       15   1.464844
10100101        11   1.074219
00001111        11   1.074219
100              3   0.292969



       count        pct
LIMK                   
1        852  83.203125
0        103  10.058594
          36   3.515625
11011     23   2.246094
001       10   0.976562



           count        pct
NET1                       
0            496  48.437500
1            448  43.750000
              36   3.515625
001           23   2.246094
111100000     15   1.464844
100            6   0.585938



           count        pct
PAK                        
1            496  48.437500
0            448  43.750000
              36   3.515625
101           23   2.246094
000111110     15   1.464844
110            6   0.585938



      count        pct
PIP2                  
0       504  49.218750
1       484  47.265625
         36   3.515625



       count        pct
PKD                    
1        611  59.667969
0        103  10.058594
11110     94   9.179688
11101     75   7.324219
10101     45   4.394531
          36   3.515625
01101     27   2.636719
01110     23   2.246094
100       10   0.976562



            count        pct
Profilin                    
1             696  67.968750
1110111111     75   7.324219
10             71   6.933594
1110           36   3.515625
               36   3.515625
0111111101     27   2.636719
11110          24   2.343750
01011111       17   1.660156
001111100      15   1.464844
101             9   0.878906
01101           7   0.683594
101111          6   0.585938
00011110        3   0.292969
01011010        2   0.195312



       count        pct
ROCK                   
1        611  59.667969
0        103  10.058594
11101     94   9.179688
11011     75   7.324219
01011     45   4.394531
          36   3.515625
11010     27   2.636719
11100     23   2.246094
001       10   0.976562



           count        pct
ROS                        
0            611  59.667969
01000         94   9.179688
10000         75   7.324219
110           55   5.371094
10010         45   4.394531
              36   3.515625
10100         27   2.636719
01100         23   2.246094
1             18   1.757812
000111110     15   1.464844
10100101      11   1.074219
00001111      11   1.074219
100            3   0.292969



           count        pct
Rac1                       
0            611  59.667969
10000         94   9.179688
00001         75   7.324219
101           55   5.371094
00101         45   4.394531
              36   3.515625
01001         27   2.636719
11000         23   2.246094
1             18   1.757812
001111100     15   1.464844
01001011      11   1.074219
00011110      11   1.074219
001            3   0.292969



           count        pct
RhoA                       
1            611  59.667969
11011         94   9.179688
10111         75   7.324219
10110         45   4.394531
              36   3.515625
10101         27   2.636719
101           26   2.539062
100           26   2.539062
11001         23   2.246094
0             18   1.757812
111110000     15   1.464844
01111000      11   1.074219
00101101      11   1.074219
110            6   0.585938



       count        pct
SSH                    
0        852  83.203125
1        103  10.058594
          36   3.515625
01000     23   2.246094
101       10   0.976562



          count        pct
Thymosin                  
1           326  31.835938
01          304  29.687500
0           297  29.003906
10           61   5.957031
             36   3.515625



      count        pct
WASP                  
0       326  31.835938
01      304  29.687500
1       297  29.003906
10       61   5.957031
         36   3.515625



      count        pct
WAVE                  
0       988  96.484375
         36   3.515625



