                       count        pct
Actin_BR   Actin_ST                    
0          1             483  47.167969
1          1              96   9.375000
0010010100 1111011111     75   7.324219
1          0              74   7.226562
01         01             71   6.933594
                          36   3.515625
0100       01             36   3.515625
1010100101 1011111110     27   2.636719
0          01111          24   2.343750
101        001            21   2.050781
           1              17   1.660156
0          000111100      15   1.464844
00000001   10101111        9   0.878906
0          001             9   0.878906
           10101111        8   0.781250
00100      10110           7   0.683594
0          110101          5   0.488281
           00001111        3   0.292969
001        011             3   0.292969
           1               2   0.195312
0          00101101        2   0.195312
001000     110101          1   0.097656



                     count        pct
Rac1      RhoA                       
0         1            611  59.667969
10000     11011         94   9.179688
00001     10111         75   7.324219
00101     10110         45   4.394531
                        36   3.515625
01001     10101         27   2.636719
101       100           26   2.539062
11000     11001         23   2.246094
101       101           23   2.246094
1         0             18   1.757812
001111100 111110000     15   1.464844
01001011  00101101      11   1.074219
00011110  01111000      11   1.074219
101       110            6   0.585938
001       101            3   0.292969



