                   count        pct
Actin_BR Actin_ST                  
1        1           489  47.753906
100      0           139  13.574219
0        0           132  12.890625
100      1            65   6.347656
001      000101       50   4.882812
101      011          43   4.199219
0        1            32   3.125000
1        0            30   2.929688
101      011111       23   2.246094
         1            21   2.050781



           count        pct
Rac1 RhoA                  
1    0       519  50.683594
100  0       204  19.921875
0    0       164  16.015625
101  0        87   8.496094
001  0        50   4.882812



