          count        pct
ARHGAP22                  
1           540  52.734375
10111       174  16.992188
01111       123  12.011719
0            69   6.738281
11010        49   4.785156
01011        49   4.785156
             15   1.464844
010           5   0.488281



          count        pct
Actin_BR                  
0          1009  98.535156
             15   1.464844



            count        pct
Actin_ST                    
1             760  74.218750
1111101111    172  16.796875
11011          41   4.003906
111111110      16   1.562500
               15   1.464844
11111011       12   1.171875
111100000       3   0.292969
110             3   0.292969
11101101        2   0.195312



        count        pct
Arp2_3                  
0        1009  98.535156
           15   1.464844



    count        pct
CP                  
0    1009  98.535156
       15   1.464844



       count        pct
Cdc42                  
1        514  50.195312
0        495  48.339844
          15   1.464844



           count        pct
Cofilin                    
0            945  92.285156
1             42   4.101562
              15   1.464844
00001010      12   1.171875
111100000      5   0.488281
01001011       3   0.292969
11100001       2   0.195312



         count        pct
Coronin                  
0          935  91.308594
1           69   6.738281
            15   1.464844
011          5   0.488281



           count        pct
Cortactin                  
0            540  52.734375
00010        174  16.992188
00100        123  12.011719
01001         49   4.785156
00101         49   4.785156
111110000     24   2.343750
00011110      24   2.343750
00101101      21   2.050781
              15   1.464844
010            5   0.488281



           count        pct
Dia1                       
1            540  52.734375
01111        174  16.992188
11110        123  12.011719
10110         49   4.785156
10101         49   4.785156
111000011     24   2.343750
01111000      24   2.343750
10110100      21   2.050781
              15   1.464844
101            5   0.488281



           count        pct
Dia2                       
1            980  95.703125
111000011     24   2.343750
              15   1.464844
101            5   0.488281



           count        pct
Ena_Vasp                   
1            987  96.386719
011111100     16   1.562500
              15   1.464844
001            3   0.292969
0              3   0.292969



              count        pct
IRSp53_Cdc42                  
1               514  50.195312
0               495  48.339844
                 15   1.464844



             count        pct
IRSp53_Rac1                  
0             1009  98.535156
                15   1.464844



      count        pct
LIMK                  
1       935  91.308594
0        69   6.738281
         15   1.464844
100       5   0.488281



           count        pct
NET1                       
0            514  50.195312
1            466  45.507812
100000111     24   2.343750
              15   1.464844
010            5   0.488281



           count        pct
PAK                        
1            514  50.195312
0            466  45.507812
111110000     24   2.343750
              15   1.464844
011            5   0.488281



      count        pct
PIP2                  
0       516  50.390625
1       493  48.144531
         15   1.464844



       count        pct
PKD                    
1        540  52.734375
10111    174  16.992188
01111    123  12.011719
0         69   6.738281
11010     49   4.785156
01011     49   4.785156
          15   1.464844
010        5   0.488281



            count        pct
Profilin                    
1             763  74.511719
1111011111    172  16.796875
10111          41   4.003906
111111101      16   1.562500
               15   1.464844
11110111       12   1.171875
111111001       3   0.292969
11011011        2   0.195312



       count        pct
ROCK                   
1        540  52.734375
01111    174  16.992188
11110    123  12.011719
0         69   6.738281
10110     49   4.785156
10101     49   4.785156
          15   1.464844
100        5   0.488281



           count        pct
ROS                        
0            540  52.734375
00010        174  16.992188
00100        123  12.011719
01001         49   4.785156
00101         49   4.785156
111110000     24   2.343750
00011110      24   2.343750
00101101      21   2.050781
              15   1.464844
011            5   0.488281



           count        pct
Rac1                       
0            540  52.734375
00100        174  16.992188
01000        123  12.011719
10010         49   4.785156
01010         49   4.785156
111100001     24   2.343750
00111100      24   2.343750
01011010      21   2.050781
              15   1.464844
110            5   0.488281



           count        pct
RhoA                       
1            540  52.734375
11110        174  16.992188
11101        123  12.011719
01101         49   4.785156
01011         49   4.785156
11110000      24   2.343750
110000111     24   2.343750
01101001      21   2.050781
              15   1.464844
011            5   0.488281



     count        pct
SSH                  
0      935  91.308594
1       69   6.738281
        15   1.464844
110      5   0.488281



          count        pct
Thymosin                  
0           369  36.035156
1           299  29.199219
10          184  17.968750
01          157  15.332031
             15   1.464844



           count        pct
WASP                       
1            353  34.472656
0            299  29.199219
10           184  17.968750
01           157  15.332031
111111000     16   1.562500
              15   1.464844



           count        pct
WAVE                       
0            540  52.734375
00010        174  16.992188
00100        123  12.011719
01001         49   4.785156
00101         49   4.785156
111110000     24   2.343750
00011110      24   2.343750
00101101      21   2.050781
              15   1.464844
011            5   0.488281



