                                         count        pct
cycle_Actin_BR_norm cycle_Actin_ST_norm                  
0                   0                      237  23.144531
1                   1                      215  20.996094
                    0                      189  18.457031
0                   1                      132  12.890625
0100                1101                    35   3.417969
                    0001                    32   3.125000
0011                1101                    23   2.246094
01                  10                      23   2.246094
                    1101                    22   2.148438
                    01                      22   2.148438
011                 0                       17   1.660156
1110                0                       15   1.464844
0011                10                      15   1.464844
1110                1                       15   1.464844
0100                10                      12   1.171875
0                   111011                  10   0.976562
                    11101                    8   0.781250
                    00010                    2   0.195312



