                                         count        pct
cycle_Actin_BR_norm cycle_Actin_ST_norm                  
011                 101                    199  19.433594
1                   1                      188  18.359375
011                 1                      188  18.359375
100                 1                      152  14.843750
0                   0                      132  12.890625
100                 0                      113  11.035156
                    001                     32   3.125000
0                   1                       11   1.074219
                    01                       8   0.781250
1                   0                        1   0.097656



