          count        pct
ARHGAP22                  
1          1332  65.039062
0           355  17.333984
11101       164   8.007812
01110        75   3.662109
01011        64   3.125000
00011        43   2.099609
001          15   0.732422



          count        pct
Actin_BR                  
0           954  46.582031
1           731  35.693359
01          256  12.500000
101          63   3.076172
100          44   2.148438



          count        pct
Actin_ST                  
0          1564  76.367188
01          256  12.500000
00100       164   8.007812
01001        64   3.125000



        count        pct
Arp2_3                  
0         954  46.582031
1         731  35.693359
10        256  12.500000
011        63   3.076172
001        44   2.148438



    count    pct
CP              
1    2048  100.0



       count        pct
Cdc42                  
0       1028  50.195312
1       1020  49.804688



         count        pct
Cofilin                  
0          938  45.800781
1          626  30.566406
01         256  12.500000
10111      164   8.007812
01101       64   3.125000



         count        pct
Coronin                  
0         1560  76.171875
1          355  17.333984
00100       75   3.662109
00011       43   2.099609
101         15   0.732422



           count        pct
Cortactin                  
0           1348  65.820312
1            247  12.060547
10000        164   8.007812
01100        118   5.761719
00101         64   3.125000
010           59   2.880859
110           48   2.343750



      count    pct
Dia1              
0      2048  100.0



       count        pct
Dia2                   
1       1702  83.105469
11011    228  11.132812
11100    118   5.761719



          count    pct
Ena_Vasp              
0          2048  100.0



              count        pct
IRSp53_Cdc42                  
0              1028  50.195312
1              1020  49.804688



             count        pct
IRSp53_Rac1                  
0             1348  65.820312
1              247  12.060547
10000          164   8.007812
01100           75   3.662109
00101           64   3.125000
110             63   3.076172
010             44   2.148438
00111           43   2.099609



       count        pct
LIMK                   
1       1560  76.171875
0        355  17.333984
11011     75   3.662109
11100     43   2.099609
010       15   0.732422



      count        pct
NET1                  
0      1037  50.634766
1       904  44.140625
100      63   3.076172
110      44   2.148438



     count        pct
PAK                  
1     1037  50.634766
0      904  44.140625
110     63   3.076172
010     44   2.148438



      count    pct
PIP2              
0      2048  100.0



       count        pct
PKD                    
1       1332  65.039062
0        355  17.333984
11101    164   8.007812
01110     75   3.662109
01011     64   3.125000
00011     43   2.099609
001       15   0.732422



          count        pct
Profilin                  
0           952  46.484375
1           796  38.867188
10          256  12.500000
101          44   2.148438



       count        pct
ROCK                   
1       1332  65.039062
0        355  17.333984
11011    164   8.007812
11100     75   3.662109
10110     64   3.125000
00110     43   2.099609
010       15   0.732422



       count        pct
ROS                    
0       1348  65.820312
1        247  12.060547
10000    164   8.007812
01100     75   3.662109
00101     64   3.125000
110       63   3.076172
010       44   2.148438
00111     43   2.099609



       count        pct
Rac1                   
0       1348  65.820312
1        247  12.060547
00001    164   8.007812
11000     75   3.662109
01010     64   3.125000
101       63   3.076172
100       44   2.148438
01110     43   2.099609



       count        pct
RhoA                   
1       1392  67.968750
0        247  12.060547
10111    164   8.007812
11001     75   3.662109
01101     64   3.125000
110       63   3.076172
01100     43   2.099609



       count        pct
SSH                    
0       1560  76.171875
1        355  17.333984
01000     75   3.662109
00110     43   2.099609
011       15   0.732422



          count        pct
Thymosin                  
1           938  45.800781
0           854  41.699219
01          256  12.500000



      count        pct
WASP                  
0       952  46.484375
1       781  38.134766
01      256  12.500000
011      59   2.880859



       count        pct
WAVE                   
0       1348  65.820312
1        310  15.136719
11000    164   8.007812
10111    107   5.224609
01110     75   3.662109
011       44   2.148438



