          count    pct
ARHGAP22              
0          1024  100.0



          count        pct
Actin_BR                  
1           499  48.730469
100         232  22.656250
0           216  21.093750
110          77   7.519531



          count        pct
Actin_ST                  
1           499  48.730469
0           445  43.457031
101          77   7.519531
10            3   0.292969



        count        pct
Arp2_3                  
1         499  48.730469
001       232  22.656250
0         216  21.093750
101        77   7.519531



    count    pct
CP              
1    1024  100.0



       count        pct
Cdc42                  
1        513  50.097656
0        511  49.902344



         count        pct
Cofilin                  
1          816  79.687500
0          154  15.039062
01          54   5.273438



         count        pct
Coronin                  
1          816  79.687500
0          148  14.453125
01          60   5.859375



           count        pct
Cortactin                  
1            499  48.730469
010          232  22.656250
0            216  21.093750
011           77   7.519531



      count    pct
Dia1              
0      1024  100.0



      count        pct
Dia2                  
1       499  48.730469
010     232  22.656250
0       216  21.093750
011      77   7.519531



          count        pct
Ena_Vasp                  
1           598  58.398438
101         232  22.656250
0           194  18.945312



              count        pct
IRSp53_Cdc42                  
1               513  50.097656
0               511  49.902344



             count        pct
IRSp53_Rac1                  
1              499  48.730469
010            232  22.656250
0              216  21.093750
011             77   7.519531



      count        pct
LIMK                  
0      1003  97.949219
1        12   1.171875
10        9   0.878906



      count    pct
NET1              
0      1024  100.0



     count        pct
PAK                  
1      521  50.878906
010    232  22.656250
0      194  18.945312
011     77   7.519531



      count    pct
PIP2              
0      1024  100.0



     count    pct
PKD              
0     1024  100.0



          count        pct
Profilin                  
1           577  56.347656
101         232  22.656250
0           212  20.703125
01            3   0.292969



      count    pct
ROCK              
0      1024  100.0



     count        pct
ROS                  
1      499  48.730469
010    232  22.656250
0      216  21.093750
011     77   7.519531



      count        pct
Rac1                  
1       499  48.730469
100     232  22.656250
0       216  21.093750
110      77   7.519531



      count    pct
RhoA              
0      1024  100.0



     count        pct
SSH                  
1      816  79.687500
0      148  14.453125
10      60   5.859375



          count        pct
Thymosin                  
0           816  79.687500
1           154  15.039062
01           54   5.273438



      count        pct
WASP                  
1       577  56.347656
011     232  22.656250
0       212  20.703125
10        3   0.292969



      count       pct
WAVE                 
1       576  56.25000
011     232  22.65625
0       216  21.09375



