                   count        pct
Actin_BR Actin_ST                  
1        1           219  21.386719
0        0           146  14.257812
110      1           139  13.574219
001      100          99   9.667969
010      011          73   7.128906
         001101       64   6.250000
         111011       60   5.859375
001      1            50   4.882812
         0            42   4.101562
110      111011       41   4.003906
000001   1            21   2.050781
         100111       18   1.757812
0        10           13   1.269531
000001   001000       10   0.976562
001      101           9   0.878906
110      0             9   0.878906
000001   001110        9   0.878906
1        0             1   0.097656
0        1             1   0.097656



               count        pct
Rac1   RhoA                    
1      0         220  21.484375
110    0         189  18.457031
001    100       168  16.406250
010    0         133  12.988281
0      1         109  10.644531
010    100        64   6.250000
001000 111100     58   5.664062
0      0          51   4.980469
001    0          32   3.125000



