          count        pct
ARHGAP22                  
1           700  68.359375
0           168  16.406250
11011        79   7.714844
01110        39   3.808594
11010        27   2.636719
01100         9   0.878906
001           2   0.195312



          count        pct
Actin_BR                  
0           496  48.437500
1           314  30.664062
01          165  16.113281
011          32   3.125000
100          17   1.660156



          count        pct
Actin_ST                  
0           465  45.410156
01          290  28.320312
1           240  23.437500
010          29   2.832031



        count        pct
Arp2_3                  
0         496  48.437500
1         314  30.664062
10        165  16.113281
110        32   3.125000
001        17   1.660156



     count        pct
CP                   
0      750  73.242188
1      181  17.675781
01      64   6.250000
011     18   1.757812
100     11   1.074219



       count        pct
Cdc42                  
0        514  50.195312
1        510  49.804688



         count        pct
Cofilin                  
0          663  64.746094
1          209  20.410156
01          70   6.835938
11110       43   4.199219
110         20   1.953125
11010       16   1.562500
11000        3   0.292969



         count        pct
Coronin                  
0          806  78.710938
1          168  16.406250
00100       39   3.808594
01100        9   0.878906
101          2   0.195312



           count        pct
Cortactin                  
0            712  69.531250
1            109  10.644531
00001         79   7.714844
01100         48   4.687500
101           30   2.929688
01001         27   2.636719
010           19   1.855469



      count    pct
Dia1              
0      1024  100.0



      count        pct
Dia2                  
1       987  96.386719
110      32   3.125000
0         5   0.488281



          count        pct
Ena_Vasp                  
1          1004  98.046875
101          12   1.171875
10            6   0.585938
0             2   0.195312



              count        pct
IRSp53_Cdc42                  
0               514  50.195312
1               510  49.804688



             count        pct
IRSp53_Rac1                  
0              712  69.531250
1              109  10.644531
00001           79   7.714844
01100           39   3.808594
101             32   3.125000
01001           27   2.636719
010             17   1.660156
11100            9   0.878906



       count        pct
LIMK                   
1        806  78.710938
0        168  16.406250
11011     39   3.808594
10011      9   0.878906
010        2   0.195312



      count        pct
NET1                  
0       515  50.292969
1       460  44.921875
001      32   3.125000
110      17   1.660156



     count        pct
PAK                  
1      515  50.292969
0      460  44.921875
101     32   3.125000
010     17   1.660156



      count        pct
PIP2                  
1       526  51.367188
0       498  48.632812



       count        pct
PKD                    
1        700  68.359375
0        168  16.406250
11011     79   7.714844
01110     39   3.808594
11010     27   2.636719
01100      9   0.878906
001        2   0.195312



          count        pct
Profilin                  
1           443  43.261719
10          290  28.320312
0           280  27.343750
101          11   1.074219



       count        pct
ROCK                   
1        700  68.359375
0        168  16.406250
10111     79   7.714844
11100     39   3.808594
10101     27   2.636719
11000      9   0.878906
010        2   0.195312



       count        pct
ROS                    
0        712  69.531250
1        109  10.644531
00001     79   7.714844
01100     39   3.808594
101       32   3.125000
01001     27   2.636719
010       17   1.660156
11100      9   0.878906



       count        pct
Rac1                   
0        712  69.531250
1        109  10.644531
00010     79   7.714844
11000     39   3.808594
011       32   3.125000
10010     27   2.636719
100       17   1.660156
11001      9   0.878906



       count        pct
RhoA                   
1        729  71.191406
0        109  10.644531
01111     79   7.714844
11001     39   3.808594
101       32   3.125000
01011     27   2.636719
10001      9   0.878906



       count        pct
SSH                    
0        806  78.710938
1        168  16.406250
01000     39   3.808594
11000      9   0.878906
011        2   0.195312



          count        pct
Thymosin                  
0           452  44.140625
01          294  28.710938
1           278  27.148438



      count        pct
WASP                  
1       438  42.773438
01      294  28.710938
0       280  27.343750
011      12   1.171875



       count        pct
WAVE                   
0        712  69.531250
1        141  13.769531
10001     79   7.714844
01110     39   3.808594
11110     36   3.515625
011       17   1.660156



