                   count        pct
Actin_BR Actin_ST                  
0        0           280  27.343750
1        0           185  18.066406
01       01          165  16.113281
1        1           129  12.597656
0        01          125  12.207031
         1            91   8.886719
011      010          18   1.757812
         1            14   1.367188
100      010          11   1.074219
         1             6   0.585938



             count        pct
Rac1  RhoA                   
0     1        712  69.531250
1     0        109  10.644531
00010 01111     79   7.714844
11000 11001     39   3.808594
011   101       32   3.125000
10010 01011     27   2.636719
100   1         17   1.660156
11001 10001      9   0.878906



