                       count        pct
Actin_BR   Actin_ST                    
1          0             134  13.085938
           1             119  11.621094
011        1             114  11.132812
           010           100   9.765625
100        101            87   8.496094
000100     011101         75   7.324219
           011111         37   3.613281
011        000011         37   3.613281
000100     1              33   3.222656
0          0              30   2.929688
001010     001010         30   2.929688
010        1              27   2.636719
           011111         24   2.343750
0010000000 0010011001     21   2.050781
010011     1              17   1.660156
100        1              17   1.660156
011        001000         15   1.464844
010        011001         14   1.367188
0          1              14   1.367188
010011     010            14   1.367188
100        010            12   1.171875
0          01              9   0.878906
001010     011001          7   0.683594
0010000000 0100100010      7   0.683594
001010     011111          6   0.585938
010011     101             5   0.488281
001010     101             5   0.488281
01         1               4   0.390625
           0               3   0.292969
1000       1011            3   0.292969
001010     1               1   0.097656
01         01              1   0.097656
1000       0001            1   0.097656
0          0011110000      1   0.097656



                       count        pct
Rac1       RhoA                        
1          0             253  24.707031
011        0             169  16.503906
100000     111011        145  14.160156
011        100           104  10.156250
100        011            88   8.593750
010001     110101         49   4.785156
011010     101100         36   3.515625
0          0              33   3.222656
010        0              31   3.027344
100        0              28   2.734375
010        101            27   2.636719
0011011001 1101100100     21   2.050781
0          1              14   1.367188
01         01             10   0.976562
10         10              8   0.781250
1110100010 1010001011      7   0.683594
0111110000 1111000001      1   0.097656



