          count        pct
ARHGAP22                  
0          2033  99.267578
             15   0.732422



            count        pct
Actin_BR                    
1            1024  50.000000
011           410  20.019531
001           278  13.574219
110           161   7.861328
0             148   7.226562
               15   0.732422
0011001001      7   0.341797
011010          5   0.244141



            count        pct
Actin_ST                    
1            1489  72.705078
101           272  13.281250
0             196   9.570312
100            55   2.685547
               15   0.732422
1001100000      7   0.341797
111101          5   0.244141
000011          5   0.244141
10              4   0.195312



            count        pct
Arp2_3                      
1            1024  50.000000
110           410  20.019531
010           278  13.574219
101           161   7.861328
0             148   7.226562
               15   0.732422
0110010010      7   0.341797
110100          5   0.244141



            count        pct
CP                          
1            1071  52.294922
0             709  34.619141
01            151   7.373047
001000         59   2.880859
001            20   0.976562
000101         16   0.781250
               15   0.732422
0011001001      7   0.341797



       count        pct
Cdc42                  
1       1022  49.902344
0       1011  49.365234
          15   0.732422



         count        pct
Cofilin                  
0         2033  99.267578
            15   0.732422



         count        pct
Coronin                  
1         1245  60.791016
0          625  30.517578
100        124   6.054688
001         30   1.464844
            15   0.732422
000110       5   0.244141
011          4   0.195312



            count        pct
Cortactin                   
1            1024  50.000000
100           305  14.892578
101           286  13.964844
0             148   7.226562
001           130   6.347656
011           128   6.250000
               15   0.732422
1101100100      7   0.341797
001100          5   0.244141



            count        pct
Dia1                        
0            1740  84.960938
001            92   4.492188
110010         75   3.662109
101            59   2.880859
010            55   2.685547
               15   0.732422
0110010011      7   0.341797
001100          5   0.244141



            count        pct
Dia2                        
1            1697  82.861328
101           259  12.646484
011            65   3.173828
               15   0.732422
1111110111      7   0.341797
001111          5   0.244141



          count        pct
Ena_Vasp                  
1          1625  79.345703
01          187   9.130859
101111      131   6.396484
0            65   3.173828
101          24   1.171875
             15   0.732422
101011        1   0.048828



              count        pct
IRSp53_Cdc42                  
1              1022  49.902344
0              1011  49.365234
                 15   0.732422



             count        pct
IRSp53_Rac1                  
1             1024  50.000000
101            411  20.068359
100            277  13.525391
011            161   7.861328
0              148   7.226562
                15   0.732422
1101100100       7   0.341797
001111           5   0.244141



        count        pct
LIMK                    
0        1245  60.791016
1         625  30.517578
011       124   6.054688
110        30   1.464844
           15   0.732422
111001      5   0.244141
100         4   0.195312



            count        pct
NET1                        
0            1377  67.236328
101           242  11.816406
001           157   7.666016
010           126   6.152344
1             124   6.054688
               15   0.732422
1001001101      7   0.341797



            count        pct
PAK                         
1            1377  67.236328
100           242  11.816406
101           157   7.666016
011           126   6.152344
0             124   6.054688
               15   0.732422
1101100100      7   0.341797



      count        pct
PIP2                  
0      1041  50.830078
1       992  48.437500
         15   0.732422



        count        pct
PKD                     
0        1245  60.791016
1         356  17.382812
110       138   6.738281
011       131   6.396484
100       125   6.103516
001        33   1.611328
           15   0.732422
000110      5   0.244141



            count        pct
Profilin                    
1            1489  72.705078
011           272  13.281250
0             196   9.570312
001            55   2.685547
               15   0.732422
0011001001      7   0.341797
111011          5   0.244141
000110          5   0.244141
01              4   0.195312



        count        pct
ROCK                    
0        1245  60.791016
1         356  17.382812
101       138   6.738281
110       131   6.396484
001       125   6.103516
010        33   1.611328
           15   0.732422
001100      5   0.244141



            count        pct
ROS                         
1            1024  50.000000
101           411  20.068359
100           277  13.525391
011           161   7.861328
0             148   7.226562
               15   0.732422
1101100100      7   0.341797
001111          5   0.244141



            count        pct
Rac1                        
1            1024  50.000000
011           411  20.068359
001           277  13.525391
110           161   7.861328
0             148   7.226562
               15   0.732422
1011001001      7   0.341797
011110          5   0.244141



            count        pct
RhoA                        
0            1024  50.000000
1             390  19.042969
001           254  12.402344
101           162   7.910156
011           156   7.617188
100            35   1.708984
               15   0.732422
1101101111      7   0.341797
011000          5   0.244141



        count        pct
SSH                     
1        1245  60.791016
0         625  30.517578
001       124   6.054688
010        30   1.464844
           15   0.732422
001100      5   0.244141
110         4   0.195312



          count        pct
Thymosin                  
0           679  33.154297
1           539  26.318359
01          416  20.312500
10          399  19.482422
             15   0.732422



      count        pct
WASP                  
1       679  33.154297
0       539  26.318359
01      416  20.312500
10      399  19.482422
         15   0.732422



            count        pct
WAVE                        
1            1596  77.929688
110           277  13.525391
0             148   7.226562
               15   0.732422
1111110110      7   0.341797
101111          5   0.244141



