          count    pct
ARHGAP22              
0          1024  100.0



          count        pct
Actin_BR                  
001         315  30.761719
011         244  23.828125
1           242  23.632812
0           223  21.777344



          count        pct
Actin_ST                  
1           507  49.511719
0           331  32.324219
111101       74   7.226562
000101       65   6.347656
101          41   4.003906
10            6   0.585938



        count        pct
Arp2_3                  
010       315  30.761719
110       244  23.828125
1         242  23.632812
0         223  21.777344



        count        pct
CP                      
1         527  51.464844
0         395  38.574219
001000     65   6.347656
101000     20   1.953125
001        11   1.074219
011         3   0.292969
01          3   0.292969



       count        pct
Cdc42                  
1        518  50.585938
0        506  49.414062



         count    pct
Cofilin              
0         1024  100.0



         count        pct
Coronin                  
1          822  80.273438
0          148  14.453125
10          54   5.273438



           count        pct
Cortactin                  
100          315  30.761719
101          244  23.828125
1            242  23.632812
0            223  21.777344



      count    pct
Dia1              
0      1024  100.0



      count        pct
Dia2                  
100     315  30.761719
101     244  23.828125
1       242  23.632812
0       223  21.777344



          count        pct
Ena_Vasp                  
1           634  61.914062
0           234  22.851562
10          156  15.234375



              count        pct
IRSp53_Cdc42                  
1               518  50.585938
0               506  49.414062



             count        pct
IRSp53_Rac1                  
100            315  30.761719
101            244  23.828125
1              242  23.632812
0              223  21.777344



      count        pct
LIMK                  
0       996  97.265625
1        15   1.464844
01       13   1.269531



      count        pct
NET1                  
0       532  51.953125
101     225  21.972656
1       186  18.164062
001      41   4.003906
010      40   3.906250



     count        pct
PAK                  
1      532  51.953125
100    225  21.972656
0      186  18.164062
101     41   4.003906
011     40   3.906250



      count        pct
PIP2                  
0       527  51.464844
1       497  48.535156



     count    pct
PKD              
0     1024  100.0



          count        pct
Profilin                  
1           547  53.417969
0           226  22.070312
011         211  20.605469
111011       34   3.320312
01            6   0.585938



      count    pct
ROCK              
0      1024  100.0



     count        pct
ROS                  
100    315  30.761719
101    244  23.828125
1      242  23.632812
0      223  21.777344



      count        pct
Rac1                  
001     315  30.761719
011     244  23.828125
1       242  23.632812
0       223  21.777344



      count    pct
RhoA              
0      1024  100.0



     count        pct
SSH                  
1      822  80.273438
0      148  14.453125
01      54   5.273438



          count        pct
Thymosin                  
10          404  39.453125
0           318  31.054688
1           302  29.492188



      count        pct
WASP                  
10      404  39.453125
1       318  31.054688
0       302  29.492188



      count        pct
WAVE                  
1       486  47.460938
110     315  30.761719
0       223  21.777344



