                   count        pct
Actin_BR Actin_ST                  
1        1           240  23.437500
011      1           194  18.945312
0        0           188  18.359375
001      0           131  12.792969
         000101       65   6.347656
         1            44   4.296875
         101          41   4.003906
011      111101       40   3.906250
001      111101       34   3.320312
0        1            29   2.832031
011      0            10   0.976562
0        10            6   0.585938
1        0             2   0.195312



           count        pct
Rac1 RhoA                  
001  0       315  30.761719
011  0       244  23.828125
1    0       242  23.632812
0    0       223  21.777344



