                    count        pct
Actin_BR Actin_ST                   
1        0            245  23.925781
         1            160  15.625000
0        001111       129  12.597656
001      100          111  10.839844
0        10            68   6.640625
000010   111110        55   5.371094
001      1             53   5.175781
0        0             44   4.296875
100      101100        39   3.808594
000010   1             34   3.320312
110      100           26   2.539062
         1             18   1.757812
000010   101110        12   1.171875
                       12   1.171875
0        1              9   0.878906
         000001110      5   0.488281
         100            4   0.390625



                     count        pct
Rac1      RhoA                       
1         0            405  39.550781
010000    111001       218  21.289062
001       100          168  16.406250
0         0            112  10.937500
100       010           51   4.980469
110       0             44   4.296875
                        12   1.171875
0         1              9   0.878906
000011110 001111000      5   0.488281



