          count    pct
ARHGAP22              
0          1024  100.0



          count        pct
Actin_BR                  
1           629  61.425781
001         234  22.851562
101         127  12.402344
0            34   3.320312



           count        pct
Actin_ST                   
0            769  75.097656
001          234  22.851562
000001110     14   1.367188
01             6   0.585938
1              1   0.097656



        count        pct
Arp2_3                  
1         629  61.425781
010       234  22.851562
011       127  12.402344
0          34   3.320312



     count        pct
CP                   
1      629  61.425781
001    234  22.851562
101    127  12.402344
0       34   3.320312



       count        pct
Cdc42                  
1        525  51.269531
0        499  48.730469



         count        pct
Cofilin                  
1          771  75.292969
011        151  14.746094
01          71   6.933594
0           31   3.027344



         count        pct
Coronin                  
1         1007  98.339844
10          11   1.074219
0            6   0.585938



           count        pct
Cortactin                  
1            629  61.425781
100          234  22.851562
110          127  12.402344
0             20   1.953125
000001111     14   1.367188



           count        pct
Dia1                       
0            776  75.781250
010          234  22.851562
000111100     14   1.367188



           count        pct
Dia2                       
1            525  51.269531
0            251  24.511719
010          234  22.851562
000111100     14   1.367188



          count    pct
Ena_Vasp              
0          1024  100.0



              count        pct
IRSp53_Cdc42                  
1               525  51.269531
0               499  48.730469



             count        pct
IRSp53_Rac1                  
1              629  61.425781
100            234  22.851562
110            127  12.402344
0               20   1.953125
000001111       14   1.367188



      count        pct
LIMK                  
0      1007  98.339844
01       11   1.074219
1         6   0.585938



           count        pct
NET1                       
0            649  63.378906
101          234  22.851562
100          127  12.402344
011111000     14   1.367188



           count        pct
PAK                        
1            649  63.378906
100          234  22.851562
110          127  12.402344
000001111     14   1.367188



      count       pct
PIP2                 
0       552  53.90625
1       472  46.09375



     count    pct
PKD              
0     1024  100.0



           count        pct
Profilin                   
1            839  81.933594
011          152  14.843750
110011111     14   1.367188
0             13   1.269531
10             6   0.585938



      count    pct
ROCK              
0      1024  100.0



           count        pct
ROS                        
1            629  61.425781
100          234  22.851562
110          127  12.402344
0             20   1.953125
000001111     14   1.367188



           count        pct
Rac1                       
1            629  61.425781
001          234  22.851562
101          127  12.402344
0             20   1.953125
000011110     14   1.367188



           count        pct
RhoA                       
0            776  75.781250
100          234  22.851562
001111000     14   1.367188



     count        pct
SSH                  
1     1007  98.339844
01      11   1.074219
0        6   0.585938



          count        pct
Thymosin                  
0           922  90.039062
01           75   7.324219
1            27   2.636719



      count        pct
WASP                  
1       770  75.195312
110     152  14.843750
01       75   7.324219
0        27   2.636719



           count        pct
WAVE                       
1            756  73.828125
110          234  22.851562
0             20   1.953125
100001111     14   1.367188



