                    count        pct
Actin_BR Actin_ST                   
0        1           1006  98.242188
         111111101     16   1.562500
         101            2   0.195312



                     count        pct
Rac1      RhoA                       
0         1            532  51.953125
00001     10111        292  28.515625
01010     01101         90   8.789062
111110000 111000011     47   4.589844
01111000  11100001      29   2.832031
01101001  10100101      23   2.246094
101       110           11   1.074219



