          count    pct
ARHGAP22              
0          1024  100.0



          count        pct
Actin_BR                  
1           471  45.996094
100         235  22.949219
0           232  22.656250
011          86   8.398438



          count        pct
Actin_ST                  
1           429  41.894531
0           371  36.230469
001         168  16.406250
10           56   5.468750



        count        pct
Arp2_3                  
1         471  45.996094
001       235  22.949219
0         232  22.656250
110        86   8.398438



     count        pct
CP                   
0      629  61.425781
1      224  21.875000
001    115  11.230469
011     53   5.175781
10       3   0.292969



       count        pct
Cdc42                  
0        529  51.660156
1        495  48.339844



         count        pct
Cofilin                  
1          624  60.937500
0          181  17.675781
110        153  14.941406
10          66   6.445312



         count        pct
Coronin                  
1          807  78.808594
0          159  15.527344
10          58   5.664062



           count        pct
Cortactin                  
1            471  45.996094
010          235  22.949219
0            232  22.656250
101           86   8.398438



      count    pct
Dia1              
0      1024  100.0



      count        pct
Dia2                  
0       529  51.660156
1       495  48.339844



          count        pct
Ena_Vasp                  
1           738  72.070312
0           126  12.304688
011         115  11.230469
01           45   4.394531



              count        pct
IRSp53_Cdc42                  
0               529  51.660156
1               495  48.339844



             count        pct
IRSp53_Rac1                  
1              471  45.996094
010            235  22.949219
0              232  22.656250
101             86   8.398438



      count        pct
LIMK                  
0       996  97.265625
10       15   1.464844
1        13   1.269531



      count    pct
NET1              
0      1024  100.0



     count        pct
PAK                  
1      504  49.218750
010    235  22.949219
0      199  19.433594
101     86   8.398438



      count   pct
PIP2             
1       512  50.0
0       512  50.0



     count    pct
PKD              
0     1024  100.0



          count        pct
Profilin                  
1           709  69.238281
0           144  14.062500
011         115  11.230469
01           56   5.468750



      count    pct
ROCK              
0      1024  100.0



     count        pct
ROS                  
1      471  45.996094
010    235  22.949219
0      232  22.656250
101     86   8.398438



      count        pct
Rac1                  
1       471  45.996094
100     235  22.949219
0       232  22.656250
011      86   8.398438



      count    pct
RhoA              
0      1024  100.0



     count        pct
SSH                  
1      807  78.808594
0      159  15.527344
01      58   5.664062



          count        pct
Thymosin                  
0           807  78.808594
1           117  11.425781
10          100   9.765625



      count        pct
WASP                  
1       688  67.187500
0       144  14.062500
110     115  11.230469
10       77   7.519531



      count        pct
WAVE                  
1       557  54.394531
011     235  22.949219
0       232  22.656250



