          count        pct
ARHGAP22                  
1           948  92.578125
0            76   7.421875



          count        pct
Actin_BR                  
0           528  51.562500
1           298  29.101562
01          178  17.382812
001          13   1.269531
110           7   0.683594



          count        pct
Actin_ST                  
0           488  47.656250
10          307  29.980469
1           216  21.093750
001          13   1.269531



        count        pct
Arp2_3                  
0         528  51.562500
1         298  29.101562
10        178  17.382812
010        13   1.269531
101         7   0.683594



     count        pct
CP                   
0      745  72.753906
1      184  17.968750
01      82   8.007812
001     10   0.976562
101      3   0.292969



       count        pct
Cdc42                  
1        515  50.292969
0        509  49.707031



         count        pct
Cofilin                  
0          710  69.335938
1          219  21.386719
01          88   8.593750
110          7   0.683594



         count        pct
Coronin                  
0          948  92.578125
1           76   7.421875



           count        pct
Cortactin                  
0            963  94.042969
1             41   4.003906
100           13   1.269531
011            7   0.683594



      count    pct
Dia1              
0      1024  100.0



      count    pct
Dia2              
1      1024  100.0



          count        pct
Ena_Vasp                  
1          1004  98.046875
011          10   0.976562
0             6   0.585938
10            4   0.390625



              count        pct
IRSp53_Cdc42                  
1               515  50.292969
0               509  49.707031



             count        pct
IRSp53_Rac1                  
0              963  94.042969
1               41   4.003906
100             13   1.269531
011              7   0.683594



      count        pct
LIMK                  
1       948  92.578125
0        76   7.421875



      count        pct
NET1                  
0       516  50.390625
1       488  47.656250
101      13   1.269531
010       7   0.683594



     count        pct
PAK                  
1      516  50.390625
0      488  47.656250
100     13   1.269531
011      7   0.683594



      count        pct
PIP2                  
0       529  51.660156
1       495  48.339844



     count        pct
PKD                  
1      948  92.578125
0       76   7.421875



          count        pct
Profilin                  
1           403  39.355469
01          307  29.980469
0           304  29.687500
011          10   0.976562



      count        pct
ROCK                  
1       948  92.578125
0        76   7.421875



     count    pct
ROS              
0     1024  100.0



      count        pct
Rac1                  
0       963  94.042969
1        41   4.003906
001      13   1.269531
110       7   0.683594



      count    pct
RhoA              
1      1024  100.0



     count        pct
SSH                  
0      948  92.578125
1       76   7.421875



          count        pct
Thymosin                  
0           417  40.722656
10          307  29.980469
1           300  29.296875



      count        pct
WASP                  
1       403  39.355469
10      307  29.980469
0       304  29.687500
110      10   0.976562



      count        pct
WAVE                  
0       963  94.042969
1        48   4.687500
110      13   1.269531



