                   count        pct
Actin_BR Actin_ST                  
1        1           470  45.898438
001      001101      116  11.328125
0        0           112  10.937500
110      1            52   5.078125
001      1            45   4.394531
         001          40   3.906250
001000   1            37   3.613281
         100111       27   2.636719
         111000       26   2.539062
1        0            19   1.855469
001      0            17   1.660156
110      101111       16   1.562500
001000   000001       13   1.269531
001      101          12   1.171875
110      111010       12   1.171875
0        1             4   0.390625
110      0             3   0.292969
         101           3   0.292969



               count        pct
Rac1   RhoA                    
1      0         489  47.753906
001    100       218  21.289062
000001 100111    103  10.058594
0      1          96   9.375000
110    0          86   8.398438
0      0          20   1.953125
001    0          12   1.171875



