                   count        pct
Actin_BR Actin_ST                  
1        1          1310  63.964844
011      1           336  16.406250
100      110         130   6.347656
0        0            97   4.736328
1        0            75   3.662109
010      011          68   3.320312
011      100          32   1.562500



           count        pct
Rac1 RhoA                  
1    0      1385  67.626953
011  101     358  17.480469
100  1       124   6.054688
0    1        97   4.736328
010  1        68   3.320312
011  100      10   0.488281
100  101       6   0.292969



