                   count        pct
Actin_BR Actin_ST                  
0        1           458  44.726562
1        1           263  25.683594
         0           246  24.023438
101      001          30   2.929688
         1            27   2.636719



             count        pct
Rac1  RhoA                   
0     1        520  50.781250
1     0        142  13.867188
10000 11011    123  12.011719
10010 01011     81   7.910156
101   110       57   5.566406
10001 10011     51   4.980469
01110 01100     50   4.882812



