                   count        pct
Actin_BR Actin_ST                  
1        0           219  21.386719
         1           212  20.703125
0        0           184  17.968750
001      001          78   7.617188
0        01           58   5.664062
010      010          56   5.468750
         010110       54   5.273438
001      1            37   3.613281
0        1            35   3.417969
011      010000       31   3.027344
         001          28   2.734375
         1            23   2.246094
001      101           6   0.585938
011      0             3   0.292969



           count        pct
Rac1 RhoA                  
1    0       431  42.089844
0    1       239  23.339844
010  001     110  10.742188
001  001     109  10.644531
011  0        85   8.300781
0    0        38   3.710938
001  0        12   1.171875



