          count        pct
ARHGAP22                  
0           672  65.625000
111100      194  18.945312
010         132  12.890625
100          21   2.050781
1             5   0.488281



          count        pct
Actin_BR                  
1           499  48.730469
000100      194  18.945312
010         132  12.890625
100          99   9.667969
101          79   7.714844
0            21   2.050781



          count        pct
Actin_ST                  
0           514  50.195312
011100      194  18.945312
100         178  17.382812
010         132  12.890625
1             5   0.488281
01            1   0.097656



        count        pct
Arp2_3                  
1         499  48.730469
001000    194  18.945312
100       132  12.890625
001        99   9.667969
011        79   7.714844
0          21   2.050781



        count        pct
CP                      
1         499  48.730469
000100    194  18.945312
010       132  12.890625
100        99   9.667969
101        79   7.714844
0          21   2.050781



       count        pct
Cdc42                  
0        524  51.171875
1        500  48.828125



         count        pct
Cofilin                  
1          656  64.062500
0          222  21.679688
010000     132  12.890625
100         13   1.269531
01           1   0.097656



         count        pct
Coronin                  
1          656  64.062500
0          362  35.351562
10           6   0.585938



           count        pct
Cortactin                  
1            499  48.730469
010000       194  18.945312
001          132  12.890625
010           99   9.667969
110           79   7.714844
0             21   2.050781



        count        pct
Dia1                    
0         594  58.007812
111001    194  18.945312
100       132  12.890625
001        99   9.667969
1           5   0.488281



      count    pct
Dia2              
0      1024  100.0



          count        pct
Ena_Vasp                  
1           612  59.765625
011110      194  18.945312
101011      132  12.890625
101          78   7.617188
010           8   0.781250



              count        pct
IRSp53_Cdc42                  
0               524  51.171875
1               500  48.828125



             count        pct
IRSp53_Rac1                  
1              499  48.730469
010000         194  18.945312
001            132  12.890625
010             99   9.667969
110             79   7.714844
0               21   2.050781



        count        pct
LIMK                    
0         656  64.062500
111110    194  18.945312
1         168  16.406250
01          6   0.585938



        count        pct
NET1                    
0         515  50.292969
110111    194  18.945312
011       132  12.890625
110        99   9.667969
100        79   7.714844
1           5   0.488281



        count        pct
PAK                     
1         515  50.292969
010000    194  18.945312
001       132  12.890625
010        99   9.667969
110        79   7.714844
0           5   0.488281



      count    pct
PIP2              
0      1024  100.0



        count        pct
PKD                     
0         672  65.625000
111100    194  18.945312
010       132  12.890625
100        21   2.050781
1           5   0.488281



          count        pct
Profilin                  
1           583  56.933594
111100      194  18.945312
110         132  12.890625
101          99   9.667969
0            15   1.464844
10            1   0.097656



        count        pct
ROCK                    
0         672  65.625000
111001    194  18.945312
100       132  12.890625
001        21   2.050781
1           5   0.488281



        count        pct
ROS                     
1         499  48.730469
010000    194  18.945312
001       132  12.890625
010        99   9.667969
110        79   7.714844
0          21   2.050781



        count        pct
Rac1                    
1         499  48.730469
100000    194  18.945312
010       132  12.890625
100        99   9.667969
101        79   7.714844
0          21   2.050781



        count        pct
RhoA                    
0         594  58.007812
110011    194  18.945312
001       132  12.890625
010        99   9.667969
1           5   0.488281



     count        pct
SSH                  
1      656  64.062500
0      362  35.351562
01       6   0.585938



          count        pct
Thymosin                  
0           669  65.332031
1           222  21.679688
01          133  12.988281



        count        pct
WASP                    
1         578  56.445312
0         222  21.679688
000101    132  12.890625
011        91   8.886719
01          1   0.097656



        count        pct
WAVE                    
1         578  56.445312
011000    194  18.945312
101       132  12.890625
011        99   9.667969
0          21   2.050781



