          count        pct
ARHGAP22                  
0           589  57.519531
1           205  20.019531
011110      204  19.921875
010          26   2.539062



          count    pct
Actin_BR              
0          1024  100.0



          count        pct
Actin_ST                  
1           711  69.433594
0           248  24.218750
10           65   6.347656



        count    pct
Arp2_3              
0        1024  100.0



    count        pct
CP                  
0     549  53.613281
1     475  46.386719



       count        pct
Cdc42                  
1        527  51.464844
0        497  48.535156



           count        pct
Cofilin                    
0            842  82.226562
1             89   8.691406
10            65   6.347656
011111000     23   2.246094
101            5   0.488281



         count        pct
Coronin                  
0          767  74.902344
01         140  13.671875
1          117  11.425781



           count        pct
Cortactin                  
0            766  74.804688
001000       204  19.921875
001           31   3.027344
000001111     23   2.246094



           count        pct
Dia1                       
0            758  74.023438
111100       204  19.921875
100           31   3.027344
000111100     23   2.246094
1              8   0.781250



           count        pct
Dia2                       
0            527  51.464844
1            239  23.339844
111100       204  19.921875
101           31   3.027344
000111111     23   2.246094



          count        pct
Ena_Vasp                  
1           990  96.679688
0            34   3.320312



              count        pct
IRSp53_Cdc42                  
1               527  51.464844
0               497  48.535156



             count        pct
IRSp53_Rac1                  
0              766  74.804688
001000         204  19.921875
001             31   3.027344
000001111       23   2.246094



        count        pct
LIMK                    
1         563  54.980469
011111    204  19.921875
10        140  13.671875
0         117  11.425781



           count        pct
NET1                       
0            527  51.464844
1            239  23.339844
111011       204  19.921875
011           31   3.027344
011111000     23   2.246094



           count        pct
PAK                        
1            527  51.464844
0            239  23.339844
001000       204  19.921875
001           31   3.027344
000001111     23   2.246094



      count        pct
PIP2                  
1       549  53.613281
0       475  46.386719



        count        pct
PKD                     
0         589  57.519531
1         205  20.019531
011110    204  19.921875
010        26   2.539062



          count        pct
Profilin                  
1           793  77.441406
0           231  22.558594



        count        pct
ROCK                    
0         589  57.519531
1         205  20.019531
111100    204  19.921875
100        26   2.539062



           count        pct
ROS                        
0            766  74.804688
001000       204  19.921875
001           31   3.027344
000001111     23   2.246094



           count        pct
Rac1                       
0            766  74.804688
010000       204  19.921875
010           31   3.027344
000011110     23   2.246094



           count        pct
RhoA                       
0            527  51.464844
1            239  23.339844
111001       204  19.921875
001           31   3.027344
001111000     23   2.246094



     count        pct
SSH                  
0      767  74.902344
10     140  13.671875
1      117  11.425781



          count    pct
Thymosin              
0          1024  100.0



      count        pct
WASP                  
1       793  77.441406
0       231  22.558594



           count        pct
WAVE                       
0            766  74.804688
001100       204  19.921875
101           31   3.027344
100001111     23   2.246094



