                     count     pct
cycle_Actin_BR_norm               
1                     4291  0.8582
1110                   615  0.1230
1100                    61  0.0122
001                     13  0.0026
10                      10  0.0020
01011                   10  0.0020



                     count     pct
cycle_Actin_ST_norm               
1                     2447  0.4894
1101                  1440  0.2880
10                     620  0.1240
0                      329  0.0658
0100                   141  0.0282
001100                  13  0.0026
01000                   10  0.0020



                   count     pct
cycle_Arp2_3_norm               
1                   4291  0.8582
1101                 615  0.1230
1001                  61  0.0122
010                   13  0.0026
10110                 10  0.0020
01                    10  0.0020



               count     pct
cycle_CP_norm               
1               2578  0.5156
0               2422  0.4844



                  count     pct
cycle_Cdc42_norm               
1                  2541  0.5082
0                  2459  0.4918



                    count     pct
cycle_Cofilin_norm               
0                    1913  0.3826
1                    1803  0.3606
10                   1159  0.2318
0111                   94  0.0188
0001                   31  0.0062



                    count     pct
cycle_Coronin_norm               
0                    3045  0.6090
1000                  878  0.1756
1011                  569  0.1138
1                     470  0.0940
01                     38  0.0076



                      count     pct
cycle_Cortactin_norm               
1                      4109  0.8218
1011                    878  0.1756
111110                   13  0.0026



                 count     pct
cycle_Dia1_norm               
0                 2775  0.5550
1                 1049  0.2098
0011               534  0.1068
0111               332  0.0664
0100               179  0.0358
10                 108  0.0216
110001              13  0.0026
00001               10  0.0020



                 count     pct
cycle_Dia2_norm               
1                 2623  0.5246
1011              2191  0.4382
01                 163  0.0326
111101              13  0.0026
11101               10  0.0020



                     count     pct
cycle_Ena_Vasp_norm               
1                     4941  0.9882
1101                    46  0.0092
011110                  13  0.0026



                   count     pct
cycle_IRSp53_norm               
1                   2781  0.5562
0                   1981  0.3962
1011                 225  0.0450
111100                13  0.0026



                 count  pct
cycle_LIMK_norm            
0                 5000  1.0



                count     pct
cycle_PAK_norm               
1                4762  0.9524
1011              225  0.0450
111100             13  0.0026



                 count     pct
cycle_PIP2_norm               
0                 2578  0.5156
1                 2422  0.4844



                count     pct
cycle_PKD_norm               
1                2176  0.4352
1001              878  0.1756
1101              744  0.1488
0001              569  0.1138
0                 470  0.0940
10                163  0.0326



                     count     pct
cycle_Profilin_norm               
1                     3310  0.6620
1011                   693  0.1386
01                     504  0.1008
0                      329  0.0658
1000                   141  0.0282
011000                  13  0.0026
10000                   10  0.0020



                 count     pct
cycle_ROCK_norm               
1                 2176  0.4352
0011               878  0.1756
1011               744  0.1488
0010               569  0.1138
0                  470  0.0940
01                 163  0.0326



                  count     pct
cycle_ROCK__norm               
1                  2176  0.4352
1001                878  0.1756
1101                744  0.1488
0001                569  0.1138
0                   470  0.0940
10                  163  0.0326



                 count     pct
cycle_Rac1_norm               
0                 2176  0.4352
0011               878  0.1756
0001               744  0.1488
0111               569  0.1138
1                  447  0.0894
10                 163  0.0326
111001              13  0.0026
11011               10  0.0020



                 count     pct
cycle_RhoA_norm               
1                 2176  0.4352
0110              1103  0.2206
0111               744  0.1488
0                  447  0.0894
1000               344  0.0688
10                 163  0.0326
100011              13  0.0026
00010               10  0.0020



                count     pct
cycle_SSH_norm               
0                3045  0.6090
0001              878  0.1756
0111              569  0.1138
1                 470  0.0940
10                 38  0.0076



                     count     pct
cycle_Thymosin_norm               
0                     2692  0.5384
10                    1469  0.2938
1                      503  0.1006
01                     336  0.0672



                 count     pct
cycle_WASP_norm               
1                 2692  0.5384
10                1469  0.2938
0                  503  0.1006
01                 336  0.0672



                 count     pct
cycle_WAVE_norm               
0                 2176  0.4352
1001               878  0.1756
1000               744  0.1488
1011               569  0.1138
1                  447  0.0894
01                 163  0.0326
111100              13  0.0026
11101               10  0.0020



