          count    pct
Actin_BR              
0           128  100.0



            count       pct
Actin_ST                   
1              53  41.40625
0              26  20.31250
01111          22  17.18750
10             11   8.59375
1101110011      7   5.46875
00011           4   3.12500
11110111        2   1.56250
1101            1   0.78125
01101           1   0.78125
01001011        1   0.78125



        count    pct
Arp2_3              
0         128  100.0



    count   pct
CP             
1      64  50.0
0      64  50.0



       count       pct
Cdc42                 
1         67  52.34375
0         61  47.65625



          count       pct
Cofilin                  
0           108  84.37500
1            13  10.15625
00010100      3   2.34375
11110000      2   1.56250
10110100      2   1.56250



         count       pct
Coronin                 
0          107  83.59375
1           21  16.40625



           count       pct
Cortactin                 
0             64  50.00000
00010         17  13.28125
01000         16  12.50000
01010         13  10.15625
10010         10   7.81250
01001011       6   4.68750
00011110       2   1.56250



          count       pct
Dia1                     
0            64  50.00000
01111        17  13.28125
11101        16  12.50000
01101        13  10.15625
01011        10   7.81250
00101101      6   4.68750
01111000      2   1.56250



          count       pct
Dia2                     
1            64  50.00000
11101        29  22.65625
01111        27  21.09375
01101111      6   4.68750
01111110      2   1.56250



            count       pct
Ena_Vasp                   
1             100  78.12500
0111111111     10   7.81250
1111101011      7   5.46875
0               6   4.68750
01111           3   2.34375
10              1   0.78125
01011           1   0.78125



              count       pct
IRSp53_Cdc42                 
1                67  52.34375
0                61  47.65625



             count       pct
IRSp53_Rac1                 
0               64  50.00000
00010           17  13.28125
01000           16  12.50000
01010           13  10.15625
10010           10   7.81250
01001011         6   4.68750
00011110         2   1.56250



      count       pct
LIMK                 
1       107  83.59375
0        21  16.40625



      count    pct
NET1              
0       128  100.0



     count    pct
PAK              
0      128  100.0



      count   pct
PIP2             
1        64  50.0
0        64  50.0



       count       pct
PKD                   
1         51  39.84375
0         21  16.40625
10111     17  13.28125
11110     16  12.50000
10110     13  10.15625
10101     10   7.81250



          count       pct
Profilin                 
1            53  41.40625
11110        29  22.65625
0            26  20.31250
01           11   8.59375
11101111      3   2.34375
00110         3   2.34375
11010         2   1.56250
10010110      1   0.78125



       count       pct
ROCK                  
1         51  39.84375
0         21  16.40625
01111     17  13.28125
11101     16  12.50000
01101     13  10.15625
01011     10   7.81250



       count       pct
ROCK_                 
1         51  39.84375
0         21  16.40625
10111     17  13.28125
11110     16  12.50000
10110     13  10.15625
10101     10   7.81250



          count       pct
ROS                      
0            64  50.00000
00010        17  13.28125
01000        16  12.50000
01010        13  10.15625
10010        10   7.81250
01001011      6   4.68750
00011110      2   1.56250



          count       pct
Rac1                     
0            64  50.00000
00100        17  13.28125
10000        16  12.50000
10100        13  10.15625
00101        10   7.81250
10010110      6   4.68750
00111100      2   1.56250



          count       pct
RhoA                     
1            64  50.00000
11110        17  13.28125
11011        16  12.50000
11010        13  10.15625
10110        10   7.81250
01011010      6   4.68750
11110000      2   1.56250



     count       pct
SSH                 
0      107  83.59375
1       21  16.40625



          count       pct
Thymosin                 
0            59  46.09375
01           32  25.00000
1            26  20.31250
10           11   8.59375



      count       pct
WASP                 
1        53  41.40625
01       32  25.00000
0        32  25.00000
10       11   8.59375



          count       pct
WAVE                     
0            64  50.00000
00011        17  13.28125
01100        16  12.50000
01111        13  10.15625
11011        10   7.81250
11101111      6   4.68750
00011111      2   1.56250



