          count    pct
ARHGAP22              
0          1024  100.0



          count        pct
Actin_BR                  
1           523  51.074219
0           234  22.851562
100         217  21.191406
110          50   4.882812



          count        pct
Actin_ST                  
1           696  67.968750
0           300  29.296875
101          23   2.246094
01            5   0.488281



        count        pct
Arp2_3                  
1         523  51.074219
0         234  22.851562
001       217  21.191406
101        50   4.882812



    count        pct
CP                  
0     519  50.683594
1     501  48.925781
10      4   0.390625



       count        pct
Cdc42                  
1        547  53.417969
0        477  46.582031



         count        pct
Cofilin                  
1          632  61.718750
0          181  17.675781
110        146  14.257812
01          65   6.347656



         count        pct
Coronin                  
1          800  78.125000
0          161  15.722656
01          63   6.152344



           count        pct
Cortactin                  
1            523  51.074219
0            234  22.851562
010          217  21.191406
011           50   4.882812



      count    pct
Dia1              
0      1024  100.0



      count        pct
Dia2                  
1       523  51.074219
0       234  22.851562
010     217  21.191406
011      50   4.882812



          count        pct
Ena_Vasp                  
1           749  73.144531
0           122  11.914062
011          98   9.570312
10           55   5.371094



              count        pct
IRSp53_Cdc42                  
1               547  53.417969
0               477  46.582031



             count        pct
IRSp53_Rac1                  
1              523  51.074219
0              234  22.851562
010            217  21.191406
011             50   4.882812



      count        pct
LIMK                  
0       993  96.972656
1        17   1.660156
10       14   1.367188



      count    pct
NET1              
0      1024  100.0



     count        pct
PAK                  
1      555  54.199219
010    217  21.191406
0      202  19.726562
011     50   4.882812



      count        pct
PIP2                  
1       523  51.074219
0       501  48.925781



     count    pct
PKD              
0     1024  100.0



          count        pct
Profilin                  
1           720  70.312500
0           201  19.628906
011          98   9.570312
10            5   0.488281



      count    pct
ROCK              
0      1024  100.0



     count        pct
ROS                  
1      523  51.074219
0      234  22.851562
010    217  21.191406
011     50   4.882812



      count        pct
Rac1                  
1       523  51.074219
0       234  22.851562
100     217  21.191406
110      50   4.882812



      count    pct
RhoA              
0      1024  100.0



     count        pct
SSH                  
1      800  78.125000
0      161  15.722656
10      63   6.152344



          count        pct
Thymosin                  
0           807  78.808594
1           113  11.035156
01          104  10.156250



      count        pct
WASP                  
1       707  69.042969
0       144  14.062500
110      98   9.570312
01       75   7.324219



      count        pct
WAVE                  
1       573  55.957031
0       234  22.851562
011     217  21.191406



