                                         count        pct
cycle_Actin_BR_norm cycle_Actin_ST_norm                  
0                   0                      400  39.062500
1                   1101                   182  17.773438
                    1                      176  17.187500
1101                1101                    63   6.152344
01                  01                      63   6.152344
0110                01                      39   3.808594
011                 110                     30   2.929688
1000                1000                    27   2.636719
0110                1101                    23   2.246094
1000                1001                    20   1.953125
1                   01                       1   0.097656



