                   count        pct
Actin_BR Actin_ST                  
1        0           339  33.105469
         1           184  17.968750
         10          145  14.160156
         0100        112  10.937500
         1101         97   9.472656
1011     0100         76   7.421875
         0            37   3.613281
         1001         14   1.367188
0110     0100         12   1.171875
1011     10            6   0.585938
011      0             2   0.195312



           count        pct
Rac1 RhoA                  
0    1       461  45.019531
0011 0110    179  17.480469
0010 1110    153  14.941406
1    0        93   9.082031
0111 0100     68   6.640625
     0110     41   4.003906
01   01       27   2.636719
011  010       2   0.195312



