          count        pct
ARHGAP22                  
0           560  54.687500
011110      174  16.992188
100         171  16.699219
001         111  10.839844
1             8   0.781250



          count        pct
Actin_BR                  
1           443  43.261719
100         186  18.164062
000010      174  16.992188
001         111  10.839844
110          73   7.128906
101          20   1.953125
0            17   1.660156



          count        pct
Actin_ST                  
0           536  52.343750
100         195  19.042969
001110      112  10.937500
001         111  10.839844
011110       62   6.054688
1             8   0.781250



        count        pct
Arp2_3                  
1         443  43.261719
001       186  18.164062
000100    174  16.992188
010       111  10.839844
101        73   7.128906
011        20   1.953125
0          17   1.660156



        count        pct
CP                      
1         443  43.261719
100       186  18.164062
000010    174  16.992188
001       111  10.839844
110        73   7.128906
101        20   1.953125
0          17   1.660156



       count        pct
Cdc42                  
0        557  54.394531
1        467  45.605469



         count        pct
Cofilin                  
1          366  35.742188
0          355  34.667969
01         120  11.718750
100        111  10.839844
000010      35   3.417969
000101      20   1.953125
011         17   1.660156



         count    pct
Coronin              
0         1024  100.0



           count        pct
Cortactin                  
1            443  43.261719
010          186  18.164062
001000       174  16.992188
100          111  10.839844
011           73   7.128906
110           20   1.953125
0             17   1.660156



        count        pct
Dia1                    
0         560  54.687500
111100    174  16.992188
001       171  16.699219
010       111  10.839844
1           8   0.781250



        count        pct
Dia2                    
1         475  46.386719
111100    174  16.992188
001       171  16.699219
010       111  10.839844
0          93   9.082031



          count    pct
Ena_Vasp              
0          1024  100.0



              count        pct
IRSp53_Cdc42                  
0               557  54.394531
1               467  45.605469



             count        pct
IRSp53_Rac1                  
1              443  43.261719
010            186  18.164062
001000         174  16.992188
100            111  10.839844
011             73   7.128906
110             20   1.953125
0               17   1.660156



        count        pct
LIMK                    
0         527  51.464844
1         299  29.199219
011111    174  16.992188
110        15   1.464844
001         9   0.878906



        count        pct
NET1                    
0         476  46.484375
111011    174  16.992188
110       171  16.699219
101       111  10.839844
010        64   6.250000
100        20   1.953125
1           8   0.781250



        count        pct
PAK                     
1         476  46.484375
001000    174  16.992188
010       171  16.699219
100       111  10.839844
011        64   6.250000
110        20   1.953125
0           8   0.781250



      count        pct
PIP2                  
1       515  50.292969
0       509  49.707031



        count        pct
PKD                     
0         560  54.687500
011110    174  16.992188
100       171  16.699219
001       111  10.839844
1           8   0.781250



          count        pct
Profilin                  
1           636  62.109375
101         135  13.183594
111011      113  11.035156
011110       96   9.375000
110          35   3.417969
0             9   0.878906



        count        pct
ROCK                    
0         560  54.687500
111100    174  16.992188
001       171  16.699219
010       111  10.839844
1           8   0.781250



        count        pct
ROS                     
1         443  43.261719
010       186  18.164062
001000    174  16.992188
100       111  10.839844
011        73   7.128906
110        20   1.953125
0          17   1.660156



        count        pct
Rac1                    
1         443  43.261719
100       186  18.164062
010000    174  16.992188
001       111  10.839844
110        73   7.128906
101        20   1.953125
0          17   1.660156



        count        pct
RhoA                    
0         560  54.687500
111001    174  16.992188
010       171  16.699219
100       111  10.839844
1           8   0.781250



     count        pct
SSH                  
0      473  46.191406
1      443  43.261719
011     73   7.128906
110     20   1.953125
010     15   1.464844



          count        pct
Thymosin                  
0           587  57.324219
01          288  28.125000
1           149  14.550781



        count        pct
WASP                    
1         476  46.484375
01        253  24.707031
0         149  14.550781
011       111  10.839844
101000     35   3.417969



        count        pct
WAVE                    
1         536  52.343750
011       186  18.164062
001100    174  16.992188
110       111  10.839844
0          17   1.660156



