                     count        pct
Actin_BR   Actin_ST                  
0          0           455  44.433594
1          0           336  32.812500
01         0            89   8.691406
110        0            44   4.296875
0101110101 0            37   3.613281
1110101011 0            28   2.734375
                        14   1.367188
00010      0            13   1.269531
01010      0             6   0.585938
101        0             2   0.195312



             count        pct
Rac1  RhoA                   
0     1        576  56.250000
1     0        127  12.402344
00100 11110     95   9.277344
10100 11010     50   4.882812
110   011       44   4.296875
01000 11101     37   3.613281
11000 11001     28   2.734375
01010 01101     28   2.734375
00111 00110     23   2.246094
                14   1.367188
101   110        2   0.195312



