          count        pct
ARHGAP22                  
0          1022  99.804688
              2   0.195312



          count        pct
Actin_BR                  
1           582  56.835938
011         191  18.652344
001         144  14.062500
010          82   8.007812
0            23   2.246094
              2   0.195312



           count        pct
Actin_ST                   
0            790  77.148438
001          144  14.062500
010           82   8.007812
110000001      5   0.488281
               2   0.195312
10             1   0.097656



        count        pct
Arp2_3                  
1         582  56.835938
110       191  18.652344
010       144  14.062500
100        82   8.007812
0          23   2.246094
            2   0.195312



     count        pct
CP                   
1      582  56.835938
011    191  18.652344
001    144  14.062500
010     82   8.007812
0       23   2.246094
         2   0.195312



       count        pct
Cdc42                  
0        514  50.195312
1        508  49.609375
           2   0.195312



         count        pct
Cofilin                  
1          666  65.039062
011        132  12.890625
0           86   8.398438
01          75   7.324219
010000      58   5.664062
100          5   0.488281
             2   0.195312



         count        pct
Coronin                  
1          887  86.621094
0          133  12.988281
10           2   0.195312
             2   0.195312



           count        pct
Cortactin                  
1            582  56.835938
101          191  18.652344
100          144  14.062500
001           82   8.007812
0             18   1.757812
111000001      5   0.488281
               2   0.195312



           count        pct
Dia1                       
0            791  77.246094
010          144  14.062500
100           82   8.007812
100000111      5   0.488281
               2   0.195312



           count        pct
Dia2                       
1            508  49.609375
0            283  27.636719
010          144  14.062500
100           82   8.007812
100000111      5   0.488281
               2   0.195312



          count        pct
Ena_Vasp                  
0          1022  99.804688
              2   0.195312



              count        pct
IRSp53_Cdc42                  
0               514  50.195312
1               508  49.609375
                  2   0.195312



             count        pct
IRSp53_Rac1                  
1              582  56.835938
101            191  18.652344
100            144  14.062500
001             82   8.007812
0               18   1.757812
111000001        5   0.488281
                 2   0.195312



      count        pct
LIMK                  
0       887  86.621094
1       133  12.988281
01        2   0.195312
          2   0.195312



           count        pct
NET1                       
0            600  58.593750
001          191  18.652344
101          144  14.062500
011           82   8.007812
000011111      5   0.488281
               2   0.195312



           count        pct
PAK                        
1            600  58.593750
101          191  18.652344
100          144  14.062500
001           82   8.007812
111000001      5   0.488281
               2   0.195312



      count        pct
PIP2                  
1       515  50.292969
0       507  49.511719
          2   0.195312



     count        pct
PKD                  
0      895  87.402344
010    127  12.402344
         2   0.195312



           count        pct
Profilin                   
1            829  80.957031
011           88   8.593750
110           58   5.664062
110111        24   2.343750
0             17   1.660156
111110011      5   0.488281
               2   0.195312
01             1   0.097656



      count        pct
ROCK                  
0       895  87.402344
100     127  12.402344
          2   0.195312



           count        pct
ROS                        
1            582  56.835938
101          191  18.652344
100          144  14.062500
001           82   8.007812
0             18   1.757812
111000001      5   0.488281
               2   0.195312



           count        pct
Rac1                       
1            582  56.835938
011          191  18.652344
001          144  14.062500
010           82   8.007812
0             18   1.757812
110000011      5   0.488281
               2   0.195312



           count        pct
RhoA                       
0            791  77.246094
100          144  14.062500
001           82   8.007812
000001111      5   0.488281
               2   0.195312



     count        pct
SSH                  
1      887  86.621094
0      133  12.988281
01       2   0.195312
         2   0.195312



          count        pct
Thymosin                  
0           828  80.859375
01          157  15.332031
1            37   3.613281
              2   0.195312



        count        pct
WASP                    
1         755  73.730469
01         75   7.324219
110        73   7.128906
000101     58   5.664062
0          37   3.613281
10         24   2.343750
            2   0.195312



           count        pct
WAVE                       
1            773  75.488281
110          144  14.062500
101           82   8.007812
0             18   1.757812
111100001      5   0.488281
               2   0.195312



