          count        pct
ARHGAP22                  
1           472  46.093750
10111       178  17.382812
0           131  12.792969
01011       126  12.304688
11011       117  11.425781



          count    pct
Actin_BR              
0          1024  100.0



            count        pct
Actin_ST                    
1             414  40.429688
0             271  26.464844
11101         149  14.550781
01             78   7.617188
01100          47   4.589844
1111011100     29   2.832031
11111011       12   1.171875
11100111        6   0.585938
10101111        5   0.488281
01101           5   0.488281
1101            4   0.390625
00101101        3   0.292969
00000110        1   0.097656



        count    pct
Arp2_3              
0        1024  100.0



    count        pct
CP                  
1     531  51.855469
0     493  48.144531



       count        pct
Cdc42                  
1        518  50.585938
0        506  49.414062



          count        pct
Cofilin                   
0           897  87.597656
1            66   6.445312
00101000     27   2.636719
10110100     20   1.953125
00011110     14   1.367188



         count        pct
Coronin                  
0          893  87.207031
1          131  12.792969



           count        pct
Cortactin                  
0            538  52.539062
00010        178  17.382812
00101        126  12.304688
00001        117  11.425781
00101101      39   3.808594
11000011      26   2.539062



          count        pct
Dia1                      
0           531  51.855469
01111       178  17.382812
10110       126  12.304688
10111       117  11.425781
10110100     39   3.808594
00001111     26   2.539062
1             7   0.683594



          count        pct
Dia2                      
1           538  52.539062
10111       421  41.113281
10111101     39   3.808594
11001111     26   2.539062



            count        pct
Ena_Vasp                    
1             868  84.765625
1111111101     53   5.175781
0              31   3.027344
1111111010     29   2.832031
11101          25   2.441406
01             15   1.464844
01101           3   0.292969



              count        pct
IRSp53_Cdc42                  
1               518  50.585938
0               506  49.414062



             count        pct
IRSp53_Rac1                  
0              538  52.539062
00010          178  17.382812
00101          126  12.304688
00001          117  11.425781
00101101        39   3.808594
11000011        26   2.539062



      count    pct
LIMK              
0      1024  100.0



      count    pct
NET1              
1      1024  100.0



     count    pct
PAK              
0     1024  100.0



      count        pct
PIP2                  
0       531  51.855469
1       493  48.144531



       count        pct
PKD                    
1        472  46.093750
10111    178  17.382812
0        131  12.792969
01011    126  12.304688
11011    117  11.425781



          count        pct
Profilin                  
1           414  40.429688
0           271  26.464844
11011       178  17.382812
10           78   7.617188
11000        44   4.296875
11011111     27   2.636719
11010         8   0.781250
01011010      3   0.292969
00001100      1   0.097656



       count        pct
ROCK                   
1        472  46.093750
01111    178  17.382812
0        131  12.792969
10110    126  12.304688
10111    117  11.425781



          count        pct
ROS                       
0           538  52.539062
00010       178  17.382812
00101       126  12.304688
00001       117  11.425781
00101101     39   3.808594
11000011     26   2.539062



          count        pct
Rac1                      
0           538  52.539062
00100       178  17.382812
01010       126  12.304688
00010       117  11.425781
01011010     39   3.808594
10000111     26   2.539062



          count        pct
RhoA                      
1           538  52.539062
11110       178  17.382812
01101       126  12.304688
01111       117  11.425781
01101001     39   3.808594
00011110     26   2.539062



     count        pct
SSH                  
0      893  87.207031
1      131  12.792969



          count        pct
Thymosin                  
0           439  42.871094
1           297  29.003906
10          205  20.019531
01           83   8.105469



      count        pct
WASP                  
1       409  39.941406
0       327  31.933594
10      205  20.019531
01       83   8.105469



          count        pct
WAVE                      
0           538  52.539062
00011       178  17.382812
10111       126  12.304688
10001       117  11.425781
10111111     39   3.808594
11100011     26   2.539062



