                       count        pct
Actin_BR   Actin_ST                    
0          1             549  53.613281
1          0             151  14.746094
           1             110  10.742188
1101011000 1101111111     51   4.980469
01         01             49   4.785156
0001       01             49   4.785156
11110      1101111111     28   2.734375
0111011110 1101111111     13   1.269531
01001      11101          13   1.269531
00001      11101          11   1.074219



             count        pct
Rac1  RhoA                   
0     1        676  66.015625
00100 11110    135  13.183594
01010 01101     61   5.957031
01011 00101     47   4.589844
11000 11001     30   2.929688
00101 10110     23   2.246094
11001 10001     13   1.269531
00011 00111     13   1.269531
11101 10000     12   1.171875
11110 01000      7   0.683594
1     0          7   0.683594



