          count        pct
ARHGAP22                  
0           612  59.765625
001111      161  15.722656
010         133  12.988281
100         109  10.644531
1             9   0.878906



          count        pct
Actin_BR                  
1           473  46.191406
010         161  15.722656
000001      161  15.722656
100         109  10.644531
101          99   9.667969
0            21   2.050781



          count        pct
Actin_ST                  
1           588  57.421875
100111       91   8.886719
011          79   7.714844
110101       61   5.957031
110100       48   4.687500
011111       45   4.394531
10           44   4.296875
010          41   4.003906
0            19   1.855469
01            8   0.781250



        count        pct
Arp2_3                  
1         473  46.191406
100       161  15.722656
000010    161  15.722656
001       109  10.644531
011        99   9.667969
0          21   2.050781



    count    pct
CP              
0    1024  100.0



       count       pct
Cdc42                 
0        520  50.78125
1        504  49.21875



         count        pct
Cofilin                  
0          885  86.425781
001         73   7.128906
000100      66   6.445312



         count    pct
Coronin              
0         1024  100.0



           count        pct
Cortactin                  
1            473  46.191406
001          161  15.722656
000100       161  15.722656
010          109  10.644531
110           99   9.667969
0             21   2.050781



        count        pct
Dia1                    
0         612  59.765625
011110    161  15.722656
100       133  12.988281
001       109  10.644531
1           9   0.878906



        count        pct
Dia2                    
1         513  50.097656
011110    161  15.722656
100       133  12.988281
001       109  10.644531
0         108  10.546875



          count        pct
Ena_Vasp                  
1           679  66.308594
111010      109  10.644531
100111       91   8.886719
101111       45   4.394531
01           44   4.296875
001          41   4.003906
10            8   0.781250
0             7   0.683594



              count       pct
IRSp53_Cdc42                 
0               520  50.78125
1               504  49.21875



             count        pct
IRSp53_Rac1                  
1              473  46.191406
001            161  15.722656
000100         161  15.722656
010            109  10.644531
110             99   9.667969
0               21   2.050781



        count        pct
LIMK                    
1         766  74.804688
101111    161  15.722656
011        97   9.472656



        count        pct
NET1                    
0         515  50.292969
111101    161  15.722656
011       133  12.988281
110       109  10.644531
100        97   9.472656
1           9   0.878906



        count        pct
PAK                     
1         515  50.292969
000100    161  15.722656
001       133  12.988281
010       109  10.644531
110        97   9.472656
0           9   0.878906



      count        pct
PIP2                  
1       514  50.195312
0       510  49.804688



        count        pct
PKD                     
0         612  59.765625
001111    161  15.722656
010       133  12.988281
100       109  10.644531
1           9   0.878906



          count        pct
Profilin                  
1           647  63.183594
110         120  11.718750
111110      106  10.351562
001111       91   8.886719
101          48   4.687500
0            12   1.171875



        count        pct
ROCK                    
0         612  59.765625
011110    161  15.722656
100       133  12.988281
001       109  10.644531
1           9   0.878906



        count        pct
ROS                     
1         473  46.191406
001       161  15.722656
000100    161  15.722656
010       109  10.644531
110        99   9.667969
0          21   2.050781



        count        pct
Rac1                    
1         473  46.191406
010       161  15.722656
001000    161  15.722656
100       109  10.644531
101        99   9.667969
0          21   2.050781



        count        pct
RhoA                    
0         612  59.765625
111100    161  15.722656
001       133  12.988281
010       109  10.644531
1           9   0.878906



     count    pct
SSH              
0     1024  100.0



          count        pct
Thymosin                  
0           406  39.648438
01          234  22.851562
10          198  19.335938
1           186  18.164062



        count        pct
WASP                    
1         355  34.667969
01        234  22.851562
0         186  18.164062
10        150  14.648438
101        51   4.980469
010001     48   4.687500



        count        pct
WAVE                    
1         572  55.859375
101       161  15.722656
000110    161  15.722656
011       109  10.644531
0          21   2.050781



