                   count        pct
Actin_BR Actin_ST                  
1        1           465  45.410156
000001   100111       91   8.886719
010      011          79   7.714844
100      110101       61   5.957031
101      1            48   4.687500
100      110100       48   4.687500
000001   011111       45   4.394531
101      10           44   4.296875
010      1            41   4.003906
         010          41   4.003906
000001   1            25   2.441406
0        0            12   1.171875
         1             9   0.878906
1        01            8   0.781250
101      0             7   0.683594



               count        pct
Rac1   RhoA                    
1      0         473  46.191406
001000 111100    161  15.722656
010    001       133  12.988281
100    010       109  10.644531
101    0          99   9.667969
010    0          28   2.734375
0      0          12   1.171875
       1           9   0.878906



