          count        pct
ARHGAP22                  
0           598  58.398438
100         252  24.609375
1            99   9.667969
001111       75   7.324219



          count        pct
Actin_BR                  
1           495  48.339844
100         261  25.488281
0           110  10.742188
101          83   8.105469
000001       75   7.324219



          count        pct
Actin_ST                  
1           567  55.371094
0           168  16.406250
100         121  11.816406
110100       69   6.738281
111011       38   3.710938
100111       37   3.613281
110          15   1.464844
000011        9   0.878906



        count        pct
Arp2_3                  
1         495  48.339844
001       261  25.488281
0         110  10.742188
011        83   8.105469
000010     75   7.324219



        count        pct
CP                      
1         514  50.195312
0         399  38.964844
100000     69   6.738281
100        20   1.953125
101000     17   1.660156
110         4   0.390625
10          1   0.097656



       count        pct
Cdc42                  
0        513  50.097656
1        511  49.902344



         count    pct
Cofilin              
0         1024  100.0



         count    pct
Coronin              
0         1024  100.0



           count        pct
Cortactin                  
1            495  48.339844
010          261  25.488281
0            110  10.742188
110           83   8.105469
000100        75   7.324219



        count        pct
Dia1                    
0         815  79.589844
001       131  12.792969
011110     75   7.324219
1           3   0.292969



        count        pct
Dia2                    
1         594  58.007812
011       228  22.265625
110       107  10.449219
011110     75   7.324219
0          11   1.074219
010         9   0.878906



          count        pct
Ena_Vasp                  
1           718  70.117188
010         141  13.769531
111010       69   6.738281
01           38   3.710938
110111       37   3.613281
0            11   1.074219
001111        9   0.878906
10            1   0.097656



              count        pct
IRSp53_Cdc42                  
0               513  50.097656
1               511  49.902344



             count        pct
IRSp53_Rac1                  
1              495  48.339844
010            261  25.488281
0              110  10.742188
110             83   8.105469
000100          75   7.324219



        count        pct
LIMK                    
0         576  56.250000
1         362  35.351562
101111     75   7.324219
110         9   0.878906
100         2   0.195312



        count        pct
NET1                    
0         517  50.488281
110       252  24.609375
1          99   9.667969
100        81   7.910156
111101     75   7.324219



        count        pct
PAK                     
1         517  50.488281
010       252  24.609375
0          99   9.667969
110        81   7.910156
000100     75   7.324219



      count        pct
PIP2                  
0       513  50.097656
1       511  49.902344



        count        pct
PKD                     
0         598  58.398438
100       252  24.609375
1          99   9.667969
001111     75   7.324219



          count        pct
Profilin                  
1           611  59.667969
101         199  19.433594
0           148  14.453125
001111       37   3.613281
100          20   1.953125
000110        9   0.878906



        count        pct
ROCK                    
0         598  58.398438
001       252  24.609375
1          99   9.667969
011110     75   7.324219



        count        pct
ROS                     
1         495  48.339844
010       261  25.488281
0         110  10.742188
110        83   8.105469
000100     75   7.324219



        count        pct
Rac1                    
1         495  48.339844
100       261  25.488281
0         110  10.742188
101        83   8.105469
001000     75   7.324219



        count        pct
RhoA                    
0         598  58.398438
010       252  24.609375
1          99   9.667969
111100     75   7.324219



     count        pct
SSH                  
1      495  48.339844
0      437  42.675781
110     83   8.105469
010      9   0.878906



          count        pct
Thymosin                  
10          383  37.402344
0           326  31.835938
1           315  30.761719



      count        pct
WASP                  
10      383  37.402344
1       326  31.835938
0       315  30.761719



        count        pct
WAVE                    
1         578  56.445312
011       261  25.488281
0         110  10.742188
000110     75   7.324219



