                   count        pct
Actin_BR Actin_ST                  
1        1           584  57.031250
001      001         114  11.132812
         1            99   9.667969
011      1            90   8.789062
         011          78   7.617188
0        0            53   5.175781
1        0             3   0.292969
0        10            3   0.292969



           count        pct
Rac1 RhoA                  
1    0       587  57.324219
001  100     213  20.800781
011  0       168  16.406250
0    1        47   4.589844
     0         9   0.878906



