                     count    pct
cycle_Actin_BR_norm              
0                     1024  100.0



                     count        pct
cycle_Actin_ST_norm                  
1                      450  43.945312
0                      281  27.441406
0111                   167  16.308594
10                      35   3.417969
0001                    34   3.320312
10101                   16   1.562500
1100                    14   1.367188
1100111101              11   1.074219
111110                   7   0.683594
100001                   6   0.585938
001111                   2   0.195312
10000                    1   0.097656



                   count    pct
cycle_Arp2_3_norm              
0                   1024  100.0



               count        pct
cycle_CP_norm                  
0                521  50.878906
1                503  49.121094



                  count        pct
cycle_Cdc42_norm                  
0                   525  51.269531
1                   499  48.730469



                    count        pct
cycle_Cofilin_norm                  
0                     952  92.968750
1                      38   3.710938
0001000100             11   1.074219
000010                  9   0.878906
01100                   8   0.781250
100001                  6   0.585938



                    count        pct
cycle_Coronin_norm                  
0                     696  67.968750
0001                  247  24.121094
1                      79   7.714844
10                      2   0.195312



                      count        pct
cycle_Cortactin_norm                  
0                       523  51.074219
0011                    269  26.269531
0100                    164  16.015625
00111                    33   3.222656
111001                   21   2.050781
10                       11   1.074219
10011                     3   0.292969



                 count        pct
cycle_Dia1_norm                  
0                  503  49.121094
1                  273  26.660156
1100               119  11.621094
1101                77   7.519531
100011              21   2.050781
01100               12   1.171875
10                  11   1.074219
00110                8   0.781250



                 count        pct
cycle_Dia2_norm                  
1                  523  51.074219
0111               433  42.285156
01111               33   3.222656
111011              21   2.050781
10                  11   1.074219
10111                3   0.292969



                     count        pct
cycle_Ena_Vasp_norm                  
1                      813  79.394531
0111                   135  13.183594
0011                    31   3.027344
11011                   16   1.562500
10                      13   1.269531
01                       9   0.878906
0                        7   0.683594



                   count    pct
cycle_IRSp53_norm              
0                   1024  100.0



                 count        pct
cycle_LIMK_norm                  
1                  696  67.968750
1110               247  24.121094
0                   79   7.714844
01                   2   0.195312



                count        pct
cycle_PAK_norm                  
1                 987  96.386719
111001             21   2.050781
00111              16   1.562500



                 count        pct
cycle_PIP2_norm                  
1                  521  50.878906
0                  503  49.121094



                count        pct
cycle_PKD_norm                  
1                 523  51.074219
0011              247  24.121094
1110              164  16.015625
0                  79   7.714844
01                 11   1.074219



                     count        pct
cycle_Profilin_norm                  
1                      472  46.093750
0                      279  27.246094
1110                   145  14.160156
01                      37   3.613281
0010                    34   3.320312
11011                   27   2.636719
1001                    14   1.367188
111101                   9   0.878906
000011                   6   0.585938
00001                    1   0.097656



                 count        pct
cycle_ROCK_norm                  
1                  523  51.074219
0110               247  24.121094
1101               164  16.015625
0                   79   7.714844
10                  11   1.074219



                  count        pct
cycle_ROCK__norm                  
1                   523  51.074219
0011                247  24.121094
1110                164  16.015625
0                    79   7.714844
01                   11   1.074219



                 count        pct
cycle_Rac1_norm                  
0                  523  51.074219
0110               269  26.269531
1000               164  16.015625
01110               33   3.222656
110011              21   2.050781
01                  11   1.074219
00111                3   0.292969



                 count        pct
cycle_RhoA_norm                  
1                  523  51.074219
1100               269  26.269531
1011               164  16.015625
000111              21   2.050781
11100               16   1.562500
11000               12   1.171875
01                  11   1.074219
01100                8   0.781250



                count        pct
cycle_SSH_norm                  
0                 696  67.968750
0010              247  24.121094
1                  79   7.714844
01                  2   0.195312



                     count        pct
cycle_Thymosin_norm                  
0                      376  36.718750
1                      335  32.714844
01                     313  30.566406



                 count        pct
cycle_WASP_norm                  
1                  360  35.156250
0                  335  32.714844
01                 313  30.566406
10111               16   1.562500



                 count        pct
cycle_WAVE_norm                  
0                  523  51.074219
0011               269  26.269531
0100               164  16.015625
00111               33   3.222656
111001              21   2.050781
10                  11   1.074219
10011                3   0.292969



