          count    pct
ARHGAP22              
0          1024  100.0



          count        pct
Actin_BR                  
1           477  46.582031
001         238  23.242188
0           224  21.875000
101          85   8.300781



          count        pct
Actin_ST                  
1           400  39.062500
0           400  39.062500
001         163  15.917969
01           61   5.957031



        count        pct
Arp2_3                  
1         477  46.582031
010       238  23.242188
0         224  21.875000
011        85   8.300781



     count        pct
CP                   
0      596  58.203125
1      262  25.585938
001    121  11.816406
101     42   4.101562
10       3   0.292969



       count        pct
Cdc42                  
0        514  50.195312
1        510  49.804688



         count        pct
Cofilin                  
1          631  61.621094
0          193  18.847656
110        160  15.625000
01          40   3.906250



         count        pct
Coronin                  
1          816  79.687500
0          158  15.429688
10          50   4.882812



           count        pct
Cortactin                  
1            477  46.582031
100          238  23.242188
0            224  21.875000
110           85   8.300781



      count    pct
Dia1              
0      1024  100.0



      count        pct
Dia2                  
0       514  50.195312
1       510  49.804688



          count        pct
Ena_Vasp                  
1           745  72.753906
011         121  11.816406
0           107  10.449219
10           51   4.980469



              count        pct
IRSp53_Cdc42                  
0               514  50.195312
1               510  49.804688



             count        pct
IRSp53_Rac1                  
1              477  46.582031
100            238  23.242188
0              224  21.875000
110             85   8.300781



      count        pct
LIMK                  
0       988  96.484375
1        18   1.757812
01       18   1.757812



      count    pct
NET1              
0      1024  100.0



     count        pct
PAK                  
1      518  50.585938
100    238  23.242188
0      183  17.871094
110     85   8.300781



      count        pct
PIP2                  
0       525  51.269531
1       499  48.730469



     count    pct
PKD              
0     1024  100.0



          count        pct
Profilin                  
1           707  69.042969
0           135  13.183594
011         121  11.816406
10           61   5.957031



      count    pct
ROCK              
0      1024  100.0



     count    pct
ROS              
0     1024  100.0



      count        pct
Rac1                  
1       477  46.582031
001     238  23.242188
0       224  21.875000
101      85   8.300781



      count    pct
RhoA              
0      1024  100.0



     count        pct
SSH                  
1      816  79.687500
0      158  15.429688
01      50   4.882812



          count        pct
Thymosin                  
0           819  79.980469
1           115  11.230469
01           90   8.789062



      count        pct
WASP                  
1       694  67.773438
0       135  13.183594
110     121  11.816406
01       74   7.226562



      count        pct
WAVE                  
1       562  54.882812
110     238  23.242188
0       224  21.875000



