          count        pct
ARHGAP22                  
0          1406  68.652344
1           642  31.347656



          count        pct
Actin_BR                  
1          1093  53.369141
0           666  32.519531
10          104   5.078125
011         103   5.029297
100          82   4.003906



          count        pct
Actin_ST                  
1          1508  73.632812
0           427  20.849609
110          82   4.003906
01           31   1.513672



        count        pct
Arp2_3                  
1        1093  53.369141
0         666  32.519531
01        104   5.078125
110       103   5.029297
001        82   4.003906



    count        pct
CP                  
1    1044  50.976562
0     931  45.458984
01     73   3.564453



       count   pct
Cdc42             
1       1024  50.0
0       1024  50.0



         count        pct
Cofilin                  
1         1299  63.427734
01         518  25.292969
0          169   8.251953
011         62   3.027344



         count        pct
Coronin                  
1         1406  68.652344
01         508  24.804688
0          134   6.542969



           count        pct
Cortactin                  
1           1076  52.539062
0            787  38.427734
101          103   5.029297
010           82   4.003906



      count        pct
Dia1                  
0      1736  84.765625
1       250  12.207031
110      62   3.027344



      count    pct
Dia2              
1      2048  100.0



          count        pct
Ena_Vasp                  
1          1384  67.578125
0           416  20.312500
10          166   8.105469
101          82   4.003906



              count   pct
IRSp53_Cdc42             
1              1024  50.0
0              1024  50.0



             count        pct
IRSp53_Rac1                  
1             1076  52.539062
0              787  38.427734
101            103   5.029297
010             82   4.003906



      count    pct
LIMK              
0      2048  100.0



      count        pct
NET1                  
0      1257  61.376953
1       606  29.589844
001     103   5.029297
110      82   4.003906



     count        pct
PAK                  
1     1257  61.376953
0      606  29.589844
101    103   5.029297
010     82   4.003906



      count        pct
PIP2                  
0      1044  50.976562
1      1004  49.023438



     count    pct
PKD              
0     2048  100.0



          count        pct
Profilin                  
1          1508  73.632812
0           427  20.849609
101          82   4.003906
10           31   1.513672



      count        pct
ROCK                  
0      1406  68.652344
1       642  31.347656



     count        pct
ROS                  
1     1076  52.539062
0      787  38.427734
101    103   5.029297
010     82   4.003906



      count        pct
Rac1                  
1      1076  52.539062
0       787  38.427734
011     103   5.029297
100      82   4.003906



      count        pct
RhoA                  
0      1076  52.539062
1       869  42.431641
101     103   5.029297



     count        pct
SSH                  
1     1406  68.652344
10     508  24.804688
0      134   6.542969



          count        pct
Thymosin                  
0          1458  71.191406
01          500  24.414062
1            90   4.394531



      count        pct
WASP                  
1      1239  60.498047
0       427  20.849609
01      300  14.648438
011      82   4.003906



      count        pct
WAVE                  
1      1179  57.568359
0       787  38.427734
011      82   4.003906



