                     count        pct
cycle_Actin_BR_norm                  
0                      433  42.285156
1                      339  33.105469
1001                    83   8.105469
1110                    70   6.835938
10                      37   3.613281
01                      37   3.613281
0010                    25   2.441406



                     count        pct
cycle_Actin_ST_norm                  
1                      347  33.886719
0                      300  29.296875
1101                   200  19.531250
1000                    77   7.519531
10                      63   6.152344
1100                    37   3.613281



                   count        pct
cycle_Arp2_3_norm                  
0                    433  42.285156
1                    339  33.105469
0011                  83   8.105469
1101                  70   6.835938
10                    37   3.613281
01                    37   3.613281
0100                  25   2.441406



               count        pct
cycle_CP_norm                  
0                516  50.390625
1                508  49.609375



                  count        pct
cycle_Cdc42_norm                  
0                   521  50.878906
1                   503  49.121094



                    count        pct
cycle_Cofilin_norm                  
0                     830  81.054688
1110                   55   5.371094
0100                   50   4.882812
01                     49   4.785156
0110                   32   3.125000
1                       8   0.781250



                    count    pct
cycle_Coronin_norm              
0                    1024  100.0



                      count        pct
cycle_Cortactin_norm                  
0                       544  53.125000
0001                    193  18.847656
1001                    171  16.699219
1101                     63   6.152344
10                       37   3.613281
1                        16   1.562500



                 count        pct
cycle_Dia1_norm                  
0                  516  50.390625
1                  285  27.832031
0011                81   7.910156
0111                80   7.812500
0001                39   3.808594
10                  23   2.246094



                 count    pct
cycle_Dia2_norm              
0                 1024  100.0



                     count    pct
cycle_Ena_Vasp_norm              
1                     1024  100.0



                   count   pct
cycle_IRSp53_norm             
1                    512  50.0
0                    512  50.0



                 count    pct
cycle_LIMK_norm              
1                 1024  100.0



                count    pct
cycle_PAK_norm              
1                1024  100.0



                 count        pct
cycle_PIP2_norm                  
1                  516  50.390625
0                  508  49.609375



                count        pct
cycle_PKD_norm                  
1                 544  53.125000
1011              193  18.847656
1001              171  16.699219
1000               63   6.152344
01                 37   3.613281
0                  16   1.562500



                     count        pct
cycle_Profilin_norm                  
1                      480  46.875000
0                      292  28.515625
1011                   176  17.187500
01                      49   4.785156
1000                    22   2.148438
1100                     5   0.488281



                 count        pct
cycle_ROCK_norm                  
1                  544  53.125000
0111               193  18.847656
0011               171  16.699219
0001                63   6.152344
10                  37   3.613281
0                   16   1.562500



                  count        pct
cycle_ROCK__norm                  
1                   544  53.125000
1011                193  18.847656
1001                171  16.699219
1000                 63   6.152344
01                   37   3.613281
0                    16   1.562500



                 count        pct
cycle_Rac1_norm                  
0                  544  53.125000
0010               193  18.847656
0011               171  16.699219
1011                63   6.152344
01                  37   3.613281
1                   16   1.562500



                 count        pct
cycle_RhoA_norm                  
1                  544  53.125000
1110               193  18.847656
0110               171  16.699219
0010                63   6.152344
01                  37   3.613281
0                   16   1.562500



                count    pct
cycle_SSH_norm              
0                1024  100.0



                     count        pct
cycle_Thymosin_norm                  
0                      332  32.421875
1                      323  31.542969
10                     220  21.484375
01                     149  14.550781



                 count        pct
cycle_WASP_norm                  
1                  332  32.421875
0                  323  31.542969
10                 220  21.484375
01                 149  14.550781



                 count        pct
cycle_WAVE_norm                  
0                  544  53.125000
0001               193  18.847656
1001               171  16.699219
1101                63   6.152344
10                  37   3.613281
1                   16   1.562500



