                                         count        pct
cycle_Actin_BR_norm cycle_Actin_ST_norm                  
0                   0                      291  28.417969
1                   1                      205  20.019531
0                   1                      142  13.867188
1001                1101                    73   7.128906
1110                1101                    65   6.347656
1                   1000                    55   5.371094
                    1100                    32   3.125000
10                  10                      31   3.027344
1                   1101                    24   2.343750
01                  1101                    19   1.855469
                    10                      18   1.757812
1                   10                      14   1.367188
0010                1101                    13   1.269531
                    1000                    12   1.171875
1                   0                        9   0.878906
10                  1101                     6   0.585938
1110                1000                     5   0.488281
1001                1000                     5   0.488281
                    1100                     5   0.488281



