          count        pct
ARHGAP22                  
11110       631  61.621094
10110       251  24.511719
0           130  12.695312
1            12   1.171875



          count    pct
Actin_BR              
0          1024  100.0



          count        pct
Actin_ST                  
1           770  75.195312
01111       229  22.363281
11111011     25   2.441406



        count    pct
Arp2_3              
0        1024  100.0



    count    pct
CP              
0    1024  100.0



       count        pct
Cdc42                  
1        514  50.195312
0        510  49.804688



          count        pct
Cofilin                   
0           894  87.304688
1            56   5.468750
00111100     47   4.589844
10110100     27   2.636719



         count        pct
Coronin                  
0          894  87.304688
1          130  12.695312



           count        pct
Cortactin                  
01000        631  61.621094
01010        251  24.511719
10000111      82   8.007812
10010110      48   4.687500
0             12   1.171875



          count        pct
Dia1                      
11101       631  61.621094
01101       251  24.511719
00011110     82   8.007812
01011010     48   4.687500
1            12   1.171875



          count        pct
Dia2                      
1           520  50.781250
11101       310  30.273438
01101       126  12.304688
00011110     39   3.808594
00101101     29   2.832031



          count        pct
Ena_Vasp                  
1           828  80.859375
01111       171  16.699219
00011111     13   1.269531
11110111     12   1.171875



              count        pct
IRSp53_Cdc42                  
1               514  50.195312
0               510  49.804688



             count        pct
IRSp53_Rac1                  
01000          631  61.621094
01010          251  24.511719
10000111        82   8.007812
10010110        48   4.687500
0               12   1.171875



      count        pct
LIMK                  
1       894  87.304688
0       130  12.695312



      count    pct
NET1              
1      1024  100.0



     count    pct
PAK              
0     1024  100.0



      count        pct
PIP2                  
0       524  51.171875
1       500  48.828125



       count        pct
PKD                    
11110    631  61.621094
10110    251  24.511719
0        130  12.695312
1         12   1.171875



          count        pct
Profilin                  
1           770  75.195312
11110       229  22.363281
11110111     25   2.441406



       count        pct
ROCK                   
11101    631  61.621094
01101    251  24.511719
0        130  12.695312
1         12   1.171875



          count        pct
ROS                       
01000       631  61.621094
01010       251  24.511719
10000111     82   8.007812
10010110     48   4.687500
0            12   1.171875



          count        pct
Rac1                      
10000       631  61.621094
10100       251  24.511719
00001111     82   8.007812
00101101     48   4.687500
0            12   1.171875



          count        pct
RhoA                      
11011       631  61.621094
11010       251  24.511719
00111100     82   8.007812
10110100     48   4.687500
1            12   1.171875



     count        pct
SSH                  
0      894  87.304688
1      130  12.695312



          count    pct
Thymosin              
0          1024  100.0



          count        pct
WASP                      
1           765  74.707031
01100       171  16.699219
10111        58   5.664062
00111110     13   1.269531
11101111     12   1.171875
0             5   0.488281



          count        pct
WAVE                      
01100       631  61.621094
01111       251  24.511719
11000111     82   8.007812
11011111     48   4.687500
0            12   1.171875



