                    count        pct
Actin_BR Actin_ST                   
0        1            369  36.035156
                      206  20.117188
0        01           198  19.335938
         001111111    126  12.304688
         0             49   4.785156
         110           33   3.222656
         111000000     28   2.734375
         011101        12   1.171875
         001            3   0.292969



                     count        pct
Rac1      RhoA                       
0         0            527  51.464844
011110000 111000001    226  22.070312
                       206  20.117188
100       010           53   5.175781
001       100           12   1.171875



