          count        pct
ARHGAP22                  
0           543  53.027344
001111      406  39.648438
010          52   5.078125
             17   1.660156
1             6   0.585938



          count        pct
Actin_BR                  
0          1007  98.339844
             17   1.660156



           count        pct
Actin_ST                   
1            337  32.910156
100111       286  27.929688
0            185  18.066406
10            97   9.472656
010           28   2.734375
000011        22   2.148438
100111111     19   1.855469
001101        19   1.855469
              17   1.660156
101            9   0.878906
000000011      5   0.488281



        count        pct
Arp2_3                  
0        1007  98.339844
           17   1.660156



    count        pct
CP                  
0    1007  98.339844
       17   1.660156



       count        pct
Cdc42                  
0        516  50.390625
1        491  47.949219
          17   1.660156



           count        pct
Cofilin                    
0            850  83.007812
10            69   6.738281
1             69   6.738281
              17   1.660156
011111000     11   1.074219
000101         5   0.488281
101            3   0.292969



         count        pct
Coronin                  
0          740  72.265625
10         157  15.332031
1          110  10.742188
            17   1.660156



           count        pct
Cortactin                  
0            497  48.535156
000100       406  39.648438
001           50   4.882812
000111100     35   3.417969
100           19   1.855469
              17   1.660156



           count        pct
Dia1                       
0            491  47.949219
011110       406  39.648438
100           50   4.882812
011110000     35   3.417969
010           19   1.855469
              17   1.660156
1              6   0.585938



           count        pct
Dia2                       
0            491  47.949219
011110       406  39.648438
101           50   4.882812
011111100     35   3.417969
110           19   1.855469
              17   1.660156
1              6   0.585938



           count        pct
Ena_Vasp                   
1            615  60.058594
100111       205  20.019531
101111       103  10.058594
001           32   3.125000
000011111     19   1.855469
              17   1.660156
011101        14   1.367188
011            9   0.878906
10             5   0.488281
0              5   0.488281



              count        pct
IRSp53_Cdc42                  
0               516  50.390625
1               491  47.949219
                 17   1.660156



             count        pct
IRSp53_Rac1                  
0              497  48.535156
000100         406  39.648438
001             50   4.882812
000111100       35   3.417969
100             19   1.855469
                17   1.660156



        count        pct
LIMK                    
101111    406  39.648438
1         334  32.617188
01        157  15.332031
0         110  10.742188
           17   1.660156



           count        pct
NET1                       
0            491  47.949219
111101       406  39.648438
011           50   4.882812
111100001     35   3.417969
101           19   1.855469
              17   1.660156
1              6   0.585938



           count        pct
PAK                        
1            491  47.949219
000100       406  39.648438
001           50   4.882812
000111100     35   3.417969
100           19   1.855469
              17   1.660156
0              6   0.585938



      count        pct
PIP2                  
1       510  49.804688
0       497  48.535156
         17   1.660156



        count        pct
PKD                     
0         543  53.027344
001111    406  39.648438
010        52   5.078125
           17   1.660156
1           6   0.585938



           count        pct
Profilin                   
1            337  32.910156
001111       286  27.929688
0            181  17.675781
01            97   9.472656
110           37   3.613281
000110        22   2.148438
011           19   1.855469
001111111     19   1.855469
              17   1.660156
000000110      5   0.488281
100            4   0.390625



        count        pct
ROCK                    
0         543  53.027344
011110    406  39.648438
100        52   5.078125
           17   1.660156
1           6   0.585938



           count        pct
ROS                        
0            497  48.535156
000100       406  39.648438
001           50   4.882812
000111100     35   3.417969
100           19   1.855469
              17   1.660156



           count        pct
Rac1                       
0            497  48.535156
001000       406  39.648438
010           50   4.882812
001111000     35   3.417969
001           19   1.855469
              17   1.660156



           count        pct
RhoA                       
0            491  47.949219
111100       406  39.648438
001           50   4.882812
111100000     35   3.417969
100           19   1.855469
              17   1.660156
1              6   0.585938



     count        pct
SSH                  
0      740  72.265625
01     157  15.332031
1      110  10.742188
        17   1.660156



          count        pct
Thymosin                  
0           359  35.058594
1           296  28.906250
10          230  22.460938
01          122  11.914062
             17   1.660156



           count        pct
WASP                       
1            331  32.324219
0            296  28.906250
10           230  22.460938
01           122  11.914062
000111110     19   1.855469
              17   1.660156
110            9   0.878906



           count        pct
WAVE                       
0            497  48.535156
000110       406  39.648438
101           50   4.882812
000111110     35   3.417969
110           19   1.855469
              17   1.660156



