                   count        pct
Actin_BR Actin_ST                  
1        1           502  49.023438
001      1           132  12.890625
0        0           110  10.742188
001      001         105  10.253906
000010   1            86   8.398438
110      101          46   4.492188
         1            40   3.906250
0        1             3   0.292969



               count        pct
Rac1   RhoA                    
1      0         502  49.023438
001    100       237  23.144531
0      1         113  11.035156
110    0          86   8.398438
010000 111001     86   8.398438



