          count        pct
ARHGAP22                  
1          1863  90.966797
0           131   6.396484
             45   2.197266
010           9   0.439453



          count        pct
Actin_BR                  
0          2003  97.802734
             45   2.197266



           count        pct
Actin_ST                   
0           1125  54.931641
1            870  42.480469
              45   2.197266
011100000      5   0.244141
011            3   0.146484



        count        pct
Arp2_3                  
0        2003  97.802734
           45   2.197266



    count        pct
CP                  
1    1012  49.414062
0     991  48.388672
       45   2.197266



       count        pct
Cdc42                  
0       2003  97.802734
          45   2.197266



           count        pct
Cofilin                    
0           1878  91.699219
1             68   3.320312
110000011     48   2.343750
              45   2.197266
010000         8   0.390625
010            1   0.048828



         count        pct
Coronin                  
0         1863  90.966797
1          131   6.396484
            45   2.197266
011          9   0.439453



           count        pct
Cortactin                  
0           1931  94.287109
011111000     53   2.587891
              45   2.197266
011           10   0.488281
010            9   0.439453



           count        pct
Dia1                       
0           1012  49.414062
1            919  44.873047
111100001     53   2.587891
              45   2.197266
101           19   0.927734



           count        pct
Dia2                       
1           1950  95.214844
111111001     53   2.587891
              45   2.197266



          count        pct
Ena_Vasp                  
1          1914  93.457031
0            74   3.613281
             45   2.197266
10            8   0.390625
101011        5   0.244141
001           2   0.097656



              count        pct
IRSp53_Cdc42                  
0              2003  97.802734
                 45   2.197266



             count        pct
IRSp53_Rac1                  
0             1931  94.287109
011111000       53   2.587891
                45   2.197266
011             19   0.927734



      count        pct
LIMK                  
1      1863  90.966797
0       131   6.396484
         45   2.197266
100       9   0.439453



           count        pct
NET1                       
1           1931  94.287109
110000011     53   2.587891
              45   2.197266
010           19   0.927734



           count        pct
PAK                        
0           1931  94.287109
011111000     53   2.587891
              45   2.197266
011           19   0.927734



      count        pct
PIP2                  
0      1012  49.414062
1       991  48.388672
         45   2.197266



     count        pct
PKD                  
1     1863  90.966797
0      131   6.396484
        45   2.197266
010      9   0.439453



           count        pct
Profilin                   
0           1125  54.931641
1            870  42.480469
              45   2.197266
111000000      5   0.244141
110            3   0.146484



      count        pct
ROCK                  
1      1863  90.966797
0       131   6.396484
         45   2.197266
100       9   0.439453



           count        pct
ROS                        
0           1931  94.287109
011111000     53   2.587891
              45   2.197266
011           19   0.927734



           count        pct
Rac1                       
0           1931  94.287109
111110000     53   2.587891
              45   2.197266
110           19   0.927734



           count        pct
RhoA                       
1           1931  94.287109
111000011     53   2.587891
              45   2.197266
011           19   0.927734



     count        pct
SSH                  
0     1863  90.966797
1      131   6.396484
        45   2.197266
110      9   0.439453



          count        pct
Thymosin                  
1          1065  52.001953
01          475  23.193359
0           463  22.607422
             45   2.197266



      count        pct
WASP                  
0      1133  55.322266
01      475  23.193359
1       395  19.287109
         45   2.197266



           count        pct
WAVE                       
0           1931  94.287109
011111100     53   2.587891
              45   2.197266
1             19   0.927734



