                   count        pct
Actin_BR Actin_ST                  
1        0           264  25.781250
         1           242  23.632812
0        0           149  14.550781
001      001         107  10.449219
         1            97   9.472656
0        01           77   7.519531
         1            42   4.101562
101      1            23   2.246094
         001          23   2.246094



           count        pct
Rac1 RhoA                  
1    0       506  49.414062
0    0       268  26.171875
001  0       204  19.921875
101  0        46   4.492188



