          count        pct
ARHGAP22                  
0           635  62.011719
011         120  11.718750
1           112  10.937500
111110       53   5.175781
010          51   4.980469
001011       32   3.125000
101011       18   1.757812
10            3   0.292969



          count        pct
Actin_BR                  
1           517  50.488281
010         157  15.332031
110         125  12.207031
0           119  11.621094
000100       53   5.175781
010011       32   3.125000
010001       18   1.757812
01            3   0.292969



          count        pct
Actin_ST                  
1           784  76.562500
011         125  12.207031
0           115  11.230469



        count        pct
Arp2_3                  
1         517  50.488281
100       157  15.332031
101       125  12.207031
0         119  11.621094
001000     53   5.175781
100110     32   3.125000
100010     18   1.757812
10          3   0.292969



    count        pct
CP                  
1     531  51.855469
0     493  48.144531



       count        pct
Cdc42                  
0        516  50.390625
1        508  49.609375



         count        pct
Cofilin                  
1          594  58.007812
0          227  22.167969
110         92   8.984375
010         79   7.714844
000001      32   3.125000



         count        pct
Coronin                  
1          635  62.011719
0          306  29.882812
011         51   4.980469
000101      32   3.125000



           count        pct
Cortactin                  
1            517  50.488281
001          195  19.042969
0            119  11.621094
011           87   8.496094
010000        53   5.175781
001101        32   3.125000
000101        18   1.757812
01             3   0.292969



        count        pct
Dia1                    
0         783  76.464844
100        92   8.984375
111101     53   5.175781
110        41   4.003906
010110     32   3.125000
010111     18   1.757812
01          3   0.292969
1           2   0.195312



        count        pct
Dia2                    
1         916  89.453125
011111     85   8.300781
010111     18   1.757812
01          3   0.292969
0           2   0.195312



          count        pct
Ena_Vasp                  
1           973  95.019531
110          46   4.492188
0             5   0.488281



              count        pct
IRSp53_Cdc42                  
0               516  50.390625
1               508  49.609375



             count        pct
IRSp53_Rac1                  
1              517  50.488281
001            157  15.332031
011            125  12.207031
0              119  11.621094
010000          53   5.175781
001101          32   3.125000
000101          18   1.757812
01               3   0.292969



      count        pct
LIMK                  
0       648  63.281250
1       306  29.882812
100      38   3.710938
10       32   3.125000



        count        pct
NET1                    
0         519  50.683594
011       157  15.332031
010       125  12.207031
1         117  11.425781
110111     53   5.175781
011001     32   3.125000
011101     18   1.757812
01          3   0.292969



        count        pct
PAK                     
1         519  50.683594
001       157  15.332031
011       125  12.207031
0         117  11.425781
010000     53   5.175781
001101     32   3.125000
000101     18   1.757812
01          3   0.292969



      count        pct
PIP2                  
0       531  51.855469
1       493  48.144531



        count        pct
PKD                     
0         635  62.011719
011       120  11.718750
1         112  10.937500
111110     53   5.175781
010        51   4.980469
001011     32   3.125000
101011     18   1.757812
10          3   0.292969



          count        pct
Profilin                  
1           793  77.441406
110         116  11.328125
0           115  11.230469



        count        pct
ROCK                    
0         635  62.011719
110       120  11.718750
1         112  10.937500
111101     53   5.175781
100        51   4.980469
010110     32   3.125000
010111     18   1.757812
01          3   0.292969



     count    pct
ROS              
0     1024  100.0



        count        pct
Rac1                    
1         517  50.488281
010       157  15.332031
110       125  12.207031
0         119  11.621094
100000     53   5.175781
011010     32   3.125000
001010     18   1.757812
10          3   0.292969



        count        pct
RhoA                    
0         519  50.683594
101       157  15.332031
001       125  12.207031
1         117  11.425781
111011     53   5.175781
101100     32   3.125000
101110     18   1.757812
10          3   0.292969



        count        pct
SSH                     
1         635  62.011719
0         306  29.882812
110        51   4.980469
001010     32   3.125000



          count    pct
Thymosin              
0          1024  100.0



      count        pct
WASP                  
1       784  76.562500
101     125  12.207031
0       115  11.230469



        count        pct
WAVE                    
1         645  62.988281
101       157  15.332031
0         119  11.621094
011000     53   5.175781
101111     32   3.125000
100111     18   1.757812



