          count    pct
ARHGAP22              
0          1024  100.0



          count        pct
Actin_BR                  
1           535  52.246094
011         135  13.183594
0           124  12.109375
100         116  11.328125
010         114  11.132812



          count        pct
Actin_ST                  
1           660  64.453125
0           117  11.425781
010011      114  11.132812
110          76   7.421875
010          52   5.078125
10            5   0.488281



        count        pct
Arp2_3                  
1         535  52.246094
110       135  13.183594
0         124  12.109375
001       116  11.328125
100       114  11.132812



        count        pct
CP                      
1         536  52.343750
0         421  41.113281
000010     54   5.273438
001         8   0.781250
01          5   0.488281



       count        pct
Cdc42                  
1        533  52.050781
0        491  47.949219



         count        pct
Cofilin                  
1          610  59.570312
0          212  20.703125
011         85   8.300781
010000      60   5.859375
01          46   4.492188
010         11   1.074219



         count        pct
Coronin                  
1          740  72.265625
0          275  26.855469
10           9   0.878906



           count        pct
Cortactin                  
1            535  52.246094
101          135  13.183594
0            124  12.109375
010          116  11.328125
001          114  11.132812



      count    pct
Dia1              
0      1024  100.0



      count        pct
Dia2                  
1       636  62.109375
101     365  35.644531
0        23   2.246094



          count        pct
Ena_Vasp                  
1           853  83.300781
101011      114  11.132812
011          37   3.613281
001          12   1.171875
01            6   0.585938
0             2   0.195312



              count        pct
IRSp53_Cdc42                  
1               533  52.050781
0               491  47.949219



             count        pct
IRSp53_Rac1                  
1              535  52.246094
101            135  13.183594
0              124  12.109375
010            116  11.328125
001            114  11.132812



      count        pct
LIMK                  
0       740  72.265625
1       275  26.855469
01        9   0.878906



      count        pct
NET1                  
0       558  54.492188
001     135  13.183594
110     116  11.328125
011     114  11.132812
1       101   9.863281



     count        pct
PAK                  
1      558  54.492188
101    135  13.183594
010    116  11.328125
001    114  11.132812
0      101   9.863281



      count       pct
PIP2                 
0       536  52.34375
1       488  47.65625



     count        pct
PKD                  
0      759  74.121094
010    114  11.132812
1       98   9.570312
100     53   5.175781



          count        pct
Profilin                  
1           736  71.875000
110         166  16.210938
0           117  11.425781
01            5   0.488281



      count        pct
ROCK                  
0       759  74.121094
100     114  11.132812
1        98   9.570312
001      53   5.175781



     count        pct
ROS                  
1      535  52.246094
101    135  13.183594
0      124  12.109375
010    116  11.328125
001    114  11.132812



      count        pct
Rac1                  
1       535  52.246094
011     135  13.183594
0       124  12.109375
100     116  11.328125
010     114  11.132812



      count        pct
RhoA                  
0       693  67.675781
010     116  11.328125
001     114  11.132812
1       101   9.863281



     count        pct
SSH                  
1      740  72.265625
0      275  26.855469
01       9   0.878906



          count        pct
Thymosin                  
0           747  72.949219
01          114  11.132812
1            94   9.179688
10           69   6.738281



        count        pct
WASP                    
1         697  68.066406
0          96   9.375000
10         69   6.738281
000101     60   5.859375
01         54   5.273438
110        48   4.687500



      count        pct
WAVE                  
1       670  65.429688
0       124  12.109375
011     116  11.328125
101     114  11.132812



