          count        pct
ARHGAP22                  
0           639  62.402344
011110      246  24.023438
001          90   8.789062
010          34   3.320312
1            10   0.976562
              5   0.488281



          count        pct
Actin_BR                  
0           548  53.515625
000001      126  12.304688
1           118  11.523438
001         113  11.035156
011          80   7.812500
010          34   3.320312
              5   0.488281



           count        pct
Actin_ST                   
10           250  24.414062
0            228  22.265625
1            193  18.847656
001111       150  14.648438
111011        65   6.347656
010           36   3.515625
010100        34   3.320312
01            30   2.929688
001110000     30   2.929688
               5   0.488281
101            3   0.292969



        count        pct
Arp2_3                  
0         548  53.515625
000010    126  12.304688
1         118  11.523438
010       113  11.035156
110        80   7.812500
100        34   3.320312
            5   0.488281



        count        pct
CP                      
0         826  80.664062
001        66   6.445312
1          57   5.566406
011        36   3.515625
000010     34   3.320312
            5   0.488281



       count        pct
Cdc42                  
0        513  50.097656
1        506  49.414062
           5   0.488281



         count        pct
Cofilin                  
0         1019  99.511719
             5   0.488281



         count        pct
Coronin                  
1          576  56.250000
0          407  39.746094
10          36   3.515625
             5   0.488281



           count        pct
Cortactin                  
0            336  32.812500
001000       246  24.023438
100          209  20.410156
1            118  11.523438
101           80   7.812500
001111000     30   2.929688
               5   0.488281



           count        pct
Dia1                       
0            529  51.660156
111100       246  24.023438
010          204  19.921875
111100000     30   2.929688
1             10   0.976562
               5   0.488281



           count        pct
Dia2                       
1            516  50.390625
111100       246  24.023438
010          204  19.921875
111100000     30   2.929688
0             23   2.246094
               5   0.488281



          count        pct
Ena_Vasp                  
1           615  60.058594
001111      150  14.648438
110111       65   6.347656
100          63   6.152344
0            62   6.054688
101011       34   3.320312
10           30   2.929688
              5   0.488281



              count        pct
IRSp53_Cdc42                  
0               513  50.097656
1               506  49.414062
                  5   0.488281



             count        pct
IRSp53_Rac1                  
0              336  32.812500
001000         246  24.023438
100            209  20.410156
1              118  11.523438
101             80   7.812500
001111000       30   2.929688
                 5   0.488281



        count        pct
LIMK                    
0         576  56.250000
011111    246  24.023438
1         161  15.722656
01         36   3.515625
            5   0.488281



           count        pct
NET1                       
0            508  49.609375
111011       246  24.023438
101          204  19.921875
111000011     30   2.929688
001           21   2.050781
1             10   0.976562
               5   0.488281



           count        pct
PAK                        
1            508  49.609375
001000       246  24.023438
100          204  19.921875
001111000     30   2.929688
101           21   2.050781
0             10   0.976562
               5   0.488281



      count        pct
PIP2                  
0       518  50.585938
1       501  48.925781
          5   0.488281



        count        pct
PKD                     
0         639  62.402344
011110    246  24.023438
001        90   8.789062
010        34   3.320312
1          10   0.976562
            5   0.488281



           count        pct
Profilin                   
1            289  28.222656
01           250  24.414062
011110       150  14.648438
001           95   9.277344
0             76   7.421875
110111        65   6.347656
101011        64   6.250000
011110000     30   2.929688
               5   0.488281



        count        pct
ROCK                    
0         639  62.402344
111100    246  24.023438
010        90   8.789062
100        34   3.320312
1          10   0.976562
            5   0.488281



           count        pct
ROS                        
0            336  32.812500
001000       246  24.023438
100          209  20.410156
1            118  11.523438
101           80   7.812500
001111000     30   2.929688
               5   0.488281



           count        pct
Rac1                       
0            336  32.812500
010000       246  24.023438
001          209  20.410156
1            118  11.523438
011           80   7.812500
011110000     30   2.929688
               5   0.488281



           count        pct
RhoA                       
0            529  51.660156
111001       246  24.023438
100          204  19.921875
111000001     30   2.929688
1             10   0.976562
               5   0.488281



     count        pct
SSH                  
1      576  56.250000
0      407  39.746094
01      36   3.515625
         5   0.488281



          count        pct
Thymosin                  
1           358  34.960938
0           281  27.441406
10          251  24.511719
01          129  12.597656
              5   0.488281



      count        pct
WASP                  
0       358  34.960938
1       281  27.441406
10      251  24.511719
01      129  12.597656
          5   0.488281



      count        pct
WAVE                  
0      1019  99.511719
          5   0.488281



