          count        pct
ARHGAP22                  
1          1380  67.382812
0           321  15.673828
10111       179   8.740234
11100        72   3.515625
01011        66   3.222656
00011        20   0.976562
010          10   0.488281



          count        pct
Actin_BR                  
0           976  47.656250
1           711  34.716797
01          252  12.304688
101          58   2.832031
100          51   2.490234



          count        pct
Actin_ST                  
0           974  47.558594
1           767  37.451172
10111       162   7.910156
10011        63   3.076172
01           52   2.539062
101          30   1.464844



        count        pct
Arp2_3                  
0         976  47.656250
1         711  34.716797
10        252  12.304688
011        58   2.832031
001        51   2.490234



    count        pct
CP                  
1    1072  52.343750
0     975  47.607422
01      1   0.048828



       count        pct
Cdc42                  
1       1025  50.048828
0       1023  49.951172



         count        pct
Cofilin                  
0          954  46.582031
1          675  32.958984
01         259  12.646484
01111       83   4.052734
101         56   2.734375
11010       21   1.025391



         count        pct
Coronin                  
0         1625  79.345703
1          321  15.673828
01000       72   3.515625
00011       20   0.976562
011         10   0.488281



           count        pct
Cortactin                  
0           1403  68.505859
1            199   9.716797
00010        179   8.740234
00110         92   4.492188
00101         66   3.222656
010           61   2.978516
110           48   2.343750



      count    pct
Dia1              
0      2048  100.0



       count        pct
Dia2                   
1       1711  83.544922
01111    245  11.962891
00111     92   4.492188



          count        pct
Ena_Vasp                  
1          2002  97.753906
011          30   1.464844
0            11   0.537109
10            5   0.244141



              count        pct
IRSp53_Cdc42                  
1              1025  50.048828
0              1023  49.951172



             count        pct
IRSp53_Rac1                  
0             1403  68.505859
1              199   9.716797
00010          179   8.740234
11000           72   3.515625
00101           66   3.222656
110             58   2.832031
010             51   2.490234
00111           20   0.976562



      count    pct
LIMK              
0      2048  100.0



      count        pct
NET1                  
0      1030  50.292969
1       909  44.384766
100      58   2.832031
110      51   2.490234



     count        pct
PAK                  
1     1030  50.292969
0      909  44.384766
110     58   2.832031
010     51   2.490234



      count       pct
PIP2                 
0      1072  52.34375
1       976  47.65625



       count        pct
PKD                    
1       1380  67.382812
0        321  15.673828
10111    179   8.740234
11100     72   3.515625
01011     66   3.222656
00011     20   0.976562
010       10   0.488281



          count        pct
Profilin                  
1           999  48.779297
0           974  47.558594
10           52   2.539062
011          23   1.123047



       count        pct
ROCK                   
1       1380  67.382812
0        321  15.673828
01111    179   8.740234
11001     72   3.515625
10110     66   3.222656
00110     20   0.976562
100       10   0.488281



       count        pct
ROS                    
0       1403  68.505859
1        199   9.716797
00010    179   8.740234
11000     72   3.515625
00101     66   3.222656
110       58   2.832031
010       51   2.490234
00111     20   0.976562



       count        pct
Rac1                   
0       1403  68.505859
1        199   9.716797
00100    179   8.740234
10001     72   3.515625
01010     66   3.222656
101       58   2.832031
100       51   2.490234
01110     20   0.976562



       count        pct
RhoA                   
1       1454  70.996094
0        199   9.716797
11110    179   8.740234
10011     72   3.515625
01101     66   3.222656
110       58   2.832031
01100     20   0.976562



       count        pct
SSH                    
0       1625  79.345703
1        321  15.673828
10000     72   3.515625
00110     20   0.976562
110       10   0.488281



          count        pct
Thymosin                  
0          1030  50.292969
1           585  28.564453
10          433  21.142578



      count        pct
WASP                  
1       990  48.339844
0       595  29.052734
10      433  21.142578
110      30   1.464844



       count        pct
WAVE                   
0       1403  68.505859
1        257  12.548828
00011    179   8.740234
10111     86   4.199219
11100     72   3.515625
011       51   2.490234



