                   count        pct
Actin_BR Actin_ST                  
0        0           774  37.792969
1        1           486  23.730469
0        1           202   9.863281
01       0           200   9.765625
1        10111       162   7.910156
         10011        63   3.076172
01       01           52   2.539062
101      1            51   2.490234
100      1            28   1.367188
         101          23   1.123047
101      101           7   0.341797



             count        pct
Rac1  RhoA                   
0     1       1403  68.505859
1     0        199   9.716797
00100 11110    179   8.740234
10001 10011     72   3.515625
01010 01101     66   3.222656
101   110       58   2.832031
100   1         51   2.490234
01110 01100     20   0.976562



