          count        pct
ARHGAP22                  
1           948  92.578125
0            76   7.421875



          count        pct
Actin_BR                  
0           637  62.207031
1           310  30.273438
0001         55   5.371094
110          12   1.171875
01           10   0.976562



          count        pct
Actin_ST                  
1           758  74.023438
0           185  18.066406
01           55   5.371094
10           14   1.367188
100          12   1.171875



        count        pct
Arp2_3                  
0         637  62.207031
1         310  30.273438
0010       55   5.371094
101        12   1.171875
10         10   0.976562



      count        pct
CP                    
0       758  74.023438
1       185  18.066406
0001     55   5.371094
10       14   1.367188
110      12   1.171875



       count        pct
Cdc42                  
1        513  50.097656
0        511  49.902344



         count        pct
Cofilin                  
0          735  71.777344
1          217  21.191406
0001        55   5.371094
01          17   1.660156



         count        pct
Coronin                  
0          948  92.578125
1           76   7.421875



           count        pct
Cortactin                  
0            948  92.578125
1             64   6.250000
011           12   1.171875



      count        pct
Dia1                  
1       758  74.023438
0       185  18.066406
0111     55   5.371094
10       14   1.367188
100      12   1.171875



      count    pct
Dia2              
1      1024  100.0



          count        pct
Ena_Vasp                  
1          1019  99.511719
10            4   0.390625
0             1   0.097656



              count        pct
IRSp53_Cdc42                  
1               513  50.097656
0               511  49.902344



             count        pct
IRSp53_Rac1                  
0              948  92.578125
1               64   6.250000
011             12   1.171875



      count        pct
LIMK                  
1       948  92.578125
0        76   7.421875



      count    pct
NET1              
0      1024  100.0



     count        pct
PAK                  
1      542  52.929688
0      470  45.898438
011     12   1.171875



      count        pct
PIP2                  
0       514  50.195312
1       510  49.804688



     count        pct
PKD                  
1      948  92.578125
0       76   7.421875



          count        pct
Profilin                  
1           959  93.652344
1011         55   5.371094
10           10   0.976562



      count        pct
ROCK                  
1       948  92.578125
0        76   7.421875



     count    pct
ROS              
0     1024  100.0



      count        pct
Rac1                  
0       948  92.578125
1        64   6.250000
110      12   1.171875



      count    pct
RhoA              
1      1024  100.0



     count        pct
SSH                  
0      948  92.578125
1       76   7.421875



          count        pct
Thymosin                  
0           410  40.039062
01          315  30.761719
1           299  29.199219



      count        pct
WASP                  
1       410  40.039062
01      315  30.761719
0       299  29.199219



      count        pct
WAVE                  
0       948  92.578125
1        76   7.421875



