          count        pct
ARHGAP22                  
0           881  86.035156
            143  13.964844



          count        pct
Actin_BR                  
0           881  86.035156
            143  13.964844



           count        pct
Actin_ST                   
1            345  33.691406
10           220  21.484375
000111110    186  18.164062
             143  13.964844
0             52   5.078125
010           33   3.222656
001111111     24   2.343750
101011        13   1.269531
110            6   0.585938
000111000      2   0.195312



        count        pct
Arp2_3                  
0         881  86.035156
          143  13.964844



    count        pct
CP                  
0     881  86.035156
      143  13.964844



       count        pct
Cdc42                  
1        514  50.195312
0        367  35.839844
         143  13.964844



           count        pct
Cofilin                    
0            721  70.410156
             143  13.964844
10            79   7.714844
1             63   6.152344
000111110     14   1.367188
101000         2   0.195312
011            2   0.195312



         count        pct
Coronin                  
0          600  58.593750
10         185  18.066406
           143  13.964844
1           96   9.375000



           count        pct
Cortactin                  
0            514  50.195312
001111000    301  29.394531
             143  13.964844
001           53   5.175781
100           13   1.269531



           count        pct
Dia1                       
0            514  50.195312
111100000    301  29.394531
             143  13.964844
100           53   5.175781
010           13   1.269531



           count        pct
Dia2                       
1            514  50.195312
111100000    301  29.394531
             143  13.964844
100           53   5.175781
010           13   1.269531



           count        pct
Ena_Vasp                   
1            617  60.253906
000111100    186  18.164062
             143  13.964844
001           32   3.125000
000111110     24   2.343750
111010        11   1.074219
101            6   0.585938
0              3   0.292969
01             2   0.195312



              count        pct
IRSp53_Cdc42                  
1               514  50.195312
0               367  35.839844
                143  13.964844



             count        pct
IRSp53_Rac1                  
0              514  50.195312
001111000      301  29.394531
               143  13.964844
001             53   5.175781
100             13   1.269531



           count        pct
LIMK                       
1            339  33.105469
011111100    261  25.488281
01           185  18.066406
             143  13.964844
0             96   9.375000



           count        pct
NET1                       
0            514  50.195312
111000011    301  29.394531
             143  13.964844
011           53   5.175781
101           13   1.269531



           count        pct
PAK                        
1            514  50.195312
001111000    301  29.394531
             143  13.964844
001           53   5.175781
100           13   1.269531



      count        pct
PIP2                  
0       492  48.046875
1       389  37.988281
        143  13.964844



           count        pct
PKD                        
0            565  55.175781
011110000    261  25.488281
             143  13.964844
010           44   4.296875
100           11   1.074219



           count        pct
Profilin                   
1            345  33.691406
01           220  21.484375
001111111    212  20.703125
             143  13.964844
0             52   5.078125
110           39   3.808594
011111        13   1.269531



           count        pct
ROCK                       
0            565  55.175781
111100000    261  25.488281
             143  13.964844
100           44   4.296875
001           11   1.074219



           count        pct
ROS                        
0            514  50.195312
001111000    301  29.394531
             143  13.964844
001           53   5.175781
100           13   1.269531



           count        pct
Rac1                       
0            514  50.195312
011110000    301  29.394531
             143  13.964844
010           53   5.175781
001           13   1.269531



           count        pct
RhoA                       
0            514  50.195312
111000001    301  29.394531
             143  13.964844
001           53   5.175781
100           13   1.269531



     count        pct
SSH                  
0      600  58.593750
01     185  18.066406
       143  13.964844
1       96   9.375000



          count        pct
Thymosin                  
0           375  36.621094
1           273  26.660156
10          233  22.753906
            143  13.964844



           count        pct
WASP                       
1            345  33.691406
0            273  26.660156
10           233  22.753906
             143  13.964844
001111100     24   2.343750
011            6   0.585938



           count        pct
WAVE                       
0            514  50.195312
001111100    301  29.394531
             143  13.964844
101           53   5.175781
110           13   1.269531



