          count    pct
ARHGAP22              
0          2048  100.0



          count        pct
Actin_BR                  
1           953  46.533203
100         480  23.437500
0           449  21.923828
101         166   8.105469



          count        pct
Actin_ST                  
1           953  46.533203
0           909  44.384766
011         166   8.105469
10           20   0.976562



        count        pct
Arp2_3                  
1         953  46.533203
001       480  23.437500
0         449  21.923828
011       166   8.105469



    count    pct
CP              
1    2048  100.0



       count        pct
Cdc42                  
0       1042  50.878906
1       1006  49.121094



         count        pct
Cofilin                  
1         1625  79.345703
0          308  15.039062
01         115   5.615234



         count        pct
Coronin                  
1         1625  79.345703
0          299  14.599609
01         124   6.054688



           count        pct
Cortactin                  
1            953  46.533203
010          480  23.437500
0            449  21.923828
110          166   8.105469



      count    pct
Dia1              
0      2048  100.0



      count        pct
Dia2                  
1       953  46.533203
010     480  23.437500
0       449  21.923828
110     166   8.105469



          count      pct
Ena_Vasp                
1          1184  57.8125
101         480  23.4375
0           384  18.7500



              count        pct
IRSp53_Cdc42                  
0              1042  50.878906
1              1006  49.121094



             count        pct
IRSp53_Rac1                  
1              953  46.533203
010            480  23.437500
0              449  21.923828
110            166   8.105469



      count        pct
LIMK                  
0      1984  96.875000
1        35   1.708984
01       29   1.416016



      count        pct
NET1                  
0      1018  49.707031
110     480  23.437500
1       384  18.750000
100     166   8.105469



     count        pct
PAK                  
1     1018  49.707031
010    480  23.437500
0      384  18.750000
110    166   8.105469



      count    pct
PIP2              
0      2048  100.0



     count    pct
PKD              
0     2048  100.0



          count        pct
Profilin                  
1          1120  54.687500
101         480  23.437500
0           428  20.898438
01           20   0.976562



      count    pct
ROCK              
0      2048  100.0



     count        pct
ROS                  
1      953  46.533203
010    480  23.437500
0      449  21.923828
110    166   8.105469



      count        pct
Rac1                  
1       953  46.533203
100     480  23.437500
0       449  21.923828
101     166   8.105469



      count    pct
RhoA              
0      2048  100.0



     count        pct
SSH                  
1     1625  79.345703
0      299  14.599609
10     124   6.054688



          count        pct
Thymosin                  
0          1625  79.345703
1           308  15.039062
01          115   5.615234



      count        pct
WASP                  
1      1120  54.687500
011     480  23.437500
0       428  20.898438
10       20   0.976562



      count        pct
WAVE                  
1      1119  54.638672
011     480  23.437500
0       449  21.923828



