          count        pct
ARHGAP22                  
0           364  35.546875
010         333  32.519531
1           184  17.968750
111100      143  13.964844



          count        pct
Actin_BR                  
001         280  27.343750
010         218  21.289062
0           201  19.628906
011         162  15.820312
000100      143  13.964844
1            20   1.953125



          count        pct
Actin_ST                  
0           388  37.890625
1           311  30.371094
010001      128  12.500000
011010       90   8.789062
100111       75   7.324219
000110       21   2.050781
010           6   0.585938
10            5   0.488281



        count        pct
Arp2_3                  
010       280  27.343750
100       218  21.289062
0         201  19.628906
110       162  15.820312
001000    143  13.964844
1          20   1.953125



        count        pct
CP                      
1         505  49.316406
0         407  39.746094
010000     90   8.789062
010        17   1.660156
01          5   0.488281



       count    pct
Cdc42              
0       1024  100.0



         count        pct
Cofilin                  
0          527  51.464844
1          186  18.164062
011        172  16.796875
010000     128  12.500000
010          6   0.585938
10           5   0.488281



         count        pct
Coronin                  
0          660  64.453125
1          364  35.546875



           count        pct
Cortactin                  
100          280  27.343750
001          218  21.289062
0            201  19.628906
101          162  15.820312
010000       143  13.964844
1             20   1.953125



        count        pct
Dia1                    
0         602  58.789062
010       187  18.261719
111001    143  13.964844
100        90   8.789062
1           2   0.195312



      count    pct
Dia2              
0      1024  100.0



          count        pct
Ena_Vasp                  
1           583  56.933594
011101      218  21.289062
011          82   8.007812
101111       75   7.324219
001          22   2.148438
011110       21   2.050781
0            18   1.757812
01            5   0.488281



              count    pct
IRSp53_Cdc42              
0              1024  100.0



             count        pct
IRSp53_Rac1                  
100            280  27.343750
001            218  21.289062
0              201  19.628906
101            162  15.820312
010000         143  13.964844
1               20   1.953125



        count        pct
LIMK                    
1         517  50.488281
0         364  35.546875
111110    143  13.964844



        count        pct
NET1                    
101       280  27.343750
011       218  21.289062
1         201  19.628906
001       162  15.820312
110111    143  13.964844
0          20   1.953125



        count        pct
PAK                     
100       280  27.343750
001       218  21.289062
0         201  19.628906
101       162  15.820312
010000    143  13.964844
1          20   1.953125



      count       pct
PIP2                 
1       520  50.78125
0       504  49.21875



        count        pct
PKD                     
0         364  35.546875
010       333  32.519531
1         184  17.968750
111100    143  13.964844



          count        pct
Profilin                  
1           400  39.062500
110         218  21.289062
0           200  19.531250
011          93   9.082031
001111       75   7.324219
001100       21   2.050781
010          17   1.660156



        count        pct
ROCK                    
0         364  35.546875
100       333  32.519531
1         184  17.968750
111001    143  13.964844



        count        pct
ROS                     
100       280  27.343750
001       218  21.289062
0         201  19.628906
101       162  15.820312
010000    143  13.964844
1          20   1.953125



        count        pct
Rac1                    
001       280  27.343750
010       218  21.289062
0         201  19.628906
011       162  15.820312
100000    143  13.964844
1          20   1.953125



        count        pct
RhoA                    
100       280  27.343750
001       218  21.289062
1         201  19.628906
0         182  17.773438
110011    143  13.964844



     count        pct
SSH                  
0      660  64.453125
1      364  35.546875



          count        pct
Thymosin                  
0           500  48.828125
10          298  29.101562
1           226  22.070312



        count        pct
WASP                    
1         395  38.574219
0         243  23.730469
10        170  16.601562
000101    128  12.500000
110        88   8.593750



        count        pct
WAVE                    
110       280  27.343750
101       218  21.289062
0         201  19.628906
1         182  17.773438
011000    143  13.964844



