                   count        pct
Actin_BR Actin_ST                  
0        0           199  19.433594
001      1           170  16.601562
010      010001      128  12.500000
001      0           104  10.156250
010      011010       90   8.789062
011      1            89   8.691406
000100   100111       75   7.324219
011      0            73   7.128906
000100   1            47   4.589844
         000110       21   2.050781
1        0            12   1.171875
001      010           6   0.585938
1        10            5   0.488281
         1             3   0.292969
0        1             2   0.195312



               count        pct
Rac1   RhoA                    
001    100       280  27.343750
010    001       218  21.289062
0      1         201  19.628906
011    0         162  15.820312
100000 110011    143  13.964844
1      0          20   1.953125



