                   count        pct
Actin_BR Actin_ST                  
1        0           493  48.144531
010000   0           166  16.210938
010      0           160  15.625000
001      0           105  10.253906
101      0            82   8.007812
0        0            18   1.757812



               count        pct
Rac1   RhoA                    
1      0         493  48.144531
000010 001111    166  16.210938
010    001       160  15.625000
001    100       105  10.253906
101    0          82   8.007812
0      1          10   0.976562
       0           8   0.781250



