                                         count        pct
cycle_Actin_BR_norm cycle_Actin_ST_norm                  
0                   0                      483  47.167969
0001                0001                   254  24.804688
                    1001                   110  10.742188
0110                1001                    31   3.027344
1                   1                       29   2.832031
011                 010                     27   2.636719
01011011010         01000011010             26   2.539062
001                 001100                  22   2.148438
01                  01                      21   2.050781
1110                1001                    13   1.269531
0110                0111                     6   0.585938
1                   0                        2   0.195312



