                     count        pct
cycle_Actin_BR_norm                  
1                      424  41.406250
0                      277  27.050781
01                     142  13.867188
0100                    65   6.347656
1001                    61   5.957031
110                     32   3.125000
0111                    18   1.757812
100000                   5   0.488281



                     count        pct
cycle_Actin_ST_norm                  
0                      397  38.769531
1                      283  27.636719
1011                   162  15.820312
1000                    52   5.078125
0110                    48   4.687500
10                      39   3.808594
101                     21   2.050781
01                      17   1.660156
111100                   5   0.488281



                   count        pct
cycle_Arp2_3_norm                  
1                    424  41.406250
0                    277  27.050781
10                   142  13.867188
1000                  65   6.347656
0011                  61   5.957031
101                   32   3.125000
1110                  18   1.757812
000001                 5   0.488281



               count        pct
cycle_CP_norm                  
1                524  51.171875
0                500  48.828125



                  count        pct
cycle_Cdc42_norm                  
0                   527  51.464844
1                   497  48.535156



                    count        pct
cycle_Cofilin_norm                  
0                     604  58.984375
1                     281  27.441406
0100                   72   7.031250
1100                   38   3.710938
10                     21   2.050781
01                      8   0.781250



                    count        pct
cycle_Coronin_norm                  
0                     686  66.992188
1000                  197  19.238281
1                      91   8.886719
1101                   46   4.492188
01                      4   0.390625



                      count    pct
cycle_Cortactin_norm              
0                      1024  100.0



                 count    pct
cycle_Dia1_norm              
0                 1024  100.0



                 count        pct
cycle_Dia2_norm                  
1                  552  53.906250
0111               416  40.625000
011                 32   3.125000
01                  13   1.269531
11011                6   0.585938
110111               5   0.488281



                     count        pct
cycle_Ena_Vasp_norm                  
1                     1013  98.925781
11100                    6   0.585938
111101                   5   0.488281



                   count        pct
cycle_IRSp53_norm                  
1                    531  51.855469
0                    464  45.312500
1101                  18   1.757812
11001                  6   0.585938
110011                 5   0.488281



                 count        pct
cycle_LIMK_norm                  
1                  686  66.992188
0111               197  19.238281
0                   91   8.886719
0010                46   4.492188
10                   4   0.390625



                count        pct
cycle_PAK_norm                  
1                 995  97.167969
1101               18   1.757812
11001               6   0.585938
110011              5   0.488281



                 count        pct
cycle_PIP2_norm                  
0                  524  51.171875
1                  500  48.828125



                count        pct
cycle_PKD_norm                  
1                 506  49.414062
1001              197  19.238281
1011              171  16.699219
0                  91   8.886719
1000               46   4.492188
10                 13   1.269531



                     count        pct
cycle_Profilin_norm                  
1                      474  46.289062
0                      397  38.769531
0001                    52   5.078125
1100                    48   4.687500
0111                    24   2.343750
01                      16   1.562500
10                       8   0.781250
111001                   5   0.488281



                 count        pct
cycle_ROCK_norm                  
1                  506  49.414062
0011               197  19.238281
0111               171  16.699219
0                   91   8.886719
0001                46   4.492188
01                  13   1.269531



                  count        pct
cycle_ROCK__norm                  
1                   506  49.414062
1001                197  19.238281
1011                171  16.699219
0                    91   8.886719
1000                 46   4.492188
10                   13   1.269531



                 count        pct
cycle_Rac1_norm                  
0                  506  49.414062
0011               199  19.433594
0010               171  16.699219
1011                46   4.492188
1                   46   4.492188
110                 32   3.125000
10                  13   1.269531
10011                6   0.585938
100111               5   0.488281



                 count        pct
cycle_RhoA_norm                  
1                  506  49.414062
0110               217  21.191406
1110               171  16.699219
0                   46   4.492188
100                 32   3.125000
0010                28   2.734375
10                  13   1.269531
00111                6   0.585938
001110               5   0.488281



                count        pct
cycle_SSH_norm                  
0                 686  66.992188
0001              197  19.238281
1                  91   8.886719
1011               46   4.492188
10                  4   0.390625



                     count        pct
cycle_Thymosin_norm                  
0                      474  46.289062
1                      307  29.980469
01                     243  23.730469



                 count        pct
cycle_WASP_norm                  
1                  474  46.289062
0                  307  29.980469
01                 243  23.730469



                 count        pct
cycle_WAVE_norm                  
0                  506  49.414062
1001               199  19.433594
0001               171  16.699219
1101                46   4.492188
1                   46   4.492188
011                 32   3.125000
01                  13   1.269531
11001                6   0.585938
110011               5   0.488281



