                                         count        pct
cycle_Actin_BR_norm cycle_Actin_ST_norm                  
0                   0                      277  27.050781
1                   1                      263  25.683594
                    1011                   153  14.941406
01                  0                       94   9.179688
0100                0110                    28   2.734375
                    0                       26   2.539062
1001                1000                    24   2.343750
01                  1000                    24   2.343750
110                 101                     21   2.050781
1001                0110                    20   1.953125
01                  10                      16   1.562500
1001                10                      14   1.367188
110                 1                       11   1.074219
0111                1011                     9   0.878906
                    1                        9   0.878906
1                   10                       8   0.781250
01                  01                       8   0.781250
0100                01                       6   0.585938
100000              111100                   5   0.488281
0100                1000                     4   0.390625
1001                01                       3   0.292969
0100                10                       1   0.097656



