          count        pct
ARHGAP22                  
1          1346  65.722656
11110       218  10.644531
11101       131   6.396484
01101       102   4.980469
11010        79   3.857422
11100        67   3.271484
10100        34   1.660156
11000        28   1.367188
00010        24   1.171875
             13   0.634766
0             6   0.292969



            count        pct
Actin_BR                    
0            1085  52.978516
1             496  24.218750
01            196   9.570312
0010010100    131   6.396484
0101001011     79   3.857422
00010          29   1.416016
00101          19   0.927734
               13   0.634766



          count        pct
Actin_ST                  
1           773  37.744141
0           661  32.275391
11110       325  15.869141
01          197   9.619141
01101        79   3.857422
             13   0.634766



            count        pct
Arp2_3                      
0            1085  52.978516
1             496  24.218750
10            196   9.570312
0100101000    131   6.396484
1010010110     79   3.857422
00100          29   1.416016
01010          19   0.927734
               13   0.634766



    count        pct
CP                  
0    1021  49.853516
1    1014  49.511719
       13   0.634766



       count        pct
Cdc42                  
0       1018  49.707031
1       1017  49.658203
          13   0.634766



         count        pct
Cofilin                  
0         1568  76.562500
01         196   9.570312
11011       97   4.736328
11010       48   2.343750
1           45   2.197266
10011       37   1.806641
01010       19   0.927734
00001       13   0.634766
            13   0.634766
01100       12   0.585938



         count        pct
Coronin                  
0         2035  99.365234
            13   0.634766



           count        pct
Cortactin                  
0           1346  65.722656
01000        218  10.644531
10000        131   6.396484
10100        102   4.980469
01001         79   3.857422
11000         67   3.271484
11010         34   1.660156
11001         28   1.367188
01111         24   1.171875
              13   0.634766
1              6   0.292969



       count        pct
Dia1                   
0       1017  49.658203
1        561  27.392578
11011    252  12.304688
10101     79   3.857422
11010     54   2.636719
10011     30   1.464844
10001     16   0.781250
01001     15   0.732422
          13   0.634766
00100     11   0.537109



       count        pct
Dia2                   
1       1352  66.015625
11110    378  18.457031
11011    210  10.253906
11001     95   4.638672
          13   0.634766



          count        pct
Ena_Vasp                  
1          2034  99.316406
             13   0.634766
01            1   0.048828



              count        pct
IRSp53_Cdc42                  
0              1018  49.707031
1              1017  49.658203
                 13   0.634766



             count        pct
IRSp53_Rac1                  
0             1346  65.722656
01000          218  10.644531
10000          131   6.396484
10100          102   4.980469
01001           79   3.857422
11000           67   3.271484
11010           34   1.660156
11001           28   1.367188
01111           24   1.171875
                13   0.634766
1                6   0.292969



      count        pct
LIMK                  
1      2035  99.365234
         13   0.634766



      count        pct
NET1                  
0      1020  49.804688
1      1015  49.560547
         13   0.634766



     count        pct
PAK                  
1     1020  49.804688
0     1015  49.560547
        13   0.634766



      count        pct
PIP2                  
1      1021  49.853516
0      1014  49.511719
         13   0.634766



       count        pct
PKD                    
1       1346  65.722656
11110    218  10.644531
11101    131   6.396484
01101    102   4.980469
11010     79   3.857422
11100     67   3.271484
10100     34   1.660156
11000     28   1.367188
00010     24   1.171875
          13   0.634766
0          6   0.292969



          count        pct
Profilin                  
1           967  47.216797
0           661  32.275391
10          197   9.619141
11101       131   6.396484
11010        79   3.857422
             13   0.634766



       count        pct
ROCK                   
1       1346  65.722656
11101    218  10.644531
11011    131   6.396484
11010    102   4.980469
10101     79   3.857422
11001     67   3.271484
01001     34   1.660156
10001     28   1.367188
00100     24   1.171875
          13   0.634766
0          6   0.292969



       count        pct
ROS                    
0       1346  65.722656
01000    218  10.644531
10000    131   6.396484
10100    102   4.980469
01001     79   3.857422
11000     67   3.271484
11010     34   1.660156
11001     28   1.367188
01111     24   1.171875
          13   0.634766
1          6   0.292969



       count        pct
Rac1                   
0       1346  65.722656
10000    218  10.644531
00001    131   6.396484
01001    102   4.980469
10010     79   3.857422
10001     67   3.271484
10101     34   1.660156
10011     28   1.367188
11110     24   1.171875
          13   0.634766
1          6   0.292969



       count        pct
RhoA                   
1       1346  65.722656
11011    218  10.644531
10111    131   6.396484
10101    102   4.980469
01011     79   3.857422
10011     67   3.271484
10010     34   1.660156
00011     28   1.367188
01000     24   1.171875
          13   0.634766
0          6   0.292969



     count        pct
SSH                  
0     2035  99.365234
        13   0.634766



          count        pct
Thymosin                  
0           706  34.472656
01          668  32.617188
1           661  32.275391
             13   0.634766



      count        pct
WASP                  
1       706  34.472656
01      668  32.617188
0       661  32.275391
         13   0.634766



      count        pct
WAVE                  
0      2035  99.365234
         13   0.634766



