                   count        pct
Actin_BR Actin_ST                  
0        0           560  54.687500
010      010         290  28.320312
         011         115  11.230469
101      010          28   2.734375
         0            17   1.660156
         1             8   0.781250
1        0             6   0.585938



           count        pct
Rac1 RhoA                  
0    1       306  29.882812
     0       254  24.804688
010  0       219  21.386719
     001     186  18.164062
101  0        53   5.175781
1    0         6   0.585938



