          count        pct
ARHGAP22                  
1          1023  49.951172
11110       284  13.867188
11011       277  13.525391
11010       254  12.402344
0           210  10.253906



          count    pct
Actin_BR              
0          2048  100.0



            count        pct
Actin_ST                    
1             742  36.230469
0             542  26.464844
01111         349  17.041016
10            182   8.886719
10001          80   3.906250
1101110011     67   3.271484
01011          20   0.976562
11110111       19   0.927734
11001111       16   0.781250
0111           14   0.683594
00000011       12   0.585938
10101111        3   0.146484
10010110        2   0.097656



        count    pct
Arp2_3              
0        2048  100.0



    count        pct
CP                  
1    1034  50.488281
0    1014  49.511719



       count        pct
Cdc42                  
1       1026  50.097656
0       1022  49.902344



          count        pct
Cofilin                   
0          1852  90.429688
1            96   4.687500
00010100     52   2.539062
10110100     30   1.464844
00011110     18   0.878906



         count        pct
Coronin                  
0         1838  89.746094
1          210  10.253906



           count        pct
Cortactin                  
0           1119  54.638672
01000        284  13.867188
00001        277  13.525391
01001        254  12.402344
10010110      70   3.417969
10000111      44   2.148438



          count        pct
Dia1                      
0          1034  50.488281
11101       284  13.867188
10111       277  13.525391
10101       254  12.402344
1            85   4.150391
01011010     70   3.417969
00011110     44   2.148438



          count        pct
Dia2                      
1          1119  54.638672
11101       416  20.312500
10111       399  19.482422
11011110     70   3.417969
10011111     44   2.148438



            count        pct
Ena_Vasp                    
1            1704  83.203125
1111111011    145   7.080078
1111101011     67   3.271484
0              54   2.636719
10             33   1.611328
01111          33   1.611328
01101          12   0.585938



              count        pct
IRSp53_Cdc42                  
1              1026  50.097656
0              1022  49.902344



             count        pct
IRSp53_Rac1                  
0             1119  54.638672
01000          284  13.867188
00001          277  13.525391
01001          254  12.402344
10010110        70   3.417969
10000111        44   2.148438



      count        pct
LIMK                  
1      1838  89.746094
0       210  10.253906



      count    pct
NET1              
0      2048  100.0



     count    pct
PAK              
0     2048  100.0



      count        pct
PIP2                  
0      1034  50.488281
1      1014  49.511719



       count        pct
PKD                    
1       1023  49.951172
11110    284  13.867188
11011    277  13.525391
11010    254  12.402344
0        210  10.253906



          count        pct
Profilin                  
1           742  36.230469
0           542  26.464844
11110       416  20.312500
01          182   8.886719
00011        68   3.320312
11101111     52   2.539062
10110        32   1.562500
00101101      7   0.341797
00000110      7   0.341797



       count        pct
ROCK                   
1       1023  49.951172
11101    284  13.867188
10111    277  13.525391
10101    254  12.402344
0        210  10.253906



          count        pct
ROS                       
0          1119  54.638672
01000       284  13.867188
00001       277  13.525391
01001       254  12.402344
10010110     70   3.417969
10000111     44   2.148438



          count        pct
Rac1                      
0          1119  54.638672
10000       284  13.867188
00010       277  13.525391
10010       254  12.402344
00101101     70   3.417969
00001111     44   2.148438



          count        pct
RhoA                      
1          1119  54.638672
11011       284  13.867188
01111       277  13.525391
01011       254  12.402344
10110100     70   3.417969
00111100     44   2.148438



     count        pct
SSH                  
0     1838  89.746094
1      210  10.253906



          count        pct
Thymosin                  
0           743  36.279297
1           611  29.833984
10          449  21.923828
01          245  11.962891



      count        pct
WASP                  
1       698  34.082031
0       656  32.031250
10      449  21.923828
01      245  11.962891



          count        pct
WAVE                      
0          1119  54.638672
01100       284  13.867188
10001       277  13.525391
11101       254  12.402344
11011111     70   3.417969
11000111     44   2.148438



