                     count        pct
Actin_BR Actin_ST                    
0        1             742  36.230469
         0             542  26.464844
         01111         349  17.041016
         10            182   8.886719
         10001          80   3.906250
         1101110011     67   3.271484
         01011          20   0.976562
         11110111       19   0.927734
         11001111       16   0.781250
         0111           14   0.683594
         00000011       12   0.585938
         10101111        3   0.146484
         10010110        2   0.097656



                   count        pct
Rac1     RhoA                      
0        1          1119  54.638672
10000    11011       284  13.867188
00010    01111       277  13.525391
10010    01011       254  12.402344
00101101 10110100     70   3.417969
00001111 00111100     44   2.148438



