          count        pct
ARHGAP22                  
0           698  68.164062
100         119  11.621094
1            87   8.496094
111100       81   7.910156
010          39   3.808594



          count        pct
Actin_BR                  
1           476  46.484375
100         195  19.042969
0           115  11.230469
000100       81   7.910156
101          56   5.468750
001          55   5.371094
011          46   4.492188



          count    pct
Actin_ST              
0          1024  100.0



        count        pct
Arp2_3                  
1         476  46.484375
001       195  19.042969
0         115  11.230469
001000     81   7.910156
011        56   5.468750
010        55   5.371094
110        46   4.492188



        count        pct
CP                      
1         518  50.585938
0         399  38.964844
001000     55   5.371094
001010     27   2.636719
001        13   1.269531
10         10   0.976562
101         2   0.195312



       count        pct
Cdc42                  
1        519  50.683594
0        505  49.316406



         count    pct
Cofilin              
0         1024  100.0



         count        pct
Coronin                  
1          677  66.113281
0          343  33.496094
10           4   0.390625



           count        pct
Cortactin                  
1            476  46.484375
010          195  19.042969
0            115  11.230469
010000        81   7.910156
110           56   5.468750
100           55   5.371094
101           46   4.492188



        count        pct
Dia1                    
0         838  81.835938
010       105  10.253906
111001     81   7.910156



        count        pct
Dia2                    
1         567  55.371094
011       234  22.851562
101       101   9.863281
111001     81   7.910156
0          24   2.343750
100        17   1.660156



          count        pct
Ena_Vasp                  
1           704  68.750000
010          94   9.179688
10           74   7.226562
0            61   5.957031
111110       41   4.003906
101011       39   3.808594
011110       11   1.074219



              count        pct
IRSp53_Cdc42                  
1               519  50.683594
0               505  49.316406



             count        pct
IRSp53_Rac1                  
1              476  46.484375
010            195  19.042969
0              115  11.230469
010000          81   7.910156
110             56   5.468750
100             55   5.371094
101             46   4.492188



        count        pct
LIMK                    
0         677  66.113281
1         262  25.585938
111110     81   7.910156
01          4   0.390625



        count        pct
NET1                    
0         536  52.343750
110       178  17.382812
1          91   8.886719
110111     81   7.910156
101        55   5.371094
001        46   4.492188
100        37   3.613281



        count        pct
PAK                     
1         536  52.343750
010       178  17.382812
0          91   8.886719
010000     81   7.910156
100        55   5.371094
101        46   4.492188
110        37   3.613281



      count        pct
PIP2                  
0       518  50.585938
1       506  49.414062



        count        pct
PKD                     
0         698  68.164062
100       119  11.621094
1          87   8.496094
111100     81   7.910156
010        39   3.808594



          count    pct
Profilin              
0          1024  100.0



        count        pct
ROCK                    
0         698  68.164062
001       119  11.621094
1          87   8.496094
111001     81   7.910156
100        39   3.808594



        count        pct
ROS                     
1         476  46.484375
010       195  19.042969
0         115  11.230469
010000     81   7.910156
110        56   5.468750
100        55   5.371094
101        46   4.492188



        count        pct
Rac1                    
1         476  46.484375
100       195  19.042969
0         115  11.230469
100000     81   7.910156
101        56   5.468750
001        55   5.371094
011        46   4.492188



        count        pct
RhoA                    
0         619  60.449219
010       178  17.382812
1          91   8.886719
110011     81   7.910156
100        55   5.371094



     count        pct
SSH                  
1      677  66.113281
0      343  33.496094
01       4   0.390625



          count        pct
Thymosin                  
01          415  40.527344
1           309  30.175781
0           300  29.296875



      count        pct
WASP                  
01      415  40.527344
0       309  30.175781
1       300  29.296875



        count        pct
WAVE                    
1         578  56.445312
011       195  19.042969
0         115  11.230469
011000     81   7.910156
110        55   5.371094



