                   count        pct
Actin_BR Actin_ST                  
1        0           476  46.484375
100      0           195  19.042969
0        0           115  11.230469
000100   0            81   7.910156
101      0            56   5.468750
001      0            55   5.371094
011      0            46   4.492188



               count        pct
Rac1   RhoA                    
1      0         476  46.484375
100    010       178  17.382812
0      1          91   8.886719
100000 110011     81   7.910156
101    0          56   5.468750
001    100        55   5.371094
011    0          46   4.492188
0      0          24   2.343750
100    0          17   1.660156



