          count        pct
ARHGAP22                  
1           815  79.589844
11011        74   7.226562
11010        41   4.003906
11001        22   2.148438
00101        21   2.050781
00100        19   1.855469
10001        14   1.367188
10010        12   1.171875
0             6   0.585938



          count        pct
Actin_BR                  
0           547  53.417969
1           249  24.316406
01          228  22.265625



          count        pct
Actin_ST                  
0           482  47.070312
01          339  33.105469
1           203  19.824219



        count        pct
Arp2_3                  
0         547  53.417969
1         249  24.316406
10        228  22.265625



    count        pct
CP                  
0     783  76.464844
1     142  13.867188
01     99   9.667969



       count        pct
Cdc42                  
1        527  51.464844
0        497  48.535156



            count        pct
Cofilin                     
0             786  76.757812
01             98   9.570312
11110          47   4.589844
10110          19   1.855469
1              18   1.757812
10100          14   1.367188
00111          13   1.269531
00110           9   0.878906
10000           8   0.781250
0101000000      6   0.585938
0000010000      6   0.585938



         count    pct
Coronin              
0         1024  100.0



           count        pct
Cortactin                  
0            815  79.589844
00001         74   7.226562
01001         41   4.003906
10001         22   2.148438
10110         21   2.050781
11110         19   1.855469
10011         14   1.367188
01011         12   1.171875
1              6   0.585938



      count    pct
Dia1              
0      1024  100.0



      count        pct
Dia2                  
1      1020  99.609375
0         4   0.390625



          count        pct
Ena_Vasp                  
1          1022  99.804688
10            2   0.195312



              count        pct
IRSp53_Cdc42                  
1               527  51.464844
0               497  48.535156



             count        pct
IRSp53_Rac1                  
0              815  79.589844
00001           74   7.226562
01001           41   4.003906
10001           22   2.148438
10110           21   2.050781
11110           19   1.855469
10011           14   1.367188
01011           12   1.171875
1                6   0.585938



      count    pct
LIMK              
1      1024  100.0



      count        pct
NET1                  
0       531  51.855469
1       493  48.144531



     count        pct
PAK                  
1      531  51.855469
0      493  48.144531



      count        pct
PIP2                  
1       515  50.292969
0       509  49.707031



       count        pct
PKD                    
1        815  79.589844
11011     74   7.226562
11010     41   4.003906
11001     22   2.148438
00101     21   2.050781
00100     19   1.855469
10001     14   1.367188
10010     12   1.171875
0          6   0.585938



          count        pct
Profilin                  
1           346  33.789062
10          339  33.105469
0           339  33.105469



       count        pct
ROCK                   
1        815  79.589844
10111     74   7.226562
10101     41   4.003906
10011     22   2.148438
01010     21   2.050781
01000     19   1.855469
00011     14   1.367188
00101     12   1.171875
0          6   0.585938



       count        pct
ROS                    
0        815  79.589844
00001     74   7.226562
01001     41   4.003906
10001     22   2.148438
10110     21   2.050781
11110     19   1.855469
10011     14   1.367188
01011     12   1.171875
1          6   0.585938



       count        pct
Rac1                   
0        815  79.589844
00010     74   7.226562
10010     41   4.003906
00011     22   2.148438
01101     21   2.050781
11101     19   1.855469
00111     14   1.367188
10110     12   1.171875
1          6   0.585938



       count        pct
RhoA                   
1        815  79.589844
01111     74   7.226562
01011     41   4.003906
00111     22   2.148438
10100     21   2.050781
10000     19   1.855469
00110     14   1.367188
01010     12   1.171875
0          6   0.585938



     count    pct
SSH              
0     1024  100.0



          count        pct
Thymosin                  
01          362  35.351562
1           339  33.105469
0           323  31.542969



      count        pct
WASP                  
01      362  35.351562
0       339  33.105469
1       323  31.542969



       count        pct
WAVE                   
0        815  79.589844
10001     74   7.226562
1         58   5.664062
11101     55   5.371094
11001     22   2.148438



