                   count        pct
Actin_BR Actin_ST                  
0        0           339  33.105469
01       01          228  22.265625
1        0           143  13.964844
0        01          111  10.839844
1        1           106  10.351562
0        1            97   9.472656



             count        pct
Rac1  RhoA                   
0     1        815  79.589844
00010 01111     74   7.226562
10010 01011     41   4.003906
00011 00111     22   2.148438
01101 10100     21   2.050781
11101 10000     19   1.855469
00111 00110     14   1.367188
10110 01010     12   1.171875
1     0          6   0.585938



