                                         count        pct
cycle_Actin_BR_norm cycle_Actin_ST_norm                  
0                   0                      200  19.531250
101                 1                      198  19.335938
1                   1                      160  15.625000
001                 1                      142  13.867188
101                 011                    135  13.183594
001                 0                      106  10.351562
                    100                     50   4.882812
1                   0                       15   1.464844
0                   1                       12   1.171875
                    10                       6   0.585938



