                    count        pct
Actin_BR Actin_ST                   
1        1            454  44.335938
0        0            215  20.996094
100      001           99   9.667969
         1             88   8.593750
                       36   3.515625
011      1             25   2.441406
         001           24   2.343750
000010   1             22   2.148438
         000111        20   1.953125
         001111        13   1.269531
0        01            10   0.976562
000010   000001         6   0.585938
0        1              6   0.585938
         000001100      6   0.585938



                     count        pct
Rac1      RhoA                       
1         0            454  44.335938
100       010          199  19.433594
0         1            124  12.109375
          0             95   9.277344
010000    111001        61   5.957031
011       0             49   4.785156
                        36   3.515625
001111000 111100000      6   0.585938



