                                         count        pct
cycle_Actin_BR_norm cycle_Actin_ST_norm                  
0                   0                      413  40.332031
1                   0                      345  33.691406
0110                01                      70   6.835938
01                  0001                    48   4.687500
1011                0001                    42   4.101562
101                 0                       38   3.710938
1011                0                       32   3.125000
01                  01                      17   1.660156
1000                0                       11   1.074219
                    0001                     8   0.781250



