                                         count        pct
cycle_Actin_BR_norm cycle_Actin_ST_norm                  
1                   1                      351  34.277344
110                 1                      190  18.554688
                    101                    188  18.359375
001                 1                      120  11.718750
                    0                       87   8.496094
0                   0                       61   5.957031
                    1                       19   1.855469
001                 100                      8   0.781250



