                     count        pct
Actin_BR Actin_ST                    
1        0             277  27.050781
         1             233  22.753906
011      100            66   6.445312
000100   110101         65   6.347656
010      110            61   5.957031
011      1              55   5.371094
010      1              51   4.980469
000100   1              41   4.003906
010011   1              30   2.929688
000100   011111         30   2.929688
010001   000101         25   2.441406
010011   010            24   2.343750
0        0              12   1.171875
010001   1              11   1.074219
         110             8   0.781250
0        1               8   0.781250
010001   011111          7   0.683594
010      011111          5   0.488281
1000     1011            5   0.488281
010001   100101          3   0.292969
01       0               2   0.195312
0        10              2   0.195312
1000     1               1   0.097656
01       1               1   0.097656
0        0000011110      1   0.097656



                       count        pct
Rac1       RhoA                        
1          0             510  49.804688
100000     111011        136  13.281250
011        100           126  12.304688
010        101           112  10.937500
011010     101100         54   5.273438
001010     101110         54   5.273438
0          0              15   1.464844
           1               7   0.683594
01         01              6   0.585938
10         10              3   0.292969
0000111110 0011111000      1   0.097656



