                   count        pct
Actin_BR Actin_ST                  
1        1           232  22.656250
         0           230  22.460938
001      010         136  13.281250
         1           124  12.109375
0        0           124  12.109375
011      1            56   5.468750
         010          54   5.273438
0        10           52   5.078125
         1            16   1.562500



           count        pct
Rac1 RhoA                  
1    0       462  45.117188
001  1       260  25.390625
0    1       192  18.750000
011  101     110  10.742188



