                    count        pct
Actin_BR Actin_ST                   
1        0            435  42.480469
         1            310  30.273438
110      100          195  19.042969
         1             55   5.371094
0        000001111     13   1.269531
         11110111      10   0.976562
         101            6   0.585938



                     count        pct
Rac1      RhoA                       
1         0            745  72.753906
110       011          256  25.000000
000011111 001111100     13   1.269531
00001111  00111100      10   0.976562



