          count        pct
ARHGAP22                  
1          1774  86.621094
0           234  11.425781
             31   1.513672
100           9   0.439453



               count        pct
Actin_BR                       
0               1802  87.988281
010              102   4.980469
101               71   3.466797
0100100010010     31   1.513672
                  31   1.513672
1                 11   0.537109



               count        pct
Actin_ST                       
0               1905  93.017578
001               60   2.929688
0110111010010     31   1.513672
                  31   1.513672
011               21   1.025391



               count        pct
Arp2_3                         
0               1802  87.988281
100              102   4.980469
011               71   3.466797
1001000100100     31   1.513672
                  31   1.513672
1                 11   0.537109



               count        pct
CP                             
1               1044  50.976562
0                870  42.480469
001               41   2.001953
011               31   1.513672
0100100010010     31   1.513672
                  31   1.513672



       count        pct
Cdc42                  
1       1016  49.609375
0       1001  48.876953
          31   1.513672



               count        pct
Cofilin                        
0               1786  87.207031
1                128   6.250000
001               41   2.001953
011               31   1.513672
0100000010010     31   1.513672
                  31   1.513672



         count        pct
Coronin                  
0         1774  86.621094
1          234  11.425781
            31   1.513672
110          9   0.439453



               count        pct
Cortactin                      
0               1793  87.548828
001              111   5.419922
110               71   3.466797
0011011011001     31   1.513672
                  31   1.513672
1                 11   0.537109



               count        pct
Dia1                           
0               1063  51.904297
1                861  42.041016
010               53   2.587891
1101101100100     31   1.513672
                  31   1.513672
011                9   0.439453



               count        pct
Dia2                           
1               1874  91.503906
101              112   5.468750
1111111111101     31   1.513672
                  31   1.513672



          count        pct
Ena_Vasp                  
0          2017  98.486328
             31   1.513672



              count        pct
IRSp53_Cdc42                  
1              1016  49.609375
0              1001  48.876953
                 31   1.513672



               count        pct
IRSp53_Rac1                    
0               1793  87.548828
001              102   4.980469
110               80   3.906250
0011011011001     31   1.513672
                  31   1.513672
1                 11   0.537109



      count        pct
LIMK                  
1      1774  86.621094
0       234  11.425781
         31   1.513672
001       9   0.439453



               count        pct
NET1                           
0               1021  49.853516
1                895  43.701172
001               37   1.806641
101               33   1.611328
0110010010011     31   1.513672
                  31   1.513672



               count        pct
PAK                            
1               1021  49.853516
0                895  43.701172
101               37   1.806641
100               33   1.611328
0011011011001     31   1.513672
                  31   1.513672



      count        pct
PIP2                  
0      1039  50.732422
1       978  47.753906
         31   1.513672



     count        pct
PKD                  
1     1774  86.621094
0      234  11.425781
        31   1.513672
100      9   0.439453



               count        pct
Profilin                       
0               1796  87.695312
110              130   6.347656
1                 60   2.929688
1101110110110     31   1.513672
                  31   1.513672



      count        pct
ROCK                  
1      1774  86.621094
0       234  11.425781
         31   1.513672
001       9   0.439453



               count        pct
ROS                            
0               1793  87.548828
001              102   4.980469
110               80   3.906250
0011011011001     31   1.513672
                  31   1.513672
1                 11   0.537109



               count        pct
Rac1                           
0               1793  87.548828
010              102   4.980469
101               80   3.906250
0110110110010     31   1.513672
                  31   1.513672
1                 11   0.537109



               count        pct
RhoA                           
1               1826  89.160156
011              106   5.175781
100               43   2.099609
1111011011011     31   1.513672
                  31   1.513672
0                 11   0.537109



     count        pct
SSH                  
0     1774  86.621094
1      234  11.425781
        31   1.513672
101      9   0.439453



               count        pct
Thymosin                       
1               1786  87.207031
0                128   6.250000
011               41   2.001953
1101111110110     31   1.513672
010               31   1.513672
                  31   1.513672



      count        pct
WASP                  
0      2017  98.486328
         31   1.513672



               count        pct
WAVE                           
0               1793  87.548828
101              102   4.980469
1                 91   4.443359
1011111111101     31   1.513672
                  31   1.513672



