                   count        pct
Actin_BR Actin_ST                  
100      0           273  26.660156
         010         217  21.191406
011      101         180  17.578125
0        0           112  10.937500
011      010          99   9.667969
1        0            89   8.691406
011      0            46   4.492188
1        1             8   0.781250



           count        pct
Rac1 RhoA                  
011  0       325  31.738281
100  100     276  26.953125
     0       214  20.898438
1    0        97   9.472656
0    1        60   5.859375
     0        52   5.078125



