                   count        pct
Actin_BR Actin_ST                  
1        0           477  46.582031
0        0           112  10.937500
010      010         109  10.644531
100      101          81   7.910156
010000   110001       54   5.273438
100      0            46   4.492188
101      100          39   3.808594
         0            35   3.417969
010000   011110       31   3.027344
1        01           19   1.855469
010000   000010       11   1.074219
100      100           7   0.683594
0        1             3   0.292969



               count        pct
Rac1   RhoA                    
1      0         496  48.437500
100    010       134  13.085938
010    001       109  10.644531
000010 001111     96   9.375000
0      1          96   9.375000
101    0          74   7.226562
0      0          19   1.855469



