          count        pct
ARHGAP22                  
1           989  48.291016
0           330  16.113281
10111       229  11.181641
11011       134   6.542969
10101       132   6.445312
11001        94   4.589844
10110        67   3.271484
10001        59   2.880859
001          14   0.683594



            count        pct
Actin_BR                    
0             939  45.849609
1             768  37.500000
0110001101    134   6.542969
11011          67   3.271484
011            58   2.832031
00010          39   1.904297
1111001110     33   1.611328
01001          10   0.488281



            count        pct
Actin_ST                    
1            1765  86.181641
1111111101    234  11.425781
01111          49   2.392578



            count        pct
Arp2_3                      
0             939  45.849609
1             768  37.500000
1100011010    134   6.542969
10111          67   3.271484
110            58   2.832031
00100          39   1.904297
1110011101     33   1.611328
10010          10   0.488281



    count    pct
CP              
0    2048  100.0



       count        pct
Cdc42                  
0       1027  50.146484
1       1021  49.853516



            count        pct
Cofilin                     
0             988  48.242188
1             514  25.097656
0100000101    201   9.814453
11110         190   9.277344
10110         122   5.957031
1010001010     33   1.611328



         count        pct
Coronin                  
0         1551  75.732422
1          330  16.113281
10000       94   4.589844
10001       59   2.880859
101         14   0.683594



           count        pct
Cortactin                  
0            989  48.291016
1            286  13.964844
00010        229  11.181641
10001        153   7.470703
00001        134   6.542969
10010        132   6.445312
01010         67   3.271484
101           44   2.148438
001           14   0.683594



       count        pct
Dia1                   
1        989  48.291016
0        286  13.964844
01111    229  11.181641
10111    134   6.542969
01011    132   6.445312
10011     94   4.589844
01101     67   3.271484
00011     59   2.880859
110       58   2.832031



       count        pct
Dia2                   
1       1333  65.087891
01111    361  17.626953
10111    201   9.814453
10011    153   7.470703



          count        pct
Ena_Vasp                  
1          2034  99.316406
110          14   0.683594



              count        pct
IRSp53_Cdc42                  
0              1027  50.146484
1              1021  49.853516



             count        pct
IRSp53_Rac1                  
0              989  48.291016
1              286  13.964844
00010          229  11.181641
00001          134   6.542969
10010          132   6.445312
10001           94   4.589844
01010           67   3.271484
10011           59   2.880859
101             58   2.832031



       count        pct
LIMK                   
1       1551  75.732422
0        330  16.113281
01111     94   4.589844
01110     59   2.880859
010       14   0.683594



      count        pct
NET1                  
0      1089  53.173828
1       901  43.994141
001      58   2.832031



     count        pct
PAK                  
1     1089  53.173828
0      901  43.994141
101     58   2.832031



      count    pct
PIP2              
0      2048  100.0



       count        pct
PKD                    
1        989  48.291016
0        330  16.113281
10111    229  11.181641
11011    134   6.542969
10101    132   6.445312
11001     94   4.589844
10110     67   3.271484
10001     59   2.880859
001       14   0.683594



            count        pct
Profilin                    
1            1765  86.181641
1111111011    234  11.425781
11110          49   2.392578



       count        pct
ROCK                   
1        989  48.291016
0        330  16.113281
01111    229  11.181641
10111    134   6.542969
01011    132   6.445312
10011     94   4.589844
01101     67   3.271484
00011     59   2.880859
010       14   0.683594



       count        pct
ROS                    
0        989  48.291016
1        286  13.964844
00010    229  11.181641
00001    134   6.542969
10010    132   6.445312
10001     94   4.589844
01010     67   3.271484
10011     59   2.880859
101       58   2.832031



       count        pct
Rac1                   
0        989  48.291016
1        286  13.964844
00100    229  11.181641
00010    134   6.542969
00101    132   6.445312
00011     94   4.589844
10100     67   3.271484
00111     59   2.880859
011       58   2.832031



       count        pct
RhoA                   
1        989  48.291016
0        286  13.964844
11110    229  11.181641
01111    134   6.542969
10110    132   6.445312
00111     94   4.589844
11010     67   3.271484
00110     59   2.880859
101       58   2.832031



       count        pct
SSH                    
0       1551  75.732422
1        330  16.113281
00001     94   4.589844
00011     59   2.880859
011       14   0.683594



          count        pct
Thymosin                  
1           955  46.630859
0           826  40.332031
01          267  13.037109



      count        pct
WASP                  
0       955  46.630859
1       812  39.648438
01      267  13.037109
101      14   0.683594



       count        pct
WAVE                   
0        989  48.291016
1        344  16.796875
00011    229  11.181641
11011    191   9.326172
10001    134   6.542969
11001     94   4.589844
01111     67   3.271484



