                       count        pct
Actin_BR   Actin_ST                    
0          1             939  45.849609
1          1             768  37.500000
0110001101 1111111101    134   6.542969
11011      1111111101     67   3.271484
011        1              58   2.832031
00010      01111          39   1.904297
1111001110 1111111101     33   1.611328
01001      01111          10   0.488281



             count        pct
Rac1  RhoA                   
0     1        989  48.291016
1     0        286  13.964844
00100 11110    229  11.181641
00010 01111    134   6.542969
00101 10110    132   6.445312
00011 00111     94   4.589844
10100 11010     67   3.271484
00111 00110     59   2.880859
011   101       58   2.832031



