          count        pct
ARHGAP22                  
0           548  53.515625
011110      408  39.843750
001          56   5.468750
1             8   0.781250
              4   0.390625



          count        pct
Actin_BR                  
0          1020  99.609375
              4   0.390625



           count        pct
Actin_ST                   
1            349  34.082031
10           226  22.070312
001111       221  21.582031
111110       100   9.765625
0             41   4.003906
001           31   3.027344
000111111     27   2.636719
101011        24   2.343750
               4   0.390625
000000111      1   0.097656



        count        pct
Arp2_3                  
0        1020  99.609375
            4   0.390625



    count        pct
CP                  
0    1020  99.609375
        4   0.390625



       count        pct
Cdc42                  
0        528  51.562500
1        492  48.046875
           4   0.390625



         count        pct
Cofilin                  
0          853  83.300781
1           85   8.300781
10          82   8.007812
             4   0.390625



         count        pct
Coronin                  
0          755  73.730469
10         157  15.332031
1          108  10.546875
             4   0.390625



           count        pct
Cortactin                  
0           1020  99.609375
               4   0.390625



           count        pct
Dia1                       
0            492  48.046875
111100       408  39.843750
010           70   6.835938
000111100     42   4.101562
1              8   0.781250
               4   0.390625



           count        pct
Dia2                       
1            500  48.828125
111100       408  39.843750
010           70   6.835938
000111100     42   4.101562
               4   0.390625



           count        pct
Ena_Vasp                   
1            616  60.156250
001111       221  21.582031
111101       100   9.765625
100           30   2.929688
000011110     27   2.636719
110101        21   2.050781
               4   0.390625
01             3   0.292969
0              2   0.195312



              count        pct
IRSp53_Cdc42                  
0               528  51.562500
1               492  48.046875
                  4   0.390625



             count        pct
IRSp53_Rac1                  
0              500  48.828125
001000         408  39.843750
100             70   6.835938
000001111       42   4.101562
                 4   0.390625



        count        pct
LIMK                    
011111    408  39.843750
1         347  33.886719
01        157  15.332031
0         108  10.546875
            4   0.390625



           count        pct
NET1                       
0            492  48.046875
111011       408  39.843750
101           70   6.835938
011111000     42   4.101562
1              8   0.781250
               4   0.390625



           count        pct
PAK                        
1            492  48.046875
001000       408  39.843750
100           70   6.835938
000001111     42   4.101562
0              8   0.781250
               4   0.390625



      count        pct
PIP2                  
1       521  50.878906
0       499  48.730469
          4   0.390625



        count        pct
PKD                     
0         548  53.515625
011110    408  39.843750
001        56   5.468750
1           8   0.781250
            4   0.390625



           count        pct
Profilin                   
1            349  34.082031
01           226  22.070312
011110       221  21.582031
111101       124  12.109375
0             41   4.003906
011           31   3.027344
001111111     28   2.734375
               4   0.390625



        count        pct
ROCK                    
0         548  53.515625
111100    408  39.843750
010        56   5.468750
1           8   0.781250
            4   0.390625



           count        pct
ROS                        
0            500  48.828125
001000       408  39.843750
100           70   6.835938
000001111     42   4.101562
               4   0.390625



           count        pct
Rac1                       
0            500  48.828125
010000       408  39.843750
001           70   6.835938
000011110     42   4.101562
               4   0.390625



           count        pct
RhoA                       
0            492  48.046875
111001       408  39.843750
100           70   6.835938
001111000     42   4.101562
1              8   0.781250
               4   0.390625



     count        pct
SSH                  
0      755  73.730469
01     157  15.332031
1      108  10.546875
         4   0.390625



          count        pct
Thymosin                  
0           378  36.914062
10          352  34.375000
1           290  28.320312
              4   0.390625



           count        pct
WASP                       
10           352  34.375000
1            343  33.496094
0            290  28.320312
000111100     27   2.636719
001            8   0.781250
               4   0.390625



           count        pct
WAVE                       
0            500  48.828125
001100       408  39.843750
110           70   6.835938
100001111     42   4.101562
               4   0.390625



