                    count        pct
Actin_BR Actin_ST                   
0        1            349  34.082031
         10           226  22.070312
         001111       221  21.582031
         111110       100   9.765625
         0             41   4.003906
         001           31   3.027344
         000111111     27   2.636719
         101011        24   2.343750
                        4   0.390625
0        000000111      1   0.097656



                     count        pct
Rac1      RhoA                       
0         0            492  48.046875
010000    111001       408  39.843750
001       100           70   6.835938
000011110 001111000     42   4.101562
0         1              8   0.781250
                         4   0.390625



