                    count        pct
Actin_BR Actin_ST                   
0        1            351  34.277344
         001111       246  24.023438
         01           218  21.289062
         111011        94   9.179688
         0             76   7.421875
         100111111     25   2.441406
                        7   0.683594
0        101            5   0.488281
         000001110      2   0.195312



                     count        pct
Rac1      RhoA                       
0         0            485  47.363281
010000    111001       421  41.113281
010       001           46   4.492188
000011110 001111000     39   3.808594
100       010           20   1.953125
                         7   0.683594
0         1              6   0.585938



