          count        pct
ARHGAP22                  
1          1382  67.480469
11110       153   7.470703
11010       111   5.419922
10100        92   4.492188
11101        82   4.003906
10101        63   3.076172
01110        52   2.539062
01100        27   1.318359
11001        23   1.123047
10000        23   1.123047
00001        22   1.074219
10001        11   0.537109
0             7   0.341797



            count        pct
Actin_BR                    
0            1124  54.882812
1             469  22.900391
01            228  11.132812
0011010110     82   4.003906
11110          74   3.613281
00100          30   1.464844
0111011110     23   1.123047
11010          18   0.878906



          count        pct
Actin_ST                  
1           931  45.458984
0           659  32.177734
01          228  11.132812
11110       179   8.740234
00110        30   1.464844
01011        18   0.878906
00001         3   0.146484



            count        pct
Arp2_3                      
0            1124  54.882812
1             469  22.900391
10            228  11.132812
0110101100     82   4.003906
11101          74   3.613281
01000          30   1.464844
1110111100     23   1.123047
10101          18   0.878906



    count        pct
CP                  
1    1062  51.855469
0     984  48.046875
01      2   0.097656



       count        pct
Cdc42                  
1       1031  50.341797
0       1017  49.658203



         count    pct
Cofilin              
0         2048  100.0



         count    pct
Coronin              
0         2048  100.0



           count        pct
Cortactin                  
0           1382  67.480469
01000        153   7.470703
01001        111   5.419922
11010         92   4.492188
10000         82   4.003906
10010         63   3.076172
01100         52   2.539062
11100         27   1.318359
11011         23   1.123047
10001         23   1.123047
10111         22   1.074219
10011         11   0.537109
1              7   0.341797



       count        pct
Dia1                   
0       1066  52.050781
1        548  26.757812
01011    123   6.005859
11011     82   4.003906
11110     78   3.808594
01001     53   2.587891
00111     29   1.416016
10011     23   1.123047
00001     20   0.976562
10001     15   0.732422
00011     11   0.537109



       count        pct
Dia2                   
1       1389  67.822266
11101    329  16.064453
11011    217  10.595703
11100     79   3.857422
10011     34   1.660156



          count        pct
Ena_Vasp                  
1          2046  99.902344
01            2   0.097656



              count        pct
IRSp53_Cdc42                  
1              1031  50.341797
0              1017  49.658203



             count        pct
IRSp53_Rac1                  
0             1382  67.480469
01000          153   7.470703
01001          111   5.419922
11010           92   4.492188
10000           82   4.003906
10010           63   3.076172
01100           52   2.539062
11100           27   1.318359
11011           23   1.123047
10001           23   1.123047
10111           22   1.074219
10011           11   0.537109
1                7   0.341797



       count        pct
LIMK                   
1       1791  87.451172
11011     94   4.589844
01111     73   3.564453
10011     27   1.318359
00110     23   1.123047
01100     22   1.074219
01110     11   0.537109
0          7   0.341797



      count        pct
NET1                  
0      1035  50.537109
1      1013  49.462891



     count        pct
PAK                  
1     1035  50.537109
0     1013  49.462891



      count        pct
PIP2                  
0      1062  51.855469
1       986  48.144531



       count        pct
PKD                    
1       1382  67.480469
11110    153   7.470703
11010    111   5.419922
10100     92   4.492188
11101     82   4.003906
10101     63   3.076172
01110     52   2.539062
01100     27   1.318359
11001     23   1.123047
10000     23   1.123047
00001     22   1.074219
10001     11   0.537109
0          7   0.341797



          count        pct
Profilin                  
1           931  45.458984
0           659  32.177734
10          228  11.132812
11101       179   8.740234
01100        30   1.464844
10110        18   0.878906
00010         3   0.146484



       count        pct
ROCK                   
1       1382  67.480469
11101    153   7.470703
10101    111   5.419922
01001     92   4.492188
11011     82   4.003906
01011     63   3.076172
11100     52   2.539062
11000     27   1.318359
10011     23   1.123047
00001     23   1.123047
00010     22   1.074219
00011     11   0.537109
0          7   0.341797



       count        pct
ROS                    
0       1382  67.480469
01000    153   7.470703
01001    111   5.419922
11010     92   4.492188
10000     82   4.003906
10010     63   3.076172
01100     52   2.539062
11100     27   1.318359
11011     23   1.123047
10001     23   1.123047
10111     22   1.074219
10011     11   0.537109
1          7   0.341797



       count        pct
Rac1                   
0       1382  67.480469
10000    153   7.470703
10010    111   5.419922
10101     92   4.492188
00001     82   4.003906
00101     63   3.076172
11000     52   2.539062
11001     27   1.318359
10111     23   1.123047
00011     23   1.123047
01111     22   1.074219
00111     11   0.537109
1          7   0.341797



       count        pct
RhoA                   
1       1382  67.480469
11011    153   7.470703
01011    111   5.419922
10010     92   4.492188
10111     82   4.003906
10110     63   3.076172
11001     52   2.539062
10001     27   1.318359
00111     23   1.123047
00010     23   1.123047
00100     22   1.074219
00110     11   0.537109
0          7   0.341797



       count        pct
SSH                    
0       1791  87.451172
01000     94   4.589844
00001     73   3.564453
11000     27   1.318359
10011     23   1.123047
00111     22   1.074219
00011     11   0.537109
1          7   0.341797



          count        pct
Thymosin                  
1           710  34.667969
0           568  27.734375
10          519  25.341797
01          251  12.255859



      count        pct
WASP                  
0       710  34.667969
1       568  27.734375
10      519  25.341797
01      251  12.255859



       count        pct
WAVE                   
0       1382  67.480469
01100    153   7.470703
1        144   7.031250
11110    138   6.738281
11000     82   4.003906
11011     74   3.613281
01110     52   2.539062
11001     23   1.123047



