          count        pct
ARHGAP22                  
1          1445  70.556641
11101       280  13.671875
0           228  11.132812
01101        59   2.880859
             28   1.367188
001           8   0.390625



               count        pct
Actin_BR                       
0               1468  71.679688
00100            280  13.671875
001              112   5.468750
101               76   3.710938
10101             59   2.880859
                  28   1.367188
1001000100100     15   0.732422
1                 10   0.488281



               count        pct
Actin_ST                       
0               1568  76.562500
00110            280  13.671875
001               84   4.101562
00100             59   2.880859
                  28   1.367188
1101110100100     15   0.732422
101               14   0.683594



               count        pct
Arp2_3                         
0               1468  71.679688
01000            280  13.671875
010              112   5.468750
011               76   3.710938
01011             59   2.880859
                  28   1.367188
0010001001001     15   0.732422
1                 10   0.488281



               count        pct
CP                             
1               1010  49.316406
0                846  41.308594
10100             59   2.880859
001               59   2.880859
101               31   1.513672
                  28   1.367188
1001000100100     15   0.732422



       count        pct
Cdc42                  
1       1031  50.341797
0        989  48.291016
          28   1.367188



               count        pct
Cofilin                        
0               1795  87.646484
1                120   5.859375
001               59   2.880859
101               31   1.513672
                  28   1.367188
1000000100100     15   0.732422



         count        pct
Coronin                  
0         1784  87.109375
1          228  11.132812
            28   1.367188
101          8   0.390625



               count        pct
Cortactin                      
0               1460  71.289062
10000            280  13.671875
100              120   5.859375
110               76   3.710938
10100             59   2.880859
                  28   1.367188
0110110110010     15   0.732422
1                 10   0.488281



               count        pct
Dia1                           
0               1035  50.537109
1                558  27.246094
11011            280  13.671875
001               65   3.173828
10000             59   2.880859
                  28   1.367188
1011011001001     15   0.732422
110                8   0.390625



               count        pct
Dia2                           
1               1528  74.609375
11011            339  16.552734
110              138   6.738281
                  28   1.367188
1111111111011     15   0.732422



          count        pct
Ena_Vasp                  
1          1445  70.556641
11110       280  13.671875
0           228  11.132812
10110        59   2.880859
             28   1.367188
100           8   0.390625



              count        pct
IRSp53_Cdc42                  
0              2020  98.632812
                 28   1.367188



               count        pct
IRSp53_Rac1                    
0               1460  71.289062
10000            280  13.671875
100              112   5.468750
110               84   4.101562
10100             59   2.880859
                  28   1.367188
0110110110010     15   0.732422
1                 10   0.488281



      count        pct
LIMK                  
1      1784  87.109375
0       228  11.132812
         28   1.367188
010       8   0.390625



               count        pct
NET1                           
0               1038  50.683594
1                909  44.384766
100               31   1.513672
                  28   1.367188
101               27   1.318359
1100100100110     15   0.732422



               count        pct
PAK                            
1               1038  50.683594
0                909  44.384766
110               31   1.513672
                  28   1.367188
100               27   1.318359
0110110110010     15   0.732422



      count        pct
PIP2                  
1      1015  49.560547
0      1005  49.072266
         28   1.367188



       count        pct
PKD                    
1       1445  70.556641
11101    280  13.671875
0        228  11.132812
01101     59   2.880859
          28   1.367188
001        8   0.390625



               count        pct
Profilin                       
0               1463  71.435547
01100            280  13.671875
011              145   7.080078
01000             59   2.880859
1                 58   2.832031
                  28   1.367188
1011101101101     15   0.732422



       count        pct
ROCK                   
1       1445  70.556641
11011    280  13.671875
0        228  11.132812
11010     59   2.880859
          28   1.367188
010        8   0.390625



               count        pct
ROS                            
0               1460  71.289062
10000            280  13.671875
100              112   5.468750
110               84   4.101562
10100             59   2.880859
                  28   1.367188
0110110110010     15   0.732422
1                 10   0.488281



               count        pct
Rac1                           
0               1460  71.289062
00001            280  13.671875
001              112   5.468750
101               84   4.101562
01001             59   2.880859
                  28   1.367188
1101101100100     15   0.732422
1                 10   0.488281



               count        pct
RhoA                           
1               1487  72.607422
10111            280  13.671875
110              116   5.664062
10101             59   2.880859
100               53   2.587891
                  28   1.367188
1110110110111     15   0.732422
0                 10   0.488281



     count        pct
SSH                  
0     1784  87.109375
1      228  11.132812
        28   1.367188
011      8   0.390625



               count        pct
Thymosin                       
1               1795  87.646484
0                120   5.859375
011               59   2.880859
001               31   1.513672
                  28   1.367188
1011111101101     15   0.732422



      count        pct
WASP                  
0      2020  98.632812
         28   1.367188



               count        pct
WAVE                           
0               1460  71.289062
11000            280  13.671875
110              112   5.468750
1                 94   4.589844
11110             59   2.880859
                  28   1.367188
0111111111011     15   0.732422



