          count        pct
ARHGAP22                  
1           883  86.230469
0           112  10.937500
001          29   2.832031



          count        pct
Actin_BR                  
0           888  86.718750
011          89   8.691406
1            42   4.101562
010           5   0.488281



           count        pct
Actin_ST                   
1            937  91.503906
010           51   4.980469
0             26   2.539062
011111         5   0.488281
111100000      3   0.292969
011            2   0.195312



        count        pct
Arp2_3                  
0         888  86.718750
110        89   8.691406
1          42   4.101562
100         5   0.488281



     count        pct
CP                   
0      947  92.480469
011     51   4.980469
1       18   1.757812
01       8   0.781250



       count    pct
Cdc42              
0       1024  100.0



         count        pct
Cofilin                  
0          888  86.718750
1           85   8.300781
011         38   3.710938
10           8   0.781250
010000       5   0.488281



         count        pct
Coronin                  
0          883  86.230469
1          112  10.937500
101         29   2.832031



           count        pct
Cortactin                  
0            883  86.230469
101           67   6.542969
1             42   4.101562
001           29   2.832031
111110000      3   0.292969



           count        pct
Dia1                       
1            883  86.230469
010           51   4.980469
110           45   4.394531
0             42   4.101562
111000011      3   0.292969



           count        pct
Dia2                       
1            883  86.230469
110           96   9.375000
0             42   4.101562
111000011      3   0.292969



          count        pct
Ena_Vasp                  
1           990  96.679688
110          16   1.562500
01            8   0.781250
101110        5   0.488281
0             4   0.390625
010           1   0.097656



              count    pct
IRSp53_Cdc42              
0              1024  100.0



             count    pct
IRSp53_Rac1              
0             1024  100.0



      count        pct
LIMK                  
1       883  86.230469
0       112  10.937500
010      29   2.832031



           count        pct
NET1                       
1            883  86.230469
001           96   9.375000
0             42   4.101562
100000111      3   0.292969



           count        pct
PAK                        
0            883  86.230469
101           96   9.375000
1             42   4.101562
111110000      3   0.292969



      count        pct
PIP2                  
0       521  50.878906
1       503  49.121094



     count        pct
PKD                  
1      883  86.230469
0      112  10.937500
001     29   2.832031



           count        pct
Profilin                   
1           1021  99.707031
111111001      3   0.292969



      count        pct
ROCK                  
1       883  86.230469
0       112  10.937500
010      29   2.832031



           count        pct
ROS                        
0            883  86.230469
101           96   9.375000
1             42   4.101562
111110000      3   0.292969



           count        pct
Rac1                       
0            883  86.230469
011           96   9.375000
1             42   4.101562
111100001      3   0.292969



           count        pct
RhoA                       
1            883  86.230469
101           96   9.375000
0             42   4.101562
110000111      3   0.292969



     count        pct
SSH                  
0      883  86.230469
1      112  10.937500
011     29   2.832031



          count        pct
Thymosin                  
1           506  49.414062
0           307  29.980469
01          211  20.605469



      count        pct
WASP                  
0       506  49.414062
1       291  28.417969
01      211  20.605469
101      16   1.562500



           count        pct
WAVE                       
0            883  86.230469
101           96   9.375000
1             42   4.101562
111110000      3   0.292969



