                    count        pct
Actin_BR Actin_ST                   
0        1            883  86.230469
011      010           51   4.980469
         1             38   3.710938
1        0             26   2.539062
         1             16   1.562500
010      011111         5   0.488281
0        111100000      3   0.292969
         011            2   0.195312



                     count        pct
Rac1      RhoA                       
0         1            883  86.230469
011       101           96   9.375000
1         0             42   4.101562
111100001 110000111      3   0.292969



