                     count        pct
cycle_Actin_BR_norm                  
0                      532  51.953125
1                      247  24.121094
0011                    80   7.812500
1101                    60   5.859375
10                      50   4.882812
1000                    36   3.515625
01                      19   1.855469



                     count        pct
cycle_Actin_ST_norm                  
1                      490  47.851562
0                      289  28.222656
1101                   158  15.429688
0100                    32   3.125000
10                      22   2.148438
01                      19   1.855469
0011                    14   1.367188



                   count        pct
cycle_Arp2_3_norm                  
0                    532  51.953125
1                    247  24.121094
0110                  80   7.812500
1011                  60   5.859375
01                    50   4.882812
0001                  36   3.515625
10                    19   1.855469



               count        pct
cycle_CP_norm                  
0                530  51.757812
1                494  48.242188



                  count        pct
cycle_Cdc42_norm                  
0                   534  52.148438
1                   490  47.851562



                    count        pct
cycle_Cofilin_norm                  
0                     855  83.496094
0011                   53   5.175781
1011                   39   3.808594
0001                   38   3.710938
01                     24   2.343750
10                      9   0.878906
1                       6   0.585938



                    count    pct
cycle_Coronin_norm              
0                    1024  100.0



                      count        pct
cycle_Cortactin_norm                  
0                       554  54.101562
0011                    183  17.871094
0010                    177  17.285156
0111                     55   5.371094
01                       34   3.320312
1                        21   2.050781



                 count        pct
cycle_Dia1_norm                  
0                  503  49.121094
1                  291  28.417969
1011                91   8.886719
0110                71   6.933594
0100                40   3.906250
01                  28   2.734375



                 count        pct
cycle_Dia2_norm                  
1                  575  56.152344
1110               415  40.527344
01                  34   3.320312



                     count        pct
cycle_Ena_Vasp_norm                  
1                      596  58.203125
0                      284  27.734375
10                     144  14.062500



                   count        pct
cycle_IRSp53_norm                  
0                    521  50.878906
1                    503  49.121094



                 count    pct
cycle_LIMK_norm              
1                 1024  100.0



                count        pct
cycle_PAK_norm                  
0                 521  50.878906
1                 503  49.121094



                 count        pct
cycle_PIP2_norm                  
1                  530  51.757812
0                  494  48.242188



                count    pct
cycle_PKD_norm              
0                1024  100.0



                     count        pct
cycle_Profilin_norm                  
1                      490  47.851562
0                      289  28.222656
1011                   158  15.429688
1000                    32   3.125000
01                      22   2.148438
10                      19   1.855469
0110                    14   1.367188



                 count        pct
cycle_ROCK_norm                  
1                  554  54.101562
0110               183  17.871094
1110               177  17.285156
0100                55   5.371094
01                  34   3.320312
0                   21   2.050781



                  count        pct
cycle_ROCK__norm                  
1                   554  54.101562
0011                183  17.871094
0111                177  17.285156
0010                 55   5.371094
10                   34   3.320312
0                    21   2.050781



                 count        pct
cycle_Rac1_norm                  
0                  554  54.101562
0110               183  17.871094
0100               177  17.285156
1110                55   5.371094
10                  34   3.320312
1                   21   2.050781



                 count        pct
cycle_RhoA_norm                  
1                  554  54.101562
1100               183  17.871094
1101               177  17.285156
1000                55   5.371094
10                  34   3.320312
0                   21   2.050781



                count    pct
cycle_SSH_norm              
0                1024  100.0



                     count        pct
cycle_Thymosin_norm                  
1                      337  32.910156
0                      330  32.226562
01                     295  28.808594
10                      62   6.054688



                 count        pct
cycle_WASP_norm                  
0                  337  32.910156
1                  330  32.226562
01                 295  28.808594
10                  62   6.054688



                 count        pct
cycle_WAVE_norm                  
0                  554  54.101562
0011               183  17.871094
0010               177  17.285156
0111                55   5.371094
01                  34   3.320312
1                   21   2.050781



