                   count        pct
Actin_BR Actin_ST                  
1        1           333  32.519531
011      1           137  13.378906
100      100         104  10.156250
011      111101       96   9.375000
0        0            77   7.519531
101      1            59   5.761719
100      1            44   4.296875
001      001101       41   4.003906
         111101       31   3.027344
         101          29   2.832031
101      0            23   2.246094
100      0            20   1.953125
1        0            15   1.464844
100      101          13   1.269531
0        10            1   0.097656
         1             1   0.097656



           count        pct
Rac1 RhoA                  
1    0       348  33.984375
011  0       233  22.753906
100  010     162  15.820312
101  0        82   8.007812
001  0        60   5.859375
0    1        56   5.468750
001  100      41   4.003906
0    0        23   2.246094
100  0        19   1.855469



