          count        pct
ARHGAP22                  
1           578  56.445312
0           149  14.550781
11101       105  10.253906
01111        53   5.175781
10110        48   4.687500
01011        39   3.808594
01110        25   2.441406
00110        20   1.953125
001           5   0.488281
010           2   0.195312



            count        pct
Actin_BR                    
0             479  46.777344
1             279  27.246094
110            81   7.910156
0010           57   5.566406
0010100001     53   5.175781
01001          39   3.808594
00010          16   1.562500
100            12   1.171875
00101           5   0.488281
01              3   0.292969



            count        pct
Actin_ST                    
1             606  59.179688
0             190  18.554688
1011111111     92   8.984375
10             57   5.566406
010            42   4.101562
01111          21   2.050781
101            11   1.074219
01              3   0.292969
111110          2   0.195312



            count        pct
Arp2_3                      
0             479  46.777344
1             279  27.246094
101            81   7.910156
0100           57   5.566406
0101000010     53   5.175781
10010          39   3.808594
00100          16   1.562500
001            12   1.171875
01010           5   0.488281
10              3   0.292969



      count        pct
CP                    
0       722  70.507812
1       180  17.578125
0010     57   5.566406
011      42   4.101562
01       13   1.269531
100      10   0.976562



       count        pct
Cdc42                  
0        518  50.585938
1        506  49.414062



         count        pct
Cofilin                  
0          650  63.476562
1          159  15.527344
10111       68   6.640625
0010        57   5.566406
110         39   3.808594
11010       23   2.246094
10          19   1.855469
00011        7   0.683594
100000       2   0.195312



         count        pct
Coronin                  
0          823  80.371094
1          149  14.550781
00100       25   2.441406
00110       20   1.953125
101          5   0.488281
011          2   0.195312



           count        pct
Cortactin                  
0            578  56.445312
10000        105  10.253906
011           77   7.519531
1             62   6.054688
00100         53   5.175781
01010         48   4.687500
01100         45   4.394531
00101         39   3.808594
010           17   1.660156



       count        pct
Dia1                   
1        486  47.460938
0        229  22.363281
1110      57   5.566406
100       57   5.566406
11110     53   5.175781
10110     39   3.808594
11101     37   3.613281
01011     25   2.441406
101       22   2.148438
11100      9   0.878906
01100      7   0.683594
01         3   0.292969



      count    pct
Dia2              
0      1024  100.0



          count        pct
Ena_Vasp                  
1          1007  98.339844
01           10   0.976562
110           4   0.390625
011101        2   0.195312
0             1   0.097656



              count        pct
IRSp53_Cdc42                  
0               518  50.585938
1               506  49.414062



             count    pct
IRSp53_Rac1              
0             1024  100.0



       count        pct
LIMK                   
1        823  80.371094
0        149  14.550781
11011     25   2.441406
11001     20   1.953125
010        5   0.488281
100        2   0.195312



      count        pct
NET1                  
0       528  51.562500
1       447  43.652344
010      49   4.785156



     count        pct
PAK                  
1      528  51.562500
0      447  43.652344
011     49   4.785156



      count        pct
PIP2                  
0       548  53.515625
1       476  46.484375



       count        pct
PKD                    
1        578  56.445312
0        149  14.550781
11101    105  10.253906
01111     53   5.175781
10110     48   4.687500
01011     39   3.808594
01110     25   2.441406
00110     20   1.953125
001        5   0.488281
010        2   0.195312



            count        pct
Profilin                    
1             851  83.105469
0111111111     92   8.984375
0111           57   5.566406
11110          21   2.050781
10              3   0.292969



       count        pct
ROCK                   
1        578  56.445312
0        149  14.550781
11011    105  10.253906
11110     53   5.175781
01101     48   4.687500
10110     39   3.808594
11100     25   2.441406
01100     20   1.953125
010        5   0.488281
100        2   0.195312



       count        pct
ROS                    
0        578  56.445312
10000    105  10.253906
011       84   8.203125
1         62   6.054688
00100     53   5.175781
01010     48   4.687500
00101     39   3.808594
01100     25   2.441406
01110     20   1.953125
010       10   0.976562



       count        pct
Rac1                   
0        578  56.445312
00001    105  10.253906
110       84   8.203125
1         62   6.054688
01000     53   5.175781
10100     48   4.687500
01010     39   3.808594
11000     25   2.441406
11100     20   1.953125
100       10   0.976562



       count        pct
RhoA                   
1        578  56.445312
10111    105  10.253906
0         62   6.054688
011       59   5.761719
11101     53   5.175781
11010     48   4.687500
01101     39   3.808594
001       35   3.417969
11001     25   2.441406
11000     20   1.953125



       count        pct
SSH                    
0        823  80.371094
1        149  14.550781
01000     25   2.441406
01100     20   1.953125
011        5   0.488281
110        2   0.195312



          count        pct
Thymosin                  
0           437  42.675781
1           297  29.003906
10          151  14.746094
01          139  13.574219



      count        pct
WASP                  
1       433  42.285156
0       297  29.003906
10      151  14.746094
01      139  13.574219
101       4   0.390625



       count        pct
WAVE                   
0        578  56.445312
10000    105  10.253906
011       84   8.203125
1         62   6.054688
00100     53   5.175781
01010     48   4.687500
00101     39   3.808594
01100     25   2.441406
01110     20   1.953125
010       10   0.976562



