          count        pct
ARHGAP22                  
1          1757  85.791016
0           239  11.669922
001          39   1.904297
010          13   0.634766



          count        pct
Actin_BR                  
0          1762  86.035156
011         180   8.789062
1            57   2.783203
100          36   1.757812
110          13   0.634766



          count    pct
Actin_ST              
0          2048  100.0



        count        pct
Arp2_3                  
0        1762  86.035156
110       180   8.789062
1          57   2.783203
001        36   1.757812
101        13   0.634766



        count        pct
CP                      
0        1016  49.609375
1        1006  49.121094
10         13   0.634766
000010     13   0.634766



       count    pct
Cdc42              
0       2048  100.0



         count        pct
Cofilin                  
0         1760  85.937500
1          168   8.203125
101         94   4.589844
010100      13   0.634766
01          13   0.634766



         count        pct
Coronin                  
0         1757  85.791016
1          239  11.669922
101         39   1.904297
011         13   0.634766



           count        pct
Cortactin                  
0           1762  86.035156
011          142   6.933594
001           74   3.613281
1             57   2.783203
010           13   0.634766



        count        pct
Dia1                    
0        1055  51.513672
1         885  43.212891
011        95   4.638672
101100     13   0.634766



      count    pct
Dia2              
1      2048  100.0



          count        pct
Ena_Vasp                  
1          1953  95.361328
110          61   2.978516
101011       13   0.634766
10           13   0.634766
0             7   0.341797
001           1   0.048828



              count    pct
IRSp53_Cdc42              
0              2048  100.0



             count        pct
IRSp53_Rac1                  
0             1762  86.035156
101            181   8.837891
1               57   2.783203
010             35   1.708984
011             13   0.634766



      count        pct
LIMK                  
1      1757  85.791016
0       239  11.669922
010      39   1.904297
100      13   0.634766



      count        pct
NET1                  
1      1762  86.035156
001     181   8.837891
0        57   2.783203
110      35   1.708984
010      13   0.634766



     count        pct
PAK                  
0     1762  86.035156
101    181   8.837891
1       57   2.783203
010     35   1.708984
011     13   0.634766



      count        pct
PIP2                  
1      1044  50.976562
0      1004  49.023438



     count        pct
PKD                  
1     1757  85.791016
0      239  11.669922
001     39   1.904297
010     13   0.634766



          count    pct
Profilin              
0          2048  100.0



      count        pct
ROCK                  
1      1757  85.791016
0       239  11.669922
010      39   1.904297
100      13   0.634766



     count        pct
ROS                  
0     1762  86.035156
101    181   8.837891
1       57   2.783203
010     35   1.708984
011     13   0.634766



      count        pct
Rac1                  
0      1762  86.035156
011     181   8.837891
1        57   2.783203
100      35   1.708984
110      13   0.634766



      count        pct
RhoA                  
1      1797  87.744141
101     181   8.837891
0        57   2.783203
011      13   0.634766



     count        pct
SSH                  
0     1757  85.791016
1      239  11.669922
011     39   1.904297
110     13   0.634766



          count        pct
Thymosin                  
1           961  46.923828
0           628  30.664062
01          459  22.412109



      count        pct
WASP                  
0       966  47.167969
1       562  27.441406
01      459  22.412109
101      61   2.978516



      count        pct
WAVE                  
0      1762  86.035156
1       251  12.255859
011      35   1.708984



