                   count        pct
Actin_BR Actin_ST                  
1        1           407  39.746094
         0           157  15.332031
0        0            83   8.105469
110      1            58   5.664062
         101          53   5.175781
011      0            51   4.980469
101100   100          44   4.296875
100      001          44   4.296875
         0            37   3.613281
01       01           37   3.613281
101100   01           27   2.636719
110      001          26   2.539062



                 count        pct
Rac1    RhoA                     
1       0          564  55.078125
100     100        207  20.214844
110     0           82   8.007812
011     0           51   4.980469
01      0           37   3.613281
0       0           34   3.320312
        1           28   2.734375
0000111 0011100     21   2.050781



