                     count        pct
cycle_Actin_BR_norm                  
0                      363  35.449219
1                      305  29.785156
1101                   121  11.816406
10                      78   7.617188
0010                    71   6.933594
0110                    62   6.054688
011                     12   1.171875
01011                    4   0.390625
010000                   4   0.390625
010                      2   0.195312
001                      2   0.195312



                     count        pct
cycle_Actin_ST_norm                  
1                      452  44.140625
0                      246  24.023438
1011                   197  19.238281
10                      53   5.175781
0010                    44   4.296875
1100                    12   1.171875
011111                   8   0.781250
011110                   4   0.390625
01000                    4   0.390625
101                      2   0.195312
011000                   2   0.195312



                   count        pct
cycle_Arp2_3_norm                  
0                    363  35.449219
1                    305  29.785156
1011                 121  11.816406
01                    78   7.617188
0100                  71   6.933594
1100                  62   6.054688
110                   12   1.171875
10110                  4   0.390625
100000                 4   0.390625
100                    2   0.195312
010                    2   0.195312



               count        pct
cycle_CP_norm                  
1                515  50.292969
0                509  49.707031



                  count        pct
cycle_Cdc42_norm                  
1                   518  50.585938
0                   506  49.414062



                    count    pct
cycle_Cofilin_norm              
0                    1024  100.0



                    count        pct
cycle_Coronin_norm                  
0                     639  62.402344
0001                  189  18.457031
1011                  102   9.960938
1                      85   8.300781
10                      9   0.878906



                      count        pct
cycle_Cortactin_norm                  
0                       450  43.945312
0011                    189  18.457031
1000                    173  16.894531
1011                    102   9.960938
1                        61   5.957031
10                       25   2.441406
110                      10   0.976562
111001                    6   0.585938
11101                     4   0.390625
101                       4   0.390625



                 count        pct
cycle_Dia1_norm                  
0                  552  53.906250
1                  221  21.582031
0110               115  11.230469
1110                72   7.031250
0100                38   3.710938
10                  20   1.953125
00001                4   0.390625
100011               2   0.195312



                 count        pct
cycle_Dia2_norm                  
1                  511  49.902344
0111               464  45.312500
10                  25   2.441406
110                 10   0.976562
111011               6   0.585938
11101                4   0.390625
101                  4   0.390625



                     count        pct
cycle_Ena_Vasp_norm                  
1                      998  97.460938
1101                    20   1.953125
111100                   6   0.585938



                   count        pct
cycle_IRSp53_norm                  
1                    549  53.613281
0                    419  40.917969
1011                  50   4.882812
111001                 6   0.585938



                 count    pct
cycle_LIMK_norm              
0                 1024  100.0



                count        pct
cycle_PAK_norm                  
1                 968  94.531250
1011               50   4.882812
111001              6   0.585938



                 count        pct
cycle_PIP2_norm                  
0                  515  50.292969
1                  509  49.707031



                count        pct
cycle_PKD_norm                  
1                 450  43.945312
0011              189  18.457031
1101              173  16.894531
0001              102   9.960938
0                  85   8.300781
01                 25   2.441406



                     count        pct
cycle_Profilin_norm                  
1                      452  44.140625
0                      246  24.023438
0111                   197  19.238281
01                      53   5.175781
0100                    44   4.296875
1001                    12   1.171875
111110                   8   0.781250
111100                   4   0.390625
10000                    4   0.390625
110000                   2   0.195312
011                      2   0.195312



                 count        pct
cycle_ROCK_norm                  
1                  450  43.945312
0110               189  18.457031
1011               173  16.894531
0010               102   9.960938
0                   85   8.300781
10                  25   2.441406



                  count        pct
cycle_ROCK__norm                  
1                   450  43.945312
0011                189  18.457031
1101                173  16.894531
0001                102   9.960938
0                    85   8.300781
01                   25   2.441406



                 count        pct
cycle_Rac1_norm                  
0                  450  43.945312
0110               189  18.457031
0001               173  16.894531
0111               102   9.960938
1                   61   5.957031
01                  25   2.441406
101                 10   0.976562
110011               6   0.585938
11011                4   0.390625
011                  4   0.390625



                 count        pct
cycle_RhoA_norm                  
1                  450  43.945312
1100               239  23.339844
0111               173  16.894531
0                   61   5.957031
1000                52   5.078125
01                  25   2.441406
001                 10   0.976562
000111               6   0.585938
010                  4   0.390625
00010                4   0.390625



                count        pct
cycle_SSH_norm                  
0                 639  62.402344
0010              189  18.457031
0111              102   9.960938
1                  85   8.300781
01                  9   0.878906



                     count        pct
cycle_Thymosin_norm                  
01                     321  31.347656
1                      314  30.664062
0                      297  29.003906
10                      92   8.984375



                 count        pct
cycle_WASP_norm                  
01                 321  31.347656
0                  314  30.664062
1                  297  29.003906
10                  92   8.984375



                 count        pct
cycle_WAVE_norm                  
0                  450  43.945312
0011               189  18.457031
1000               173  16.894531
1011               102   9.960938
1                   61   5.957031
10                  25   2.441406
110                 10   0.976562
111001               6   0.585938
11101                4   0.390625
101                  4   0.390625



