                   count        pct
Actin_BR Actin_ST                  
0        1           520  50.781250
1        0           246  24.023438
0100     01          165  16.113281
110      100          75   7.324219
001      011          15   1.464844
010      010           2   0.195312
01       01            1   0.097656



             count        pct
Rac1  RhoA                   
0     1        723  70.605469
01000 11101     88   8.593750
1     0         56   5.468750
110   011       46   4.492188
10100 11010     34   3.320312
110   010       29   2.832031
00110 01110     16   1.562500
01110 01100     15   1.464844
001   011       15   1.464844
011   101        2   0.195312



