          count        pct
ARHGAP22                  
010         512  50.000000
0           196  19.140625
1           191  18.652344
011110      125  12.207031



          count        pct
Actin_BR                  
010         512  50.000000
0           191  18.652344
000010      125  12.207031
011         114  11.132812
110          71   6.933594
1            11   1.074219



          count        pct
Actin_ST                  
1           287  28.027344
010011      249  24.316406
0           227  22.167969
010         113  11.035156
001111       56   5.468750
101111       39   3.808594
101110       32   3.125000
000011       17   1.660156
101           4   0.390625



        count        pct
Arp2_3                  
100       512  50.000000
0         191  18.652344
000100    125  12.207031
110       114  11.132812
101        71   6.933594
1          11   1.074219



        count        pct
CP                      
1         511  49.902344
0         292  28.515625
000010    141  13.769531
010100     39   3.808594
010        33   3.222656
101         4   0.390625
01          4   0.390625



       count    pct
Cdc42              
0       1024  100.0



         count        pct
Cofilin                  
0          738  72.070312
001        146  14.257812
000010     140  13.671875



         count    pct
Coronin              
0         1024  100.0



           count        pct
Cortactin                  
001          512  50.000000
0            191  18.652344
001000       125  12.207031
101          114  11.132812
011           71   6.933594
1             11   1.074219



        count        pct
Dia1                    
0         607  59.277344
100       291  28.417969
111100    125  12.207031
1           1   0.097656



        count        pct
Dia2                    
101       377  36.816406
011       320  31.250000
1         202  19.726562
111100    125  12.207031



          count        pct
Ena_Vasp                  
1           558  54.492188
101011      249  24.316406
01           78   7.617188
001          58   5.664062
101111       56   5.468750
001111       17   1.660156
0             8   0.781250



              count    pct
IRSp53_Cdc42              
0              1024  100.0



             count        pct
IRSp53_Rac1                  
001            512  50.000000
0              191  18.652344
001000         125  12.207031
101            114  11.132812
011             71   6.933594
1               11   1.074219



        count        pct
LIMK                    
1         714  69.726562
011111    125  12.207031
110       114  11.132812
101        71   6.933594



        count        pct
NET1                    
011       512  50.000000
1         191  18.652344
111011    125  12.207031
001       114  11.132812
010        71   6.933594
0          11   1.074219



        count        pct
PAK                     
001       512  50.000000
0         191  18.652344
001000    125  12.207031
101       114  11.132812
011        71   6.933594
1          11   1.074219



      count        pct
PIP2                  
1       513  50.097656
0       511  49.902344



        count        pct
PKD                     
010       512  50.000000
0         196  19.140625
1         191  18.652344
011110    125  12.207031



          count        pct
Profilin                  
110         362  35.351562
1           362  35.351562
0           194  18.945312
011110       56   5.468750
010          33   3.222656
000110       17   1.660156



        count        pct
ROCK                    
100       512  50.000000
0         196  19.140625
1         191  18.652344
111100    125  12.207031



        count        pct
ROS                     
001       512  50.000000
0         191  18.652344
001000    125  12.207031
101       114  11.132812
011        71   6.933594
1          11   1.074219



        count        pct
Rac1                    
010       512  50.000000
0         191  18.652344
010000    125  12.207031
011       114  11.132812
110        71   6.933594
1          11   1.074219



        count        pct
RhoA                    
001       512  50.000000
0         196  19.140625
1         191  18.652344
111001    125  12.207031



     count    pct
SSH              
0     1024  100.0



          count        pct
Thymosin                  
10          383  37.402344
0           368  35.937500
1           273  26.660156



        count        pct
WASP                    
1         280  27.343750
10        275  26.855469
0         273  26.660156
101000    108  10.546875
101        88   8.593750



        count        pct
WAVE                    
101       512  50.000000
1         196  19.140625
0         191  18.652344
001100    125  12.207031



