                   count        pct
Actin_BR Actin_ST                  
010      010011      249  24.316406
0        0           190  18.554688
010      1           117  11.425781
         010         113  11.035156
011      1           106  10.351562
000010   001111       56   5.468750
         1            52   5.078125
110      101111       39   3.808594
010      0            33   3.222656
110      101110       32   3.125000
000010   000011       17   1.660156
1        1            11   1.074219
011      101           4   0.390625
         0             4   0.390625
0        1             1   0.097656



               count        pct
Rac1   RhoA                    
010    001       512  50.000000
0      1         191  18.652344
010000 111001    125  12.207031
011    0         114  11.132812
110    0          71   6.933594
1      0          11   1.074219



