                                         count        pct
cycle_Actin_BR_norm cycle_Actin_ST_norm                  
0                   0                      400  39.062500
1                   0                      246  24.023438
                    1000                    91   8.886719
01                  01                      63   6.152344
1110                01                      61   5.957031
1100                01                      37   3.613281
011                 0                       34   3.320312
1110                0                       30   2.929688
1100                0111                    23   2.246094
1                   01                      15   1.464844
0001                1000                    15   1.464844
                    0011                     9   0.878906



