                    count        pct
Actin_BR Actin_ST                   
0        0            509  49.707031
         001111       407  39.746094
         010           65   6.347656
         000000111     38   3.710938
         1              5   0.488281



                     count        pct
Rac1      RhoA                       
0         0            509  49.707031
010000    111001       407  39.746094
010       001           65   6.347656
000001111 000111100     38   3.710938
0         1              5   0.488281



