          count        pct
ARHGAP22                  
011110      799  78.027344
010         111  10.839844
0            86   8.398438
             17   1.660156
1            11   1.074219



          count        pct
Actin_BR                  
0          1007  98.339844
             17   1.660156



           count        pct
Actin_ST                   
001111       469  45.800781
1            192  18.750000
011111       191  18.652344
010           70   6.835938
001111111     47   4.589844
010111        27   2.636719
              17   1.660156
110            7   0.683594
000001110      4   0.390625



        count        pct
Arp2_3                  
0        1007  98.339844
           17   1.660156



    count        pct
CP                  
0    1007  98.339844
       17   1.660156



       count        pct
Cdc42                  
0       1007  98.339844
          17   1.660156



           count        pct
Cofilin                    
0            927  90.527344
1             54   5.273438
111100001     22   2.148438
              17   1.660156
010100         4   0.390625



         count        pct
Coronin                  
0          921  89.941406
1           86   8.398438
            17   1.660156



           count        pct
Cortactin                  
001000       799  78.027344
001          124  12.109375
001111000     73   7.128906
              17   1.660156
0             11   1.074219



           count        pct
Dia1                       
111100       799  78.027344
100          124  12.109375
111100000     73   7.128906
              17   1.660156
1             11   1.074219



           count        pct
Dia2                       
111100       799  78.027344
100          124  12.109375
111100000     73   7.128906
              17   1.660156
1             11   1.074219



           count        pct
Ena_Vasp                   
001111       469  45.800781
1            192  18.750000
101111       191  18.652344
001           68   6.640625
000111110     47   4.589844
101011        23   2.246094
              17   1.660156
101            7   0.683594
0              6   0.585938
10             4   0.390625



              count        pct
IRSp53_Cdc42                  
0              1007  98.339844
                 17   1.660156



             count        pct
IRSp53_Rac1                  
001000         799  78.027344
001            124  12.109375
001111000       73   7.128906
                17   1.660156
0               11   1.074219



        count        pct
LIMK                    
011111    799  78.027344
1         122  11.914062
0          86   8.398438
           17   1.660156



           count        pct
NET1                       
111011       799  78.027344
011          124  12.109375
111000011     73   7.128906
              17   1.660156
1             11   1.074219



           count        pct
PAK                        
001000       799  78.027344
001          124  12.109375
001111000     73   7.128906
              17   1.660156
0             11   1.074219



      count        pct
PIP2                  
0       540  52.734375
1       467  45.605469
         17   1.660156



        count        pct
PKD                     
011110    799  78.027344
010       111  10.839844
0          86   8.398438
           17   1.660156
1          11   1.074219



           count        pct
Profilin                   
011110       469  45.800781
111110       218  21.289062
1            192  18.750000
110           77   7.519531
011111110     51   4.980469
              17   1.660156



        count        pct
ROCK                    
111100    799  78.027344
100       111  10.839844
0          86   8.398438
           17   1.660156
1          11   1.074219



           count        pct
ROS                        
001000       799  78.027344
001          124  12.109375
001111000     73   7.128906
              17   1.660156
0             11   1.074219



           count        pct
Rac1                       
010000       799  78.027344
010          124  12.109375
011110000     73   7.128906
              17   1.660156
0             11   1.074219



           count        pct
RhoA                       
111001       799  78.027344
001          124  12.109375
111000001     73   7.128906
              17   1.660156
1             11   1.074219



     count        pct
SSH                  
0      921  89.941406
1       86   8.398438
        17   1.660156



          count        pct
Thymosin                  
1           548  53.515625
0           238  23.242188
01          218  21.289062
             17   1.660156
10            3   0.292969



           count        pct
WASP                       
0            548  53.515625
01           218  21.289062
1            184  17.968750
001111100     47   4.589844
              17   1.660156
011            7   0.683594
10             3   0.292969



           count        pct
WAVE                       
001100       799  78.027344
101          124  12.109375
001111100     73   7.128906
              17   1.660156
0             11   1.074219



