                     count        pct
cycle_Actin_BR_norm                  
1                      437  42.675781
0                      364  35.546875
1110                   115  11.230469
01                      55   5.371094
0100                    34   3.320312
0110                    19   1.855469



                     count        pct
cycle_Actin_ST_norm                  
1                      820  80.078125
1110                   147  14.355469
0                       21   2.050781
01                      19   1.855469
0010                    17   1.660156



                   count        pct
cycle_Arp2_3_norm                  
1                    437  42.675781
0                    364  35.546875
1101                 115  11.230469
10                    55   5.371094
1000                  34   3.320312
1100                  19   1.855469



               count    pct
cycle_CP_norm              
0               1024  100.0



                  count        pct
cycle_Cdc42_norm                  
0                   516  50.390625
1                   508  49.609375



                    count        pct
cycle_Cofilin_norm                  
0                     424  41.406250
1                     339  33.105469
10                    174  16.992188
1011                   87   8.496094



                    count        pct
cycle_Coronin_norm                  
0                     623  60.839844
1000                  173  16.894531
1011                  139  13.574219
1                      84   8.203125
01                      5   0.488281



                      count        pct
cycle_Cortactin_norm                  
0                       461  45.019531
1001                    173  16.894531
1011                    139  13.574219
0001                    126  12.304688
1                        84   8.203125
01                       41   4.003906



                 count        pct
cycle_Dia1_norm                  
1                  461  45.019531
0011               224  21.875000
0111               126  12.304688
0010                88   8.593750
0                   84   8.203125
01                  41   4.003906



                 count        pct
cycle_Dia2_norm                  
1                  545  53.222656
1011               438  42.773438
01                  41   4.003906



                     count        pct
cycle_Ena_Vasp_norm                  
1                     1013  98.925781
1011                    11   1.074219



                   count        pct
cycle_IRSp53_norm                  
1                    545  53.222656
0                    428  41.796875
1011                  51   4.980469



                 count    pct
cycle_LIMK_norm              
0                 1024  100.0



                count        pct
cycle_PAK_norm                  
1                 973  95.019531
1011               51   4.980469



                 count        pct
cycle_PIP2_norm                  
1                  530  51.757812
0                  494  48.242188



                count        pct
cycle_PKD_norm                  
1                 461  45.019531
1001              173  16.894531
0001              139  13.574219
1011              126  12.304688
0                  84   8.203125
10                 41   4.003906



                     count        pct
cycle_Profilin_norm                  
1                      820  80.078125
1101                   147  14.355469
0                       21   2.050781
10                      19   1.855469
0100                    17   1.660156



                 count        pct
cycle_ROCK_norm                  
1                  461  45.019531
0011               173  16.894531
0010               139  13.574219
0111               126  12.304688
0                   84   8.203125
01                  41   4.003906



                  count        pct
cycle_ROCK__norm                  
1                   461  45.019531
1001                173  16.894531
0001                139  13.574219
1011                126  12.304688
0                    84   8.203125
10                   41   4.003906



                 count        pct
cycle_Rac1_norm                  
0                  461  45.019531
0011               173  16.894531
0111               139  13.574219
0010               126  12.304688
1                   84   8.203125
10                  41   4.003906



                 count        pct
cycle_RhoA_norm                  
1                  461  45.019531
0110               224  21.875000
1110               126  12.304688
0100                88   8.593750
0                   84   8.203125
10                  41   4.003906



                count        pct
cycle_SSH_norm                  
0                 623  60.839844
0001              173  16.894531
0111              139  13.574219
1                  84   8.203125
10                  5   0.488281



                     count        pct
cycle_Thymosin_norm                  
0                      453  44.238281
10                     320  31.250000
1                      251  24.511719



                 count        pct
cycle_WASP_norm                  
1                  453  44.238281
10                 320  31.250000
0                  251  24.511719



                 count        pct
cycle_WAVE_norm                  
0                  461  45.019531
1001               173  16.894531
1011               139  13.574219
0001               126  12.304688
1                   84   8.203125
01                  41   4.003906



