                                         count        pct
cycle_Actin_BR_norm cycle_Actin_ST_norm                  
0                   0                      257  25.097656
1                   0                      220  21.484375
                    1                       75   7.324219
                    1011                    70   6.835938
10                  10                      64   6.250000
                    1000                    48   4.687500
1101                0                       47   4.589844
0                   1                       45   4.394531
0100                0                       37   3.613281
1101                1000                    31   3.027344
0100                1011                    26   2.539062
1001                1000                    22   2.148438
1101                10                      17   1.660156
011                 0                       16   1.562500
                    100                     14   1.367188
1                   10                      12   1.171875
0100                1000                     8   0.781250
10                  0                        7   0.683594
1001                0                        5   0.488281
0100                10                       3   0.292969



