                   count        pct
Actin_BR Actin_ST                  
0        0          1065  52.001953
         1           793  38.720703
1        1            69   3.369141
101      1            61   2.978516
001      101          42   2.050781
         1             8   0.390625
0        011           8   0.390625
1        0             2   0.097656



                     count        pct
Rac1      RhoA                       
0         1           1843  89.990234
101       110           73   3.564453
1         0             71   3.466797
001       1             42   2.050781
111110000 111000011     11   0.537109
110       011            8   0.390625



