                     count        pct
Actin_BR   Actin_ST                  
0          0           576  28.125000
           1           464  22.656250
1          1           286  13.964844
           11110       153   7.470703
0010010100 11110       126   6.152344
01         01          125   6.103516
101        1            99   4.833984
010        110          64   3.125000
00001      0            37   1.806641
0010110101 00110        34   1.660156
101        110          25   1.220703
1          11100        22   1.074219
                        19   0.927734
10010      0            11   0.537109
010        1             4   0.195312
0          101           3   0.146484



                     count        pct
Rac1      RhoA                       
0         1           1263  61.669922
10000     11011        218  10.644531
00001     10111        126   6.152344
101       100           85   4.150391
10100     11010         80   3.906250
10001     10011         56   2.734375
1         0             50   2.441406
101       011           44   2.148438
01001     10101         34   1.660156
010       1             33   1.611328
          011           31   1.513672
                        19   0.927734
10000111  00011110       3   0.146484
011       101            3   0.146484
111100001 110000111      2   0.097656
10100101  10010110       1   0.048828



