                     count        pct
Actin_BR Actin_ST                    
0        1             743  72.558594
         1111111101    192  18.750000
         11101          41   4.003906
         111111101      21   2.050781
                        11   1.074219
0        11110111       10   0.976562
         111100000       5   0.488281
         111110          1   0.097656



                     count        pct
Rac1      RhoA                       
0         1            507  49.511719
00001     10111        156  15.234375
00010     01111        130  12.695312
01010     01101        121  11.816406
10100101  10010110      35   3.417969
111000011 100001111     33   3.222656
11110000  11000011      27   2.636719
                        11   1.074219
110       011            4   0.390625



