                   count        pct
Actin_BR Actin_ST                  
1        1           235  22.949219
011      1           182  17.773438
0        0           167  16.308594
010      0           123  12.011719
001      010011       59   5.761719
010      1            46   4.492188
011      01           42   4.101562
100000   110011       40   3.906250
001      101          30   2.929688
         111101       26   2.539062
100000   1            25   2.441406
011      0            18   1.757812
100000   000011       12   1.171875
1        01            5   0.488281
010      101           5   0.488281
1        0             4   0.390625
0        1             3   0.292969
         01            2   0.195312



               count        pct
Rac1   RhoA                    
1      0         244  23.828125
011    0         242  23.632812
010    001       167  16.308594
0      1         133  12.988281
000100 011110     77   7.519531
001    001        59   5.761719
       0          56   5.468750
0      0          39   3.808594
010    0           7   0.683594



