                   count        pct
Actin_BR Actin_ST                  
0        0          1028  50.195312
         1           746  36.425781
110      0            84   4.101562
         1            61   2.978516
010      0            45   2.197266
1        1            40   1.953125
         10           21   1.025391
         0            15   0.732422
001      101111        8   0.390625



           count        pct
Rac1 RhoA                  
0    1      1774  86.621094
110  011     145   7.080078
1    0        76   3.710938
010  1        45   2.197266
101  110       8   0.390625



