                                         count        pct
cycle_Actin_BR_norm cycle_Actin_ST_norm                  
1                   1                      316  30.859375
0                   0                      268  26.171875
                    1                      132  12.890625
1101                1011                    83   8.105469
0011                1011                    74   7.226562
10                  10                      34   3.320312
                    1011                    30   2.929688
                    01                      28   2.734375
1000                1011                    16   1.562500
                    1000                    15   1.464844
0011                1000                    14   1.367188
                    0110                    10   0.976562
1101                1000                     4   0.390625



