                    count        pct
Actin_BR Actin_ST                   
0        01           139  13.574219
011      010          120  11.718750
100      101          109  10.644531
         010          109  10.644531
011      1            101   9.863281
000001   01            83   8.105469
1        0             79   7.714844
100      1             67   6.542969
000001   011100        55   5.371094
0        0             39   3.808594
1        1             36   3.515625
000001   1             17   1.660156
0        1             17   1.660156
         000111000     17   1.660156
000001   011110        14   1.367188
0        011100        12   1.171875
000001   010111         8   0.781250
                        2   0.195312



                     count        pct
Rac1      RhoA                       
011       0            221  21.582031
0         0            177  17.285156
100       100          166  16.210938
          0            125  12.207031
1         0            115  11.230469
100000    110011       106  10.351562
001       100           83   8.105469
001111000 111100000     17   1.660156
0         1             12   1.171875
                         2   0.195312



