                   count        pct
Actin_BR Actin_ST                  
1        0           256  25.000000
         1           228  22.265625
000010   001110       89   8.691406
010      010          80   7.812500
100      011001       68   6.640625
         100          53   5.175781
010      1            48   4.687500
000010   111110       39   3.808594
         1            37   3.613281
011      010000       25   2.441406
101      010          21   2.050781
0        0            18   1.757812
000010   011110       17   1.660156
010      101          17   1.660156
101      1            14   1.367188
         0             7   0.683594
0        1             7   0.683594



               count        pct
Rac1   RhoA                    
1      0         484  47.265625
010000 111001    182  17.773438
100    010       121  11.816406
010    001       117  11.425781
101    0          42   4.101562
010    0          28   2.734375
011    0          25   2.441406
0      0          18   1.757812
       1           7   0.683594



