          count        pct
Actin_BR                  
1           428  41.796875
0           219  21.386719
01          184  17.968750
0111        170  16.601562
0001         14   1.367188
0011          9   0.878906



          count    pct
Actin_ST              
0          1024  100.0



        count        pct
Arp2_3                  
1         428  41.796875
0         219  21.386719
10        184  17.968750
1110      170  16.601562
0010       14   1.367188
0110        9   0.878906



    count       pct
CP                 
0     536  52.34375
1     488  47.65625



       count        pct
Cdc42                  
1        526  51.367188
0        498  48.632812



         count        pct
Cofilin                  
0          605  59.082031
1          197  19.238281
10         144  14.062500
0111        52   5.078125
0001        26   2.539062



         count        pct
Coronin                  
0          623  60.839844
0010       160  15.625000
1011       132  12.890625
1          103  10.058594
01           6   0.585938



           count        pct
Cortactin                  
0            433  42.285156
1000         167  16.308594
0110         160  15.625000
1011         132  12.890625
1            103  10.058594
01            29   2.832031



      count        pct
Dia1                  
0       544  53.125000
1       226  22.070312
1100    103  10.058594
1110     87   8.496094
0010     45   4.394531
01       19   1.855469



      count        pct
Dia2                  
1       536  52.343750
1011    459  44.824219
01       29   2.832031



          count        pct
Ena_Vasp                  
1          1003  97.949219
1101         21   2.050781



        count        pct
IRSp53                  
1         575  56.152344
0         394  38.476562
1011       55   5.371094



      count        pct
LIMK                  
1       623  60.839844
1101    160  15.625000
0100    132  12.890625
0       103  10.058594
10        6   0.585938



      count        pct
PAK                   
1       969  94.628906
1011     55   5.371094



      count       pct
PIP2                 
1       536  52.34375
0       488  47.65625



      count        pct
PKD                   
1       433  42.285156
1101    167  16.308594
0110    160  15.625000
0001    132  12.890625
0       103  10.058594
10       29   2.832031



          count    pct
Profilin              
0          1024  100.0



      count        pct
ROCK                  
1       433  42.285156
1011    167  16.308594
1100    160  15.625000
0010    132  12.890625
0       103  10.058594
01       29   2.832031



       count        pct
ROCK_                  
1        433  42.285156
1101     167  16.308594
0110     160  15.625000
0001     132  12.890625
0        103  10.058594
10        29   2.832031



      count        pct
Rac1                  
0       433  42.285156
0001    167  16.308594
1100    160  15.625000
0111    132  12.890625
1       103  10.058594
10       29   2.832031



      count        pct
RhoA                  
1       433  42.285156
1001    215  20.996094
0111    167  16.308594
0       103  10.058594
0100     77   7.519531
10       29   2.832031



      count        pct
SSH                   
0       623  60.839844
0100    160  15.625000
0111    132  12.890625
1       103  10.058594
10        6   0.585938



          count        pct
Thymosin                  
0           420  41.015625
01          352  34.375000
1           252  24.609375



      count        pct
WASP                  
1       420  41.015625
01      352  34.375000
0       252  24.609375



      count        pct
WAVE                  
0       433  42.285156
1000    167  16.308594
0110    160  15.625000
1011    132  12.890625
1       103  10.058594
01       29   2.832031



