                   count        pct
Actin_BR Actin_ST                  
1        0           428  41.796875
0        0           219  21.386719
01       0           184  17.968750
0111     0           170  16.601562
0001     0            14   1.367188
0011     0             9   0.878906



           count        pct
Rac1 RhoA                  
0    1       433  42.285156
0001 0111    167  16.308594
1100 1001    160  15.625000
1    0       103  10.058594
0111 0100     77   7.519531
     1001     55   5.371094
10   10       29   2.832031



