          count    pct
ARHGAP22              
0          1024  100.0



          count        pct
Actin_BR                  
100         474  46.289062
0           359  35.058594
101         172  16.796875
1            19   1.855469



          count        pct
Actin_ST                  
1           391  38.183594
001         323  31.542969
0           222  21.679688
01           88   8.593750



        count        pct
Arp2_3                  
001       474  46.289062
0         359  35.058594
011       172  16.796875
1          19   1.855469



     count        pct
CP                   
0      691  67.480469
001    242  23.632812
101     81   7.910156
1        8   0.781250
10       2   0.195312



       count    pct
Cdc42              
0       1024  100.0



         count        pct
Cofilin                  
1          350  34.179688
110        323  31.542969
0          277  27.050781
01          74   7.226562



         count        pct
Coronin                  
1          694  67.773438
0          240  23.437500
10          90   8.789062



           count        pct
Cortactin                  
010          474  46.289062
0            359  35.058594
110          172  16.796875
1             19   1.855469



      count    pct
Dia1              
0      1024  100.0



      count    pct
Dia2              
0      1024  100.0



          count        pct
Ena_Vasp                  
1           480  46.875000
011         242  23.632812
0           212  20.703125
10           90   8.789062



              count    pct
IRSp53_Cdc42              
0              1024  100.0



             count        pct
IRSp53_Rac1                  
010            474  46.289062
0              359  35.058594
110            172  16.796875
1               19   1.855469



      count    pct
LIMK              
0      1024  100.0



      count        pct
NET1                  
110     474  46.289062
1       359  35.058594
100     172  16.796875
0        19   1.855469



     count        pct
PAK                  
010    474  46.289062
0      359  35.058594
110    172  16.796875
1       19   1.855469



      count      pct
PIP2                
1       528  51.5625
0       496  48.4375



     count    pct
PKD              
0     1024  100.0



          count        pct
Profilin                  
1           482  47.070312
011         242  23.632812
0           212  20.703125
10           88   8.593750



      count    pct
ROCK              
0      1024  100.0



     count        pct
ROS                  
010    474  46.289062
0      359  35.058594
110    172  16.796875
1       19   1.855469



      count        pct
Rac1                  
100     474  46.289062
0       359  35.058594
101     172  16.796875
1        19   1.855469



      count    pct
RhoA              
0      1024  100.0



     count        pct
SSH                  
1      694  67.773438
0      240  23.437500
01      90   8.789062



          count        pct
Thymosin                  
0           731  71.386719
1           168  16.406250
01          125  12.207031



      count        pct
WASP                  
1       480  46.875000
110     242  23.632812
0       212  20.703125
01       90   8.789062



      count        pct
WAVE                  
011     474  46.289062
0       359  35.058594
1       191  18.652344



