          count    pct
ARHGAP22              
0          1024  100.0



          count        pct
Actin_BR                  
1           496  48.437500
001         226  22.070312
0           156  15.234375
101         146  14.257812



          count        pct
Actin_ST                  
1           720  70.312500
0           241  23.535156
011          61   5.957031
01            2   0.195312



        count        pct
Arp2_3                  
1         496  48.437500
010       226  22.070312
0         156  15.234375
011       146  14.257812



    count        pct
CP                  
0     527  51.464844
1     491  47.949219
01      6   0.585938



       count        pct
Cdc42                  
0        531  51.855469
1        493  48.144531



         count        pct
Cofilin                  
1          641  62.597656
101        204  19.921875
0          104  10.156250
01          75   7.324219



         count        pct
Coronin                  
1          879  85.839844
0           82   8.007812
01          63   6.152344



           count        pct
Cortactin                  
1            496  48.437500
100          226  22.070312
0            156  15.234375
110          146  14.257812



      count    pct
Dia1              
0      1024  100.0



      count        pct
Dia2                  
1       496  48.437500
100     226  22.070312
0       156  15.234375
110     146  14.257812



          count        pct
Ena_Vasp                  
1           795  77.636719
011         107  10.449219
0            88   8.593750
10           34   3.320312



              count        pct
IRSp53_Cdc42                  
0               531  51.855469
1               493  48.144531



             count        pct
IRSp53_Rac1                  
1              496  48.437500
100            226  22.070312
0              156  15.234375
110            146  14.257812



      count        pct
LIMK                  
0      1010  98.632812
1         9   0.878906
01        5   0.488281



      count        pct
NET1                  
0       513  50.097656
101     226  22.070312
100     146  14.257812
1       139  13.574219



     count        pct
PAK                  
1      513  50.097656
100    226  22.070312
110    146  14.257812
0      139  13.574219



      count        pct
PIP2                  
1       535  52.246094
0       489  47.753906



     count    pct
PKD              
0     1024  100.0



          count        pct
Profilin                  
1           782  76.367188
0           133  12.988281
011         107  10.449219
10            2   0.195312



      count    pct
ROCK              
0      1024  100.0



     count        pct
ROS                  
1      496  48.437500
100    226  22.070312
0      156  15.234375
110    146  14.257812



      count        pct
Rac1                  
1       496  48.437500
001     226  22.070312
0       156  15.234375
101     146  14.257812



      count    pct
RhoA              
0      1024  100.0



     count        pct
SSH                  
1      879  85.839844
0       82   8.007812
10      63   6.152344



          count        pct
Thymosin                  
0           868  84.765625
01           91   8.886719
1            65   6.347656



      count        pct
WASP                  
1       755  73.730469
110     107  10.449219
0       103  10.058594
01       59   5.761719



      count        pct
WAVE                  
1       642  62.695312
110     226  22.070312
0       156  15.234375



