                   count        pct
Actin_BR Actin_ST                  
100      001         254  24.804688
         1           238  23.242188
0        0           229  22.363281
         10           89   8.691406
011      1            75   7.324219
         001          64   6.250000
0        1            59   5.761719
1        0            12   1.171875
         1             4   0.390625



           count        pct
Rac1 RhoA                  
100  0       492  48.046875
0    0       377  36.816406
011  0       139  13.574219
1    0        16   1.562500



