          count        pct
ARHGAP22                  
1           870  84.960938
0           126  12.304688
010          28   2.734375



          count        pct
Actin_BR                  
0           876  85.546875
011          93   9.082031
1            50   4.882812
100           5   0.488281



           count        pct
Actin_ST                   
1            918  89.648438
010           60   5.859375
0             35   3.417969
110111         5   0.488281
111100000      3   0.292969
011            3   0.292969



        count        pct
Arp2_3                  
0         876  85.546875
110        93   9.082031
1          50   4.882812
001         5   0.488281



     count        pct
CP                   
0      929  90.722656
011     60   5.859375
1       18   1.757812
01      17   1.660156



       count    pct
Cdc42              
0       1024  100.0



         count        pct
Cofilin                  
0          876  85.546875
1           93   9.082031
011         33   3.222656
10          17   1.660156
000100       5   0.488281



         count        pct
Coronin                  
0          870  84.960938
1          126  12.304688
011         28   2.734375



           count        pct
Cortactin                  
0            870  84.960938
101           73   7.128906
1             50   4.882812
010           28   2.734375
111110000      3   0.292969



           count        pct
Dia1                       
1            870  84.960938
010           60   5.859375
0             50   4.882812
110           36   3.515625
101            5   0.488281
111000011      3   0.292969



      count    pct
Dia2              
0      1024  100.0



          count        pct
Ena_Vasp                  
1           982  95.898438
01           17   1.660156
110          14   1.367188
101011        5   0.488281
0             4   0.390625
010           2   0.195312



              count    pct
IRSp53_Cdc42              
0              1024  100.0



             count        pct
IRSp53_Rac1                  
0              870  84.960938
101             96   9.375000
1               50   4.882812
011              5   0.488281
111110000        3   0.292969



      count        pct
LIMK                  
1       870  84.960938
0       126  12.304688
100      28   2.734375



           count        pct
NET1                       
1            870  84.960938
001           96   9.375000
0             50   4.882812
010            5   0.488281
100000111      3   0.292969



           count        pct
PAK                        
0            870  84.960938
101           96   9.375000
1             50   4.882812
011            5   0.488281
111110000      3   0.292969



      count        pct
PIP2                  
0       522  50.976562
1       502  49.023438



     count        pct
PKD                  
1      870  84.960938
0      126  12.304688
010     28   2.734375



           count        pct
Profilin                   
1           1021  99.707031
111111101      3   0.292969



      count        pct
ROCK                  
1       870  84.960938
0       126  12.304688
100      28   2.734375



           count        pct
ROS                        
0            870  84.960938
101           96   9.375000
1             50   4.882812
011            5   0.488281
111110000      3   0.292969



           count        pct
Rac1                       
0            870  84.960938
011           96   9.375000
1             50   4.882812
110            5   0.488281
111100001      3   0.292969



           count        pct
RhoA                       
1            870  84.960938
101           96   9.375000
0             50   4.882812
011            5   0.488281
110000111      3   0.292969



     count        pct
SSH                  
0      870  84.960938
1      126  12.304688
110     28   2.734375



          count        pct
Thymosin                  
1           507  49.511719
0           287  28.027344
10          225  21.972656
01            5   0.488281



      count        pct
WASP                  
0       507  49.511719
1       273  26.660156
10      225  21.972656
101      14   1.367188
01        5   0.488281



           count        pct
WAVE                       
0            870  84.960938
1            151  14.746094
111111000      3   0.292969



