                    count        pct
Actin_BR Actin_ST                   
0        1            870  84.960938
011      010           60   5.859375
1        0             35   3.417969
011      1             33   3.222656
1        1             15   1.464844
100      110111         5   0.488281
0        111100000      3   0.292969
         011            3   0.292969



                     count        pct
Rac1      RhoA                       
0         1            870  84.960938
011       101           96   9.375000
1         0             50   4.882812
110       011            5   0.488281
111100001 110000111      3   0.292969



