          count        pct
ARHGAP22                  
0           606  59.179688
100         233  22.753906
1           104  10.156250
100111       81   7.910156



          count        pct
Actin_BR                  
1           522  50.976562
100         233  22.753906
0           117  11.425781
100000       81   7.910156
110          56   5.468750
011          15   1.464844



          count        pct
Actin_ST                  
1           604  58.984375
0           156  15.234375
100          93   9.082031
100110       70   6.835938
101          37   3.613281
110011       36   3.515625
110111       15   1.464844
000011       11   1.074219
10            2   0.195312



        count        pct
Arp2_3                  
1         522  50.976562
001       233  22.753906
0         117  11.425781
000001     81   7.910156
101        56   5.468750
110        15   1.464844



        count        pct
CP                      
1         490  47.851562
0         432  42.187500
000100     70   6.835938
001010     15   1.464844
010        14   1.367188
01          2   0.195312
011         1   0.097656



       count        pct
Cdc42                  
1        526  51.367188
0        498  48.632812



         count        pct
Cofilin                  
0          432  42.187500
1          241  23.535156
100        167  16.308594
000001     138  13.476562
110         37   3.613281
10           9   0.878906



         count    pct
Coronin              
0         1024  100.0



           count        pct
Cortactin                  
1            522  50.976562
010          233  22.753906
0            117  11.425781
000010        81   7.910156
011           56   5.468750
101           15   1.464844



        count        pct
Dia1                    
0         800  78.125000
001111     81   7.910156
010        70   6.835938
001        70   6.835938
1           3   0.292969



        count        pct
Dia2                    
1         626  61.132812
011       219  21.386719
101        85   8.300781
001111     81   7.910156
0          13   1.269531



          count        pct
Ena_Vasp                  
1           873  85.253906
010111       70   6.835938
111011       36   3.515625
10           15   1.464844
001          14   1.367188
001111       11   1.074219
01            4   0.390625
0             1   0.097656



              count        pct
IRSp53_Cdc42                  
1               526  51.367188
0               498  48.632812



             count        pct
IRSp53_Rac1                  
1              522  50.976562
010            233  22.753906
0              117  11.425781
000010          81   7.910156
011             56   5.468750
101             15   1.464844



      count    pct
LIMK              
0      1024  100.0



        count        pct
NET1                    
0         535  52.246094
110       233  22.753906
1         104  10.156250
111110     81   7.910156
010        56   5.468750
001        15   1.464844



        count        pct
PAK                     
1         535  52.246094
010       233  22.753906
0         104  10.156250
000010     81   7.910156
011        56   5.468750
101        15   1.464844



      count        pct
PIP2                  
1       534  52.148438
0       490  47.851562



        count        pct
PKD                     
0         606  59.179688
100       233  22.753906
1         104  10.156250
100111     81   7.910156



          count        pct
Profilin                  
1           658  64.257812
101         163  15.917969
0           142  13.867188
100111       36   3.515625
010          14   1.367188
000110       11   1.074219



        count        pct
ROCK                    
0         606  59.179688
001       233  22.753906
1         104  10.156250
001111     81   7.910156



        count        pct
ROS                     
1         522  50.976562
010       233  22.753906
0         117  11.425781
000010     81   7.910156
011        56   5.468750
101        15   1.464844



        count        pct
Rac1                    
1         522  50.976562
100       233  22.753906
0         117  11.425781
000100     81   7.910156
110        56   5.468750
011        15   1.464844



        count        pct
RhoA                    
0         606  59.179688
010       233  22.753906
1         104  10.156250
011110     81   7.910156



     count    pct
SSH              
0     1024  100.0



          count        pct
Thymosin                  
0           574  56.054688
01          283  27.636719
1           167  16.308594



      count        pct
WASP                  
1       481  46.972656
01      283  27.636719
0       167  16.308594
011      93   9.082031



        count        pct
WAVE                    
1         593  57.910156
011       233  22.753906
0         117  11.425781
000011     81   7.910156



