                   count        pct
Actin_BR Actin_ST                  
1        1           493  48.144531
0        0           114  11.132812
100      100          93   9.082031
         100110       70   6.835938
         1            56   5.468750
110      101          37   3.613281
100000   110011       36   3.515625
         1            34   3.320312
1        0            27   2.636719
110      1            18   1.757812
011      110111       15   1.464844
100      0            14   1.367188
100000   000011       11   1.074219
0        1             3   0.292969
1        10            2   0.195312
110      0             1   0.097656



               count        pct
Rac1   RhoA                    
1      0         522  50.976562
100    010       233  22.753906
0      1         104  10.156250
000100 011110     81   7.910156
110    0          56   5.468750
011    0          15   1.464844
0      0          13   1.269531



