          count    pct
ARHGAP22              
0          2048  100.0



          count        pct
Actin_BR                  
1          1372  66.992188
011         266  12.988281
001         246  12.011719
0           164   8.007812



          count        pct
Actin_ST                  
1          1637  79.931641
101         246  12.011719
0           148   7.226562
01           17   0.830078



        count        pct
Arp2_3                  
1        1372  66.992188
110       266  12.988281
010       246  12.011719
0         164   8.007812



    count        pct
CP                  
1    1050  51.269531
0     822  40.136719
01    176   8.593750



       count        pct
Cdc42                  
1       1027  50.146484
0       1021  49.853516



         count        pct
Cofilin                  
1         1392  67.968750
10         419  20.458984
011        147   7.177734
0           90   4.394531



         count        pct
Coronin                  
1         1892  92.382812
0           88   4.296875
01          68   3.320312



           count        pct
Cortactin                  
1           1372  66.992188
101          266  12.988281
100          246  12.011719
0            164   8.007812



      count        pct
Dia1                  
0      1901  92.822266
110     147   7.177734



      count    pct
Dia2              
1      2048  100.0



          count        pct
Ena_Vasp                  
1          1485  72.509766
011         246  12.011719
01          176   8.593750
0           141   6.884766



              count        pct
IRSp53_Cdc42                  
1              1027  50.146484
0              1021  49.853516



             count        pct
IRSp53_Rac1                  
1             1372  66.992188
101            266  12.988281
100            246  12.011719
0              164   8.007812



      count    pct
LIMK              
0      2048  100.0



      count        pct
NET1                  
0      1396  68.164062
001     266  12.988281
101     246  12.011719
1       140   6.835938



     count        pct
PAK                  
1     1396  68.164062
101    266  12.988281
100    246  12.011719
0      140   6.835938



      count        pct
PIP2                  
0      1049  51.220703
1       999  48.779297



     count    pct
PKD              
0     2048  100.0



          count        pct
Profilin                  
1          1637  79.931641
011         246  12.011719
0           148   7.226562
10           17   0.830078



      count    pct
ROCK              
0      2048  100.0



     count        pct
ROS                  
1     1372  66.992188
101    266  12.988281
100    246  12.011719
0      164   8.007812



      count        pct
Rac1                  
1      1372  66.992188
011     266  12.988281
001     246  12.011719
0       164   8.007812



      count        pct
RhoA                  
0      1372  66.992188
1       410  20.019531
101     266  12.988281



     count        pct
SSH                  
1     1892  92.382812
0       88   4.296875
10      68   3.320312



          count        pct
Thymosin                  
0          1539  75.146484
10          419  20.458984
1            90   4.394531



      count        pct
WASP                  
1      1286  62.792969
10      368  17.968750
110     246  12.011719
0       148   7.226562



      count        pct
WAVE                  
1      1638  79.980469
110     246  12.011719
0       164   8.007812



