                   count        pct
Actin_BR Actin_ST                  
0        0           408  39.843750
1        1           218  21.289062
         101         123  12.011719
0        1            91   8.886719
100      110          46   4.492188
01       0            44   4.296875
         01           27   2.636719
110      1            22   2.148438
010      0            15   1.464844
         101          10   0.976562
         1            10   0.976562
110      101           6   0.585938
         0             4   0.390625



           count        pct
Rac1 RhoA                  
0    1       646  63.085938
001  011     142  13.867188
110  100      81   7.910156
1    0        79   7.714844
100  101      46   4.492188
001  1        20   1.953125
110  011      10   0.976562



