                    count        pct
Actin_BR Actin_ST                   
010      100          364  35.546875
0        0            227  22.167969
010      011          107  10.449219
000001   100111       106  10.351562
         001110        97   9.472656
101      100           44   4.296875
0        000001110     26   2.539062
1        0             17   1.660156
101      0             16   1.562500
0        1             12   1.171875
101      1              8   0.781250



                     count        pct
Rac1      RhoA                       
010       0            270  26.367188
0         0            227  22.167969
001000    111100       203  19.824219
010       100          201  19.628906
101       0             68   6.640625
000011110 001111000     26   2.539062
1         0             17   1.660156
0         1             12   1.171875



