          count        pct
ARHGAP22                  
0           898  87.695312
100111      118  11.523438
1             8   0.781250



          count        pct
Actin_BR                  
1           541  52.832031
001         240  23.437500
100000      118  11.523438
011          77   7.519531
0            48   4.687500



           count        pct
Actin_ST                   
1            446  43.554688
0            301  29.394531
001          158  15.429688
000111        64   6.250000
10            16   1.562500
100111        15   1.464844
010111        15   1.464844
000001110      9   0.878906



        count        pct
Arp2_3                  
1         541  52.832031
010       240  23.437500
000001    118  11.523438
110        77   7.519531
0          48   4.687500



        count        pct
CP                      
0         497  48.535156
1         283  27.636719
001       120  11.718750
100000     79   7.714844
011        38   3.710938
10          7   0.683594



       count        pct
Cdc42                  
0        522  50.976562
1        502  49.023438



         count        pct
Cofilin                  
1          688  67.187500
110        159  15.527344
101011      57   5.566406
01          34   3.320312
0           32   3.125000
010011      24   2.343750
010100      15   1.464844
000001      15   1.464844



         count        pct
Coronin                  
1          878  85.742188
01         139  13.574219
0            7   0.683594



           count        pct
Cortactin                  
1            541  52.832031
100          240  23.437500
000010       118  11.523438
101           77   7.519531
0             39   3.808594
000001111      9   0.878906



           count        pct
Dia1                       
0            649  63.378906
010          240  23.437500
001111       118  11.523438
000111100      9   0.878906
1              8   0.781250



           count        pct
Dia2                       
1            510  49.804688
010          240  23.437500
0            147  14.355469
001111       118  11.523438
000111100      9   0.878906



          count        pct
Ena_Vasp                  
1           786  76.757812
011         120  11.718750
000001       57   5.566406
10           39   3.808594
0            22   2.148438



              count        pct
IRSp53_Cdc42                  
0               522  50.976562
1               502  49.023438



             count        pct
IRSp53_Rac1                  
1              541  52.832031
100            240  23.437500
000010         118  11.523438
101             77   7.519531
0               39   3.808594
000001111        9   0.878906



      count    pct
LIMK              
0      1024  100.0



           count        pct
NET1                       
0            572  55.859375
101          240  23.437500
111110       118  11.523438
001           77   7.519531
011111000      9   0.878906
1              8   0.781250



           count        pct
PAK                        
1            572  55.859375
100          240  23.437500
000010       118  11.523438
101           77   7.519531
000001111      9   0.878906
0              8   0.781250



      count        pct
PIP2                  
0       513  50.097656
1       511  49.902344



     count    pct
PKD              
0     1024  100.0



           count        pct
Profilin                   
1            774  75.585938
011          120  11.718750
001111        64   6.250000
101111        30   2.929688
01            16   1.562500
0             11   1.074219
110011111      9   0.878906



        count        pct
ROCK                    
0         898  87.695312
001111    118  11.523438
1           8   0.781250



           count        pct
ROS                        
1            541  52.832031
100          240  23.437500
000010       118  11.523438
101           77   7.519531
0             39   3.808594
000001111      9   0.878906



           count        pct
Rac1                       
1            541  52.832031
001          240  23.437500
000100       118  11.523438
011           77   7.519531
0             39   3.808594
000011110      9   0.878906



           count        pct
RhoA                       
0            649  63.378906
100          240  23.437500
011110       118  11.523438
001111000      9   0.878906
1              8   0.781250



     count        pct
SSH                  
1      878  85.742188
10     139  13.574219
0        7   0.683594



          count        pct
Thymosin                  
0           871  85.058594
01           66   6.445312
001010       57   5.566406
1            30   2.929688



        count        pct
WASP                    
1         751  73.339844
110       120  11.718750
01         63   6.152344
000010     57   5.566406
0          33   3.222656



           count        pct
WAVE                       
1            618  60.351562
110          240  23.437500
000011       118  11.523438
0             39   3.808594
100001111      9   0.878906



