          count        pct
ARHGAP22                  
0           643  62.792969
1           269  26.269531
010         112  10.937500



          count        pct
Actin_BR                  
0           475  46.386719
100         440  42.968750
101         100   9.765625
1             9   0.878906



          count        pct
Actin_ST                  
0           838  81.835938
010         112  10.937500
011          67   6.542969
1             7   0.683594



        count        pct
Arp2_3                  
0         475  46.386719
001       440  42.968750
011       100   9.765625
1           9   0.878906



    count    pct
CP              
1    1024  100.0



       count        pct
Cdc42                  
0        531  51.855469
1        493  48.144531



         count        pct
Cofilin                  
0          537  52.441406
1          474  46.289062
10          13   1.269531



         count        pct
Coronin                  
0          529  51.660156
1          474  46.289062
10          21   2.050781



           count        pct
Cortactin                  
0            475  46.386719
010          440  42.968750
110          100   9.765625
1              9   0.878906



      count    pct
Dia1              
0      1024  100.0



      count        pct
Dia2                  
110     306  29.882812
1       299  29.199219
010     234  22.851562
0       185  18.066406



          count        pct
Ena_Vasp                  
1           762  74.414062
0           150  14.648438
001         112  10.937500



              count        pct
IRSp53_Cdc42                  
0               531  51.855469
1               493  48.144531



             count        pct
IRSp53_Rac1                  
0              475  46.386719
010            440  42.968750
110            100   9.765625
1                9   0.878906



      count        pct
LIMK                  
1       529  51.660156
0       474  46.289062
01       21   2.050781



      count        pct
NET1                  
0       495  48.339844
1       290  28.320312
101     206  20.117188
010      33   3.222656



     count        pct
PAK                  
1      495  48.339844
0      290  28.320312
100    206  20.117188
011     33   3.222656



      count    pct
PIP2              
0      1024  100.0



     count        pct
PKD                  
0      643  62.792969
1      269  26.269531
010    112  10.937500



          count        pct
Profilin                  
0           475  46.386719
101         440  42.968750
1           109  10.644531



      count        pct
ROCK                  
0       643  62.792969
1       269  26.269531
100     112  10.937500



     count        pct
ROS                  
0      475  46.386719
010    440  42.968750
110    100   9.765625
1        9   0.878906



      count        pct
Rac1                  
0       475  46.386719
100     440  42.968750
101     100   9.765625
1         9   0.878906



      count        pct
RhoA                  
0       528  51.562500
1       290  28.320312
100     206  20.117188



     count        pct
SSH                  
0      529  51.660156
1      474  46.289062
01      21   2.050781



          count        pct
Thymosin                  
1           537  52.441406
0           474  46.289062
10           13   1.269531



      count    pct
WASP              
0      1024  100.0



      count        pct
WAVE                  
0       475  46.386719
011     440  42.968750
1       109  10.644531



