                     count   pct
cycle_Actin_BR_norm             
0                      343  34.3
1                      302  30.2
1110                   104  10.4
01                      84   8.4
1100                    70   7.0
0010                    67   6.7
101                     12   1.2
000100                   9   0.9
001                      6   0.6
01011                    3   0.3



                     count   pct
cycle_Actin_ST_norm             
1                      447  44.7
0                      227  22.7
1110                   194  19.4
01                      59   5.9
0010                    32   3.2
0011                    15   1.5
100111                   9   0.9
011111                   8   0.8
101                      5   0.5
01000                    3   0.3
001100                   1   0.1



                   count   pct
cycle_Arp2_3_norm             
0                    343  34.3
1                    302  30.2
1101                 104  10.4
10                    84   8.4
1001                  70   7.0
0100                  67   6.7
011                   12   1.2
001000                 9   0.9
010                    6   0.6
10110                  3   0.3



               count   pct
cycle_CP_norm             
1                500  50.0
0                500  50.0



                  count   pct
cycle_Cdc42_norm             
0                   522  52.2
1                   478  47.8



                    count    pct
cycle_Cofilin_norm              
0                    1000  100.0



                    count   pct
cycle_Coronin_norm             
0                     620  62.0
0100                  169  16.9
1                     121  12.1
1011                   85   8.5
01                      5   0.5



                      count   pct
cycle_Cortactin_norm             
0                       434  43.4
1100                    169  16.9
1000                    167  16.7
1                        91   9.1
1011                     85   8.5
01                       24   2.4
110                      17   1.7
011110                   10   1.0
11101                     3   0.3



                 count   pct
cycle_Dia1_norm             
0                  562  56.2
1                  219  21.9
1001               106  10.6
1011                64   6.4
0001                25   2.5
01                  20   2.0
00001                3   0.3
110001               1   0.1



                 count   pct
cycle_Dia2_norm             
1                  525  52.5
1101               421  42.1
01                  24   2.4
110                 17   1.7
111110              10   1.0
11101                3   0.3



                     count   pct
cycle_Ena_Vasp_norm             
1                      973  97.3
1101                    17   1.7
001111                  10   1.0



                   count   pct
cycle_IRSp53_norm             
1                    539  53.9
0                    406  40.6
1011                  45   4.5
011110                10   1.0



                 count   pct
cycle_LIMK_norm             
1                  620  62.0
1011               169  16.9
0                  121  12.1
0100                85   8.5
10                   5   0.5



                count   pct
cycle_PAK_norm             
1                 945  94.5
1011               45   4.5
011110             10   1.0



                 count   pct
cycle_PIP2_norm             
1                  500  50.0
0                  500  50.0



                count   pct
cycle_PKD_norm             
1                 434  43.4
1100              169  16.9
1101              167  16.7
0                 121  12.1
0001               85   8.5
10                 24   2.4



                     count   pct
cycle_Profilin_norm             
1                      447  44.7
0                      227  22.7
1101                   194  19.4
10                      59   5.9
0100                    32   3.2
0110                    15   1.5
001111                   9   0.9
111110                   8   0.8
011                      5   0.5
10000                    3   0.3
011000                   1   0.1



                 count   pct
cycle_ROCK_norm             
1                  434  43.4
1001               169  16.9
1011               167  16.7
0                  121  12.1
0010                85   8.5
01                  24   2.4



                  count   pct
cycle_ROCK__norm             
1                   434  43.4
1100                169  16.9
1101                167  16.7
0                   121  12.1
0001                 85   8.5
10                   24   2.4



                 count   pct
cycle_Rac1_norm             
0                  434  43.4
1001               169  16.9
0001               167  16.7
1                   91   9.1
0111                85   8.5
10                  24   2.4
101                 17   1.7
111100              10   1.0
11011                3   0.3



                 count   pct
cycle_RhoA_norm             
1                  434  43.4
0011               214  21.4
0111               167  16.7
0                   91   9.1
0010                40   4.0
10                  24   2.4
001                 17   1.7
110001              10   1.0
00010                3   0.3



                count   pct
cycle_SSH_norm             
0                 620  62.0
1000              169  16.9
1                 121  12.1
0111               85   8.5
10                  5   0.5



                     count   pct
cycle_Thymosin_norm             
01                     427  42.7
1                      294  29.4
0                      279  27.9



                 count   pct
cycle_WASP_norm             
01                 427  42.7
0                  294  29.4
1                  279  27.9



                 count   pct
cycle_WAVE_norm             
0                  434  43.4
1100               169  16.9
1000               167  16.7
1                   91   9.1
1011                85   8.5
01                  24   2.4
110                 17   1.7
011110              10   1.0
11101                3   0.3



