                                         count   pct
cycle_Actin_BR_norm cycle_Actin_ST_norm             
0                   0                      247  24.7
                    1                      217  21.7
0001                0111                   176  17.6
                    1                       74   7.4
0110                1                       73   7.3
0001                10                      35   3.5
                    0001                    32   3.2
1                   1                       28   2.8
1110                1                       20   2.0
0                   10011                   15   1.5
0001                0011                    14   1.4
10                  10                      12   1.2
0                   11101                   10   1.0
                    10                       9   0.9
                    0111                     9   0.9
101                 1                        8   0.8
0                   111101                   8   0.8
                    001100                   6   0.6
                    00100                    3   0.3
10                  1                        2   0.2
0                   0011                     2   0.2



