          count        pct
ARHGAP22                  
1          1342  65.527344
0           320  15.625000
11110       184   8.984375
11010       105   5.126953
01110        72   3.515625
010          18   0.878906
0010          7   0.341797



          count        pct
Actin_BR                  
0          1347  65.771484
00011       184   8.984375
1           172   8.398438
011         131   6.396484
01111       105   5.126953
10011        72   3.515625
100          30   1.464844
1101          7   0.341797



          count    pct
Actin_ST              
0          2048  100.0



        count        pct
Arp2_3                  
0        1347  65.771484
00110     184   8.984375
1         172   8.398438
110       131   6.396484
11110     105   5.126953
00111      72   3.515625
001        30   1.464844
1011        7   0.341797



     count        pct
CP                   
1     1081  52.783203
0      929  45.361328
011     38   1.855469



       count        pct
Cdc42                  
1       1043  50.927734
0       1005  49.072266



         count        pct
Cofilin                  
0         1731  84.521484
1          184   8.984375
011         99   4.833984
01          34   1.660156



         count        pct
Coronin                  
0         1631  79.638672
1          320  15.625000
00100       72   3.515625
011         18   0.878906
0111         7   0.341797



           count        pct
Cortactin                  
0           1347  65.771484
01000        184   8.984375
1            172   8.398438
101          122   5.957031
01001        105   5.126953
01100         72   3.515625
010           39   1.904297
0110           7   0.341797



       count        pct
Dia1                   
0       1118  54.589844
1        461  22.509766
11101    184   8.984375
10101    105   5.126953
100       99   4.833984
11100     72   3.515625
101        9   0.439453



       count        pct
Dia2                   
1       1619  79.052734
11101    289  14.111328
11100     72   3.515625
101       61   2.978516
0110       7   0.341797



          count        pct
Ena_Vasp                  
1          1917  93.603516
0           113   5.517578
001          18   0.878906



              count        pct
IRSp53_Cdc42                  
1              1043  50.927734
0              1005  49.072266



             count        pct
IRSp53_Rac1                  
0             1347  65.771484
01000          184   8.984375
1              172   8.398438
101            140   6.835938
01001          105   5.126953
01100           72   3.515625
100             21   1.025391
0110             7   0.341797



       count        pct
LIMK                   
1       1631  79.638672
0        320  15.625000
11011     72   3.515625
100       18   0.878906
1000       7   0.341797



      count        pct
NET1                  
0      1071  52.294922
1       877  42.822266
010      79   3.857422
101      21   1.025391



     count        pct
PAK                  
1     1071  52.294922
0      877  42.822266
011     79   3.857422
100     21   1.025391



      count        pct
PIP2                  
0      1060  51.757812
1       988  48.242188



       count        pct
PKD                    
1       1342  65.527344
0        320  15.625000
11110    184   8.984375
11010    105   5.126953
01110     72   3.515625
010       18   0.878906
0010       7   0.341797



          count    pct
Profilin              
0          2048  100.0



       count        pct
ROCK                   
1       1342  65.527344
0        320  15.625000
11101    184   8.984375
10101    105   5.126953
11100     72   3.515625
100       18   0.878906
0100       7   0.341797



       count        pct
ROS                    
0       1347  65.771484
01000    184   8.984375
1        172   8.398438
101      140   6.835938
01001    105   5.126953
01100     72   3.515625
100       21   1.025391
0110       7   0.341797



       count        pct
Rac1                   
0       1347  65.771484
10000    184   8.984375
1        172   8.398438
011      140   6.835938
10010    105   5.126953
11000     72   3.515625
001       21   1.025391
1100       7   0.341797



       count        pct
RhoA                   
1       1368  66.796875
11011    184   8.984375
0        172   8.398438
01011    105   5.126953
011       79   3.857422
11001     72   3.515625
001       61   2.978516
1100       7   0.341797



       count        pct
SSH                    
0       1631  79.638672
1        320  15.625000
01000     72   3.515625
110       18   0.878906
1110       7   0.341797



          count        pct
Thymosin                  
1          1731  84.521484
0           184   8.984375
010          99   4.833984
01           34   1.660156



      count    pct
WASP              
0      2048  100.0



       count        pct
WAVE                   
0       1347  65.771484
1        312  15.234375
01100    184   8.984375
11101    105   5.126953
01110     72   3.515625
110       21   1.025391
0111       7   0.341797



