                     count    pct
cycle_Actin_BR_norm              
0                     1024  100.0



                     count    pct
cycle_Actin_ST_norm              
0                     1024  100.0



                   count    pct
cycle_Arp2_3_norm              
0                   1024  100.0



               count        pct
cycle_CP_norm                  
1                519  50.683594
0                505  49.316406



                  count        pct
cycle_Cdc42_norm                  
1                   541  52.832031
0                   483  47.167969



                    count        pct
cycle_Cofilin_norm                  
0                     946  92.382812
1                      46   4.492188
001100                 11   1.074219
1000100000              7   0.683594
10001                   7   0.683594
001000                  7   0.683594



                    count        pct
cycle_Coronin_norm                  
0                     676  66.015625
0100                  263  25.683594
1                      82   8.007812
10                      3   0.292969



                      count        pct
cycle_Cortactin_norm                  
0                       478  46.679688
1100                    285  27.832031
0001                    185  18.066406
01110                    40   3.906250
100111                   20   1.953125
10                       16   1.562500



                 count        pct
cycle_Dia1_norm                  
0                  519  50.683594
1                  241  23.535156
1001               135  13.183594
0111                77   7.519531
001110              20   1.953125
10001               16   1.562500
10                  16   1.562500



                 count        pct
cycle_Dia2_norm                  
1                  478  46.679688
1101               470  45.898438
11110               40   3.906250
101111              20   1.953125
10                  16   1.562500



                     count        pct
cycle_Ena_Vasp_norm                  
1                      991  96.777344
10111                   24   2.343750
110111                   7   0.683594
100111                   2   0.195312



                   count        pct
cycle_IRSp53_norm                  
1                    541  52.832031
0                    439  42.871094
01110                 24   2.343750
100111                20   1.953125



                 count        pct
cycle_LIMK_norm                  
1                  676  66.015625
1011               263  25.683594
0                   82   8.007812
01                   3   0.292969



                count        pct
cycle_PAK_norm                  
1                 980  95.703125
01110              24   2.343750
100111             20   1.953125



                 count        pct
cycle_PIP2_norm                  
0                  519  50.683594
1                  505  49.316406



                count        pct
cycle_PKD_norm                  
1                 478  46.679688
1100              263  25.683594
1011              185  18.066406
0                  82   8.007812
01                 16   1.562500



                     count    pct
cycle_Profilin_norm              
0                     1024  100.0



                 count        pct
cycle_ROCK_norm                  
1                  478  46.679688
1001               263  25.683594
0111               185  18.066406
0                   82   8.007812
10                  16   1.562500



                  count        pct
cycle_ROCK__norm                  
1                   478  46.679688
1100                263  25.683594
1011                185  18.066406
0                    82   8.007812
01                   16   1.562500



                 count        pct
cycle_Rac1_norm                  
0                  478  46.679688
1001               285  27.832031
0010               185  18.066406
11100               40   3.906250
001111              20   1.953125
01                  16   1.562500



                 count        pct
cycle_RhoA_norm                  
1                  478  46.679688
0011               285  27.832031
1110               185  18.066406
11001               24   2.343750
011100              20   1.953125
01                  16   1.562500
00011               16   1.562500



                count        pct
cycle_SSH_norm                  
0                 676  66.015625
1000              263  25.683594
1                  82   8.007812
01                  3   0.292969



                     count        pct
cycle_Thymosin_norm                  
01                     364  35.546875
0                      358  34.960938
1                      302  29.492188



                 count        pct
cycle_WASP_norm                  
01                 364  35.546875
1                  334  32.617188
0                  302  29.492188
01111               24   2.343750



                 count        pct
cycle_WAVE_norm                  
0                  478  46.679688
1100               285  27.832031
0001               185  18.066406
01110               40   3.906250
100111              20   1.953125
10                  16   1.562500



