          count        pct
ARHGAP22                  
1          1893  92.431641
0           155   7.568359



          count        pct
Actin_BR                  
0          1284  62.695312
1           631  30.810547
10          117   5.712891
011           9   0.439453
100           7   0.341797



          count        pct
Actin_ST                  
1          1327  64.794922
0           588  28.710938
10          117   5.712891
011           9   0.439453
100           7   0.341797



        count        pct
Arp2_3                  
0        1284  62.695312
1         631  30.810547
01        117   5.712891
110         9   0.439453
001         7   0.341797



    count        pct
CP                  
0    1070  52.246094
1     978  47.753906



       count        pct
Cdc42                  
1       1055  51.513672
0        993  48.486328



         count        pct
Cofilin                  
0         1454  70.996094
1          445  21.728516
10         149   7.275391



         count        pct
Coronin                  
0         1893  92.431641
1          155   7.568359



           count    pct
Cortactin              
0           2048  100.0



      count        pct
Dia1                  
1      1070  52.246094
0       978  47.753906



      count    pct
Dia2              
1      2048  100.0



          count        pct
Ena_Vasp                  
1          2005  97.900391
0            14   0.683594
01           13   0.634766
110           9   0.439453
001           7   0.341797



              count        pct
IRSp53_Cdc42                  
1              1055  51.513672
0               993  48.486328



             count        pct
IRSp53_Rac1                  
0             1906  93.066406
1              126   6.152344
101              9   0.439453
010              7   0.341797



      count        pct
LIMK                  
1      1893  92.431641
0       155   7.568359



      count        pct
NET1                  
0      1101  53.759766
1       931  45.458984
001       9   0.439453
110       7   0.341797



     count        pct
PAK                  
1     1101  53.759766
0      931  45.458984
101      9   0.439453
010      7   0.341797



      count        pct
PIP2                  
1      1070  52.246094
0       978  47.753906



     count        pct
PKD                  
1     1893  92.431641
0      155   7.568359



          count        pct
Profilin                  
1          1336  65.234375
0           588  28.710938
01          117   5.712891
101           7   0.341797



      count        pct
ROCK                  
1      1893  92.431641
0       155   7.568359



     count    pct
ROS              
0     2048  100.0



      count        pct
Rac1                  
0      1906  93.066406
1       126   6.152344
011       9   0.439453
100       7   0.341797



      count    pct
RhoA              
1      2048  100.0



     count        pct
SSH                  
0     1893  92.431641
1      155   7.568359



          count        pct
Thymosin                  
0           856  41.796875
10          604  29.492188
1           588  28.710938



      count        pct
WASP                  
1       830  40.527344
10      604  29.492188
0       598  29.199219
101       9   0.439453
010       7   0.341797



      count        pct
WAVE                  
0      1906  93.066406
1       135   6.591797
011       7   0.341797



