                                         count        pct
cycle_Actin_BR_norm cycle_Actin_ST_norm                  
0                   1                      408  39.843750
1                   1                      362  35.351562
0111                1011                    80   7.812500
01                  1011                    37   3.613281
0                   0                       33   3.222656
0011                1011                    21   2.050781
0010                1011                    21   2.050781
01                  01                      15   1.464844
0011                1                       14   1.367188
0010                1                       14   1.367188
0011                0001                    10   0.976562
0010                0001                     6   0.585938
0111                0001                     3   0.292969



