                   count        pct
Actin_BR Actin_ST                  
1        1           314  30.664062
0        0           156  15.234375
1        0           131  12.792969
001      001          89   8.691406
         000100       67   6.542969
         1            51   4.980469
000010   001111       33   3.222656
101      0            32   3.125000
001      0            32   3.125000
000010   1            32   3.125000
101      011          25   2.441406
001      100010       23   2.246094
101      1            22   2.148438
000010   0            13   1.269531
0        1             4   0.390625



               count        pct
Rac1   RhoA                    
1      0         445  43.457031
001    100       244  23.828125
0      1         139  13.574219
101    0          79   7.714844
010000 111001     78   7.617188
0      0          21   2.050781
001    0          18   1.757812



