          count        pct
ARHGAP22                  
0           676  66.015625
010         138  13.476562
1           129  12.597656
011110       81   7.910156



          count        pct
Actin_BR                  
1           243  23.730469
110         219  21.386719
0           169  16.503906
100         163  15.917969
001         111  10.839844
000010       81   7.910156
101          38   3.710938



          count        pct
Actin_ST                  
1           533  52.050781
0           203  19.824219
100          89   8.691406
101001       62   6.054688
111101       56   5.468750
001111       38   3.710938
101          31   3.027344
000011       11   1.074219
10            1   0.097656



        count        pct
Arp2_3                  
1         243  23.730469
101       219  21.386719
0         169  16.503906
001       163  15.917969
010       111  10.839844
000100     81   7.910156
011        38   3.710938



        count        pct
CP                      
1         510  49.804688
0         421  41.113281
000001     62   6.054688
010001     14   1.367188
010        13   1.269531
101         4   0.390625



       count        pct
Cdc42                  
1        534  52.148438
0        490  47.851562



         count    pct
Cofilin              
0         1024  100.0



         count        pct
Coronin                  
1          648  63.281250
0          374  36.523438
10           2   0.195312



           count        pct
Cortactin                  
1            243  23.730469
011          219  21.386719
0            169  16.503906
010          163  15.917969
100          111  10.839844
001000        81   7.910156
110           38   3.710938



        count        pct
Dia1                    
0         819  79.980469
111100     81   7.910156
010        62   6.054688
100        60   5.859375
1           2   0.195312



        count        pct
Dia2                    
011       468  45.703125
1         377  36.816406
111100     81   7.910156
100        63   6.152344
0          35   3.417969



          count        pct
Ena_Vasp                  
1           770  75.195312
001          66   6.445312
01           62   6.054688
0            45   4.394531
101111       38   3.710938
101011       32   3.125000
001111       11   1.074219



              count        pct
IRSp53_Cdc42                  
1               534  52.148438
0               490  47.851562



             count        pct
IRSp53_Rac1                  
1              243  23.730469
011            219  21.386719
0              169  16.503906
010            163  15.917969
100            111  10.839844
001000          81   7.910156
110             38   3.710938



      count    pct
LIMK              
0      1024  100.0



        count        pct
NET1                    
0         538  52.539062
110       149  14.550781
1         134  13.085938
111011     81   7.910156
101        62   6.054688
001        32   3.125000
100        28   2.734375



        count        pct
PAK                     
1         538  52.539062
010       149  14.550781
0         134  13.085938
001000     81   7.910156
100        62   6.054688
101        32   3.125000
110        28   2.734375



      count        pct
PIP2                  
1       514  50.195312
0       510  49.804688



        count        pct
PKD                     
0         676  66.015625
010       138  13.476562
1         129  12.597656
011110     81   7.910156



          count        pct
Profilin                  
1           565  55.175781
0           190  18.554688
101          95   9.277344
011          87   8.496094
011110       38   3.710938
111011       24   2.343750
010          13   1.269531
000110       11   1.074219
01            1   0.097656



        count        pct
ROCK                    
0         676  66.015625
100       138  13.476562
1         129  12.597656
111100     81   7.910156



        count        pct
ROS                     
1         243  23.730469
011       219  21.386719
0         169  16.503906
010       163  15.917969
100       111  10.839844
001000     81   7.910156
110        38   3.710938



        count        pct
Rac1                    
1         243  23.730469
110       219  21.386719
0         169  16.503906
100       163  15.917969
001       111  10.839844
010000     81   7.910156
101        38   3.710938



        count        pct
RhoA                    
0         598  58.398438
010       149  14.550781
1         134  13.085938
111001     81   7.910156
100        62   6.054688



     count        pct
SSH                  
1      648  63.281250
0      374  36.523438
01       2   0.195312



          count        pct
Thymosin                  
01          368  35.937500
1           308  30.078125
0           298  29.101562
10           50   4.882812



      count        pct
WASP                  
01      368  35.937500
0       308  30.078125
1       298  29.101562
10       50   4.882812



        count        pct
WAVE                    
1         500  48.828125
0         169  16.503906
011       163  15.917969
110       111  10.839844
001100     81   7.910156



