                   count        pct
Actin_BR Actin_ST                  
1        1           241  23.535156
110      1           187  18.261719
0        0           166  16.210938
100      100          89   8.691406
001      101001       62   6.054688
100      1            47   4.589844
000010   001111       38   3.710938
         1            32   3.125000
110      111101       32   3.125000
001      101          25   2.441406
         111101       24   2.343750
101      1            24   2.343750
100      0            21   2.050781
101      0            14   1.367188
000010   000011       11   1.074219
100      101           6   0.585938
0        1             2   0.195312
1        0             2   0.195312
0        10            1   0.097656



               count        pct
Rac1   RhoA                    
1      0         243  23.730469
110    0         219  21.386719
100    010       149  14.550781
0      1         134  13.085938
010000 111001     81   7.910156
001    100        62   6.054688
       0          49   4.785156
101    0          38   3.710938
0      0          35   3.417969
100    0          14   1.367188



