          count    pct
ARHGAP22              
0          2048  100.0



          count        pct
Actin_BR                  
1           808  39.453125
011         740  36.132812
001         332  16.210938
0           168   8.203125



          count        pct
Actin_ST                  
1          1317  64.306641
101         563  27.490234
0           160   7.812500
01            8   0.390625



        count        pct
Arp2_3                  
1         808  39.453125
110       740  36.132812
010       332  16.210938
0         168   8.203125



    count        pct
CP                  
1    1039  50.732422
0     819  39.990234
10    190   9.277344



       count        pct
Cdc42                  
0       1057  51.611328
1        991  48.388672



         count        pct
Cofilin                  
1         1187  57.958984
011        395  19.287109
01         363  17.724609
0          103   5.029297



         count        pct
Coronin                  
1         1887  92.138672
0           98   4.785156
10          63   3.076172



           count        pct
Cortactin                  
1            808  39.453125
101          740  36.132812
100          332  16.210938
0            168   8.203125



      count        pct
Dia1                  
0      1653  80.712891
100     204   9.960938
011     191   9.326172



      count        pct
Dia2                  
1      1535  74.951172
101     513  25.048828



          count        pct
Ena_Vasp                  
1          1466  71.582031
011         254  12.402344
10          190   9.277344
0           138   6.738281



              count        pct
IRSp53_Cdc42                  
0              1057  51.611328
1               991  48.388672



             count    pct
IRSp53_Rac1              
0             2048  100.0



      count        pct
LIMK                  
0      2018  98.535156
1        18   0.878906
10       12   0.585938



      count        pct
NET1                  
0      1352  66.015625
100     305  14.892578
101     254  12.402344
1       137   6.689453



     count        pct
PAK                  
1     1352  66.015625
110    305  14.892578
100    254  12.402344
0      137   6.689453



      count        pct
PIP2                  
0      1038  50.683594
1      1010  49.316406



     count    pct
PKD              
0     2048  100.0



          count        pct
Profilin                  
1          1626  79.394531
011         254  12.402344
0           160   7.812500
10            8   0.390625



      count    pct
ROCK              
0      2048  100.0



     count        pct
ROS                  
1      808  39.453125
101    740  36.132812
100    332  16.210938
0      168   8.203125



      count        pct
Rac1                  
1       808  39.453125
011     740  36.132812
001     332  16.210938
0       168   8.203125



      count        pct
RhoA                  
0       808  39.453125
001     435  21.240234
1       422  20.605469
110     383  18.701172



     count        pct
SSH                  
1     1887  92.138672
0       98   4.785156
01      63   3.076172



          count        pct
Thymosin                  
0          1582  77.246094
01          363  17.724609
1           103   5.029297



      count        pct
WASP                  
1      1322  64.550781
01      312  15.234375
110     254  12.402344
0       160   7.812500



      count        pct
WAVE                  
1       808  39.453125
101     740  36.132812
100     332  16.210938
0       168   8.203125



