          count        pct
ARHGAP22                  
0          1017  99.316406
              7   0.683594



          count        pct
Actin_BR                  
1           667  65.136719
110         300  29.296875
0            29   2.832031
100          20   1.953125
              7   0.683594
001           1   0.097656



           count        pct
Actin_ST                   
0            381  37.207031
1            254  24.804688
100          219  21.386719
10            64   6.250000
111110        44   4.296875
111100000     19   1.855469
101011        15   1.464844
110           12   1.171875
11101111       9   0.878906
               7   0.683594



        count        pct
Arp2_3                  
1         667  65.136719
101       300  29.296875
0          29   2.832031
001        20   1.953125
            7   0.683594
010         1   0.097656



        count        pct
CP                      
1         309  30.175781
0         284  27.734375
110       199  19.433594
10        136  13.281250
000010     43   4.199219
010        31   3.027344
101000     15   1.464844
            7   0.683594



       count        pct
Cdc42                  
0        510  49.804688
1        507  49.511719
           7   0.683594



         count        pct
Cofilin                  
1          591  57.714844
01         136  13.281250
0          126  12.304688
010        101   9.863281
010000      51   4.980469
011         12   1.171875
             7   0.683594



         count        pct
Coronin                  
1          761  74.316406
0          233  22.753906
001         15   1.464844
110          8   0.781250
             7   0.683594



           count        pct
Cortactin                  
1            667  65.136719
011          279  27.246094
010           43   4.199219
111110000     19   1.855469
00001111       9   0.878906
               7   0.683594



           count        pct
Dia1                       
0            667  65.136719
100          230  22.460938
101100        43   4.199219
110           33   3.222656
111000011     19   1.855469
000010        15   1.464844
00111100       9   0.878906
               7   0.683594
011            1   0.097656



           count        pct
Dia2                       
1            507  49.511719
101          287  28.027344
0            204  19.921875
111000011     19   1.855469
               7   0.683594



          count        pct
Ena_Vasp                  
1           721  70.410156
10          136  13.281250
111011       78   7.617188
011          37   3.613281
0            28   2.734375
101110       16   1.562500
              7   0.683594
010           1   0.097656



              count        pct
IRSp53_Cdc42                  
0              1017  99.316406
                  7   0.683594



             count        pct
IRSp53_Rac1                  
1              667  65.136719
011            302  29.492188
010             20   1.953125
111110000       19   1.855469
00001111         9   0.878906
                 7   0.683594



      count        pct
LIMK                  
0       761  74.316406
1       233  22.753906
110      15   1.464844
001       8   0.781250
          7   0.683594



           count        pct
NET1                       
0            711  69.433594
010          287  28.027344
100000111     19   1.855469
               7   0.683594



           count        pct
PAK                        
1            711  69.433594
011          287  28.027344
111110000     19   1.855469
               7   0.683594



      count        pct
PIP2                  
0       510  49.804688
1       507  49.511719
          7   0.683594



     count        pct
PKD                  
0      761  74.316406
110    233  22.753906
001     16   1.562500
100      7   0.683594
         7   0.683594



           count        pct
Profilin                   
1            969  94.628906
101           20   1.953125
111111101     19   1.855469
11011111       9   0.878906
               7   0.683594



      count        pct
ROCK                  
0       761  74.316406
101     233  22.753906
010      16   1.562500
001       7   0.683594
          7   0.683594



           count        pct
ROS                        
1            667  65.136719
011          302  29.492188
010           20   1.953125
111110000     19   1.855469
00001111       9   0.878906
               7   0.683594



           count        pct
Rac1                       
1            667  65.136719
110          302  29.492188
100           20   1.953125
111100001     19   1.855469
00011110       9   0.878906
               7   0.683594



           count        pct
RhoA                       
0            667  65.136719
011          307  29.980469
110000111     19   1.855469
100           15   1.464844
01111000       9   0.878906
               7   0.683594



     count        pct
SSH                  
1      761  74.316406
0      233  22.753906
010     15   1.464844
101      8   0.781250
         7   0.683594



          count        pct
Thymosin                  
0           724  70.703125
01          230  22.460938
1            63   6.152344
              7   0.683594



      count        pct
WASP                  
1       721  70.410156
01      230  22.460938
0        63   6.152344
          7   0.683594
101       3   0.292969



           count        pct
WAVE                       
1            969  94.628906
011           20   1.953125
111111000     19   1.855469
10001111       9   0.878906
               7   0.683594



