          count        pct
ARHGAP22                  
1          1863  90.966797
0           185   9.033203



          count        pct
Actin_BR                  
0          1001  48.876953
1           649  31.689453
10          371  18.115234
101          15   0.732422
100          12   0.585938



          count    pct
Actin_ST              
0          2048  100.0



        count        pct
Arp2_3                  
0        1001  48.876953
1         649  31.689453
01        371  18.115234
011        15   0.732422
001        12   0.585938



    count        pct
CP                  
0    1033  50.439453
1    1008  49.218750
10      7   0.341797



       count        pct
Cdc42                  
1       1037  50.634766
0       1011  49.365234



         count        pct
Cofilin                  
0         1432  69.921875
1          458  22.363281
10         158   7.714844



         count        pct
Coronin                  
0         1863  90.966797
1          185   9.033203



           count        pct
Cortactin                  
0           1869  91.259766
1            152   7.421875
110           15   0.732422
010           12   0.585938



      count        pct
Dia1                  
1      1033  50.439453
0      1008  49.218750
10        7   0.341797



      count    pct
Dia2              
1      2048  100.0



          count        pct
Ena_Vasp                  
1          2021  98.681641
101          12   0.585938
0             8   0.390625
10            7   0.341797



              count        pct
IRSp53_Cdc42                  
1              1037  50.634766
0              1011  49.365234



             count        pct
IRSp53_Rac1                  
0             1869  91.259766
1              152   7.421875
110             15   0.732422
010             12   0.585938



      count        pct
LIMK                  
1      1863  90.966797
0       185   9.033203



      count        pct
NET1                  
0      1089  53.173828
1       932  45.507812
100      15   0.732422
110      12   0.585938



     count        pct
PAK                  
1     1089  53.173828
0      932  45.507812
110     15   0.732422
010     12   0.585938



      count        pct
PIP2                  
1      1042  50.878906
0      1006  49.121094



     count        pct
PKD                  
1     1863  90.966797
0      185   9.033203



          count    pct
Profilin              
0          2048  100.0



      count        pct
ROCK                  
1      1863  90.966797
0       185   9.033203



     count    pct
ROS              
0     2048  100.0



      count        pct
Rac1                  
0      1869  91.259766
1       152   7.421875
101      15   0.732422
100      12   0.585938



      count    pct
RhoA              
1      2048  100.0



     count        pct
SSH                  
0     1863  90.966797
1      185   9.033203



          count        pct
Thymosin                  
0           843  41.162109
10          617  30.126953
1           588  28.710938



      count        pct
WASP                  
1       825  40.283203
10      617  30.126953
0       594  29.003906
011      12   0.585938



      count        pct
WAVE                  
0      1869  91.259766
1       167   8.154297
011      12   0.585938



