          count        pct
ARHGAP22                  
0           865  84.472656
1           102   9.960938
011110       57   5.566406



          count        pct
Actin_BR                  
100         398  38.867188
101         264  25.781250
0           256  25.000000
000010       57   5.566406
1            49   4.785156



          count        pct
Actin_ST                  
1           423  41.308594
0           245  23.925781
001         195  19.042969
011         119  11.621094
000111       18   1.757812
001111       17   1.660156
10            7   0.683594



        count        pct
Arp2_3                  
001       398  38.867188
011       264  25.781250
0         256  25.000000
000100     57   5.566406
1          49   4.785156



        count        pct
CP                      
0         509  49.707031
1         493  48.144531
000010     22   2.148438



       count      pct
Cdc42                
0        528  51.5625
1        496  48.4375



         count        pct
Cofilin                  
1          418  40.820312
110        348  33.984375
0          127  12.402344
10          79   7.714844
010000      35   3.417969
010         17   1.660156



         count        pct
Coronin                  
1          839  81.933594
10          82   8.007812
01          57   5.566406
0           46   4.492188



           count        pct
Cortactin                  
010          415  40.527344
110          264  25.781250
0            219  21.386719
001000        57   5.566406
1             49   4.785156
000011110     20   1.953125



           count        pct
Dia1                       
0            802  78.320312
010          142  13.867188
111100        57   5.566406
001111000     20   1.953125
1              3   0.292969



           count        pct
Dia2                       
110          501  48.925781
1            194  18.945312
010          178  17.382812
0             74   7.226562
111100        57   5.566406
001111110     20   1.953125



          count        pct
Ena_Vasp                  
1           709  69.238281
0           184  17.968750
011          95   9.277344
10           36   3.515625



              count      pct
IRSp53_Cdc42                
0               528  51.5625
1               496  48.4375



             count        pct
IRSp53_Rac1                  
010            415  40.527344
110            264  25.781250
0              219  21.386719
001000          57   5.566406
1               49   4.785156
000011110       20   1.953125



        count        pct
LIMK                    
0         839  81.933594
01         82   8.007812
001010     57   5.566406
1          46   4.492188



           count        pct
NET1                       
0            515  50.292969
101          237  23.144531
1            145  14.160156
111011        57   5.566406
001           50   4.882812
111110000     20   1.953125



           count        pct
PAK                        
1            515  50.292969
100          237  23.144531
0            145  14.160156
001000        57   5.566406
101           50   4.882812
000011110     20   1.953125



      count        pct
PIP2                  
1       531  51.855469
0       493  48.144531



     count    pct
PKD              
0     1024  100.0



          count        pct
Profilin                  
1           648  63.281250
0           239  23.339844
011          95   9.277344
011110       35   3.417969
01            7   0.683594



        count        pct
ROCK                    
0         865  84.472656
1         102   9.960938
111100     57   5.566406



           count        pct
ROS                        
010          415  40.527344
110          264  25.781250
0            219  21.386719
001000        57   5.566406
1             49   4.785156
000011110     20   1.953125



           count        pct
Rac1                       
100          415  40.527344
101          264  25.781250
0            219  21.386719
010000        57   5.566406
1             49   4.785156
000111100     20   1.953125



           count        pct
RhoA                       
0            565  55.175781
100          237  23.144531
1            145  14.160156
111001        57   5.566406
011110000     20   1.953125



     count        pct
SSH                  
1      839  81.933594
01      82   8.007812
10      57   5.566406
0       46   4.492188



          count        pct
Thymosin                  
0           785  76.660156
01          121  11.816406
1           118  11.523438



      count        pct
WASP                  
1       647  63.183594
0       223  21.777344
110      95   9.277344
01       59   5.761719



      count    pct
WAVE              
0      1024  100.0



