          count    pct
ARHGAP22              
0          1024  100.0



          count        pct
Actin_BR                  
1           498  48.632812
010         237  23.144531
0           207  20.214844
011          82   8.007812



          count       pct
Actin_ST                 
1           704  68.75000
0           280  27.34375
101          32   3.12500
01            8   0.78125



        count        pct
Arp2_3                  
1         498  48.632812
100       237  23.144531
0         207  20.214844
110        82   8.007812



    count        pct
CP                  
0     526  51.367188
1     493  48.144531
01      5   0.488281



       count        pct
Cdc42                  
1        526  51.367188
0        498  48.632812



         count        pct
Cofilin                  
1          656  64.062500
011        177  17.285156
10         101   9.863281
0           90   8.789062



         count        pct
Coronin                  
1          851  83.105469
10         113  11.035156
0           60   5.859375



           count        pct
Cortactin                  
1            498  48.632812
001          237  23.144531
0            207  20.214844
101           82   8.007812



      count    pct
Dia1              
0      1024  100.0



      count        pct
Dia2                  
1       498  48.632812
001     237  23.144531
0       207  20.214844
101      82   8.007812



          count        pct
Ena_Vasp                  
1           767  74.902344
011         110  10.742188
0           108  10.546875
10           39   3.808594



              count        pct
IRSp53_Cdc42                  
1               526  51.367188
0               498  48.632812



             count        pct
IRSp53_Rac1                  
1              498  48.632812
001            237  23.144531
0              207  20.214844
101             82   8.007812



      count        pct
LIMK                  
0       992  96.875000
10       30   2.929688
1         2   0.195312



      count    pct
NET1              
0      1024  100.0



     count        pct
PAK                  
1      534  52.148438
001    237  23.144531
0      171  16.699219
101     82   8.007812



      count        pct
PIP2                  
1       531  51.855469
0       493  48.144531



     count    pct
PKD              
0     1024  100.0



          count        pct
Profilin                  
1           738  72.070312
0           168  16.406250
011         110  10.742188
10            8   0.781250



      count    pct
ROCK              
0      1024  100.0



     count        pct
ROS                  
1      498  48.632812
001    237  23.144531
0      207  20.214844
101     82   8.007812



      count        pct
Rac1                  
1       498  48.632812
010     237  23.144531
0       207  20.214844
011      82   8.007812



      count    pct
RhoA              
0      1024  100.0



     count        pct
SSH                  
1      851  83.105469
01     113  11.035156
0       60   5.859375



          count        pct
Thymosin                  
0           853  83.300781
10          116  11.328125
1            55   5.371094



      count        pct
WASP                  
1       729  71.191406
0       124  12.109375
110     110  10.742188
01       61   5.957031



      count        pct
WAVE                  
1       580  56.640625
101     237  23.144531
0       207  20.214844



