                   count        pct
Actin_BR Actin_ST                  
1        1           498  48.632812
0        0           170  16.601562
010      1           127  12.402344
         0           110  10.742188
011      1            50   4.882812
         101          32   3.125000
0        1            29   2.832031
         01            8   0.781250



           count        pct
Rac1 RhoA                  
1    0       498  48.632812
010  0       237  23.144531
0    0       207  20.214844
011  0        82   8.007812



