          count        pct
ARHGAP22                  
1           900  87.890625
0            96   9.375000
010          14   1.367188
001          14   1.367188



          count        pct
Actin_BR                  
0           900  87.890625
110          80   7.812500
1            30   2.929688
100          14   1.367188



          count        pct
Actin_ST                  
1           941  91.894531
100          51   4.980469
0            18   1.757812
111110       14   1.367188



        count        pct
Arp2_3                  
0         900  87.890625
101        80   7.812500
1          30   2.929688
001        14   1.367188



     count        pct
CP                   
0      955  93.261719
110     51   4.980469
1       11   1.074219
01       7   0.683594



       count    pct
Cdc42              
0       1024  100.0



         count        pct
Cofilin                  
0          900  87.890625
1           74   7.226562
110         29   2.832031
100000      14   1.367188
10           7   0.683594



         count        pct
Coronin                  
0          900  87.890625
1           96   9.375000
101         14   1.367188
011         14   1.367188



           count        pct
Cortactin                  
0            900  87.890625
011           66   6.445312
1             30   2.929688
010           14   1.367188
001           14   1.367188



      count        pct
Dia1                  
1       900  87.890625
100      51   4.980469
101      43   4.199219
0        30   2.929688



      count        pct
Dia2                  
1       900  87.890625
101      94   9.179688
0        30   2.929688



          count        pct
Ena_Vasp                  
1           994  97.070312
011101       14   1.367188
110           9   0.878906
01            7   0.683594



              count    pct
IRSp53_Cdc42              
0              1024  100.0



             count        pct
IRSp53_Rac1                  
0              900  87.890625
011             94   9.179688
1               30   2.929688



      count        pct
LIMK                  
1       900  87.890625
0        96   9.375000
100      14   1.367188
010      14   1.367188



      count        pct
NET1                  
1       900  87.890625
010      94   9.179688
0        30   2.929688



     count        pct
PAK                  
0      900  87.890625
011     94   9.179688
1       30   2.929688



      count        pct
PIP2                  
1       514  50.195312
0       510  49.804688



     count        pct
PKD                  
1      900  87.890625
0       96   9.375000
010     14   1.367188
001     14   1.367188



          count    pct
Profilin              
1          1024  100.0



      count        pct
ROCK                  
1       900  87.890625
0        96   9.375000
100      14   1.367188
010      14   1.367188



     count        pct
ROS                  
0      900  87.890625
011     94   9.179688
1       30   2.929688



      count        pct
Rac1                  
0       900  87.890625
110      94   9.179688
1        30   2.929688



      count        pct
RhoA                  
1       900  87.890625
011      94   9.179688
0        30   2.929688



     count        pct
SSH                  
0      900  87.890625
1       96   9.375000
110     14   1.367188
011     14   1.367188



          count        pct
Thymosin                  
1           507  49.511719
0           278  27.148438
01          225  21.972656
10           14   1.367188



      count        pct
WASP                  
0       507  49.511719
1       269  26.269531
01      225  21.972656
10       14   1.367188
101       9   0.878906



      count        pct
WAVE                  
0       900  87.890625
1       124  12.109375



