                   count        pct
Actin_BR Actin_ST                  
0        0          1005  49.072266
         1           783  38.232422
110      1           135   6.591797
1        1            57   2.783203
001      101          40   1.953125
110      101          15   0.732422
100      1            12   0.585938
0        101           1   0.048828



           count        pct
Rac1 RhoA                  
0    1      1788  87.304688
110  011     163   7.958984
1    0        57   2.783203
001  1        40   1.953125



