          count        pct
ARHGAP22                  
1          1145  55.908203
0           360  17.578125
11011       186   9.082031
11110        80   3.906250
10110        77   3.759766
01110        54   2.636719
11010        52   2.539062
11001        39   1.904297
00011        39   1.904297
100           6   0.292969
010           6   0.292969
              4   0.195312



            count        pct
Actin_BR                    
0             945  46.142578
1             693  33.837891
01            120   5.859375
0001101011     80   3.906250
01111          52   2.539062
110            46   2.246094
0111011110     39   1.904297
00010          32   1.562500
001            26   1.269531
100             6   0.292969
11010           5   0.244141
                4   0.195312



            count        pct
Actin_ST                    
1             977  47.705078
0             518  25.292969
10111         127   6.201172
01            120   5.859375
01111         119   5.810547
01110          65   3.173828
0111101110     52   2.539062
00011          32   1.562500
101            29   1.416016
00010           5   0.244141
                4   0.195312



            count        pct
Arp2_3                      
0             945  46.142578
1             693  33.837891
10            120   5.859375
0011010110     80   3.906250
11110          52   2.539062
101            46   2.246094
1110111100     39   1.904297
00100          32   1.562500
010            26   1.269531
001             6   0.292969
10101           5   0.244141
                4   0.195312



            count        pct
CP                          
1            1028  50.195312
0             935  45.654297
0100000001     52   2.539062
01             24   1.171875
01010           5   0.244141
                4   0.195312



       count        pct
Cdc42                  
1       1063  51.904297
0        981  47.900391
           4   0.195312



         count        pct
Cofilin                  
0         1269  61.962891
1          453  22.119141
10         144   7.031250
11110       85   4.150391
11010       42   2.050781
101         28   1.367188
10001       17   0.830078
100000       6   0.292969
             4   0.195312



         count        pct
Coronin                  
0         1540  75.195312
1          360  17.578125
00100       54   2.636719
10000       39   1.904297
00011       39   1.904297
110          6   0.292969
011          6   0.292969
             4   0.195312



           count        pct
Cortactin                  
0           1156  56.445312
1            283  13.818359
00001        186   9.082031
01100         93   4.541016
01000         80   3.906250
01010         77   3.759766
01001         52   2.539062
011           40   1.953125
10001         39   1.904297
100           32   1.562500
010            6   0.292969
               4   0.195312



            count        pct
Dia1                        
0            1174  57.324219
1             501  24.462891
10111         101   4.931641
11101          80   3.906250
0000110101     52   2.539062
10011          39   1.904297
10101          30   1.464844
011            28   1.367188
00110          17   0.830078
11100          11   0.537109
101             6   0.292969
01000           5   0.244141
                4   0.195312



       count        pct
Dia2                   
1       1517  74.072266
10111    263  12.841797
11101    132   6.445312
11100     93   4.541016
10011     39   1.904297
           4   0.195312



            count        pct
Ena_Vasp                    
1            1768  86.328125
0111111111     80   3.906250
0111111101     52   2.539062
1110111110     39   1.904297
01111          32   1.562500
011            29   1.416016
01             24   1.171875
0               9   0.439453
011101          6   0.292969
01011           5   0.244141
                4   0.195312



              count        pct
IRSp53_Cdc42                  
0              2044  99.804688
                  4   0.195312



             count        pct
IRSp53_Rac1                  
0             1156  56.445312
1              283  13.818359
00001          186   9.082031
01000           80   3.906250
01010           77   3.759766
01100           54   2.636719
011             52   2.539062
01001           52   2.539062
10001           39   1.904297
00111           39   1.904297
100             26   1.269531
                 4   0.195312



       count        pct
LIMK                   
1       1540  75.195312
0        360  17.578125
11011     54   2.636719
11100     39   1.904297
01111     39   1.904297
100        6   0.292969
001        6   0.292969
           4   0.195312



      count        pct
NET1                  
0      1099  53.662109
1       867  42.333984
010      52   2.539062
101      26   1.269531
          4   0.195312



     count        pct
PAK                  
1     1099  53.662109
0      867  42.333984
011     52   2.539062
100     26   1.269531
         4   0.195312



      count        pct
PIP2                  
0      1028  50.195312
1      1016  49.609375
          4   0.195312



       count        pct
PKD                    
1       1145  55.908203
0        360  17.578125
11011    186   9.082031
11110     80   3.906250
10110     77   3.759766
01110     54   2.636719
11010     52   2.539062
11001     39   1.904297
00011     39   1.904297
100        6   0.292969
010        6   0.292969
           4   0.195312



          count        pct
Profilin                  
1          1172  57.226562
0           518  25.292969
11110       171   8.349609
10          120   5.859375
00110        32   1.562500
011          26   1.269531
00100         5   0.244141
              4   0.195312



       count        pct
ROCK                   
1       1145  55.908203
0        360  17.578125
10111    186   9.082031
11101     80   3.906250
01101     77   3.759766
11100     54   2.636719
10101     52   2.539062
10011     39   1.904297
00110     39   1.904297
100        6   0.292969
001        6   0.292969
           4   0.195312



       count        pct
ROS                    
0       1156  56.445312
1        283  13.818359
00001    186   9.082031
01000     80   3.906250
01010     77   3.759766
01100     54   2.636719
011       52   2.539062
01001     52   2.539062
10001     39   1.904297
00111     39   1.904297
100       26   1.269531
           4   0.195312



       count        pct
Rac1                   
0       1156  56.445312
1        283  13.818359
00010    186   9.082031
10000     80   3.906250
10100     77   3.759766
11000     54   2.636719
110       52   2.539062
10010     52   2.539062
01110     39   1.904297
00011     39   1.904297
001       26   1.269531
           4   0.195312



       count        pct
RhoA                   
1       1182  57.714844
0        283  13.818359
01111    186   9.082031
11011     80   3.906250
11010     77   3.759766
11001     54   2.636719
011       52   2.539062
01011     52   2.539062
01100     39   1.904297
00111     39   1.904297
           4   0.195312



       count        pct
SSH                    
0       1540  75.195312
1        360  17.578125
01000     54   2.636719
00110     39   1.904297
00001     39   1.904297
110        6   0.292969
101        6   0.292969
           4   0.195312



          count        pct
Thymosin                  
0           920  44.921875
10          578  28.222656
1           546  26.660156
              4   0.195312



      count        pct
WASP                  
1       882  43.066406
10      578  28.222656
0       555  27.099609
110      29   1.416016
          4   0.195312



       count        pct
WAVE                   
0       1156  56.445312
1        335  16.357422
10001    186   9.082031
10111    116   5.664062
01100     80   3.906250
01110     54   2.636719
11101     52   2.539062
11001     39   1.904297
110       26   1.269531
           4   0.195312



