                       count        pct
Actin_BR   Actin_ST                    
0          0             518  25.292969
1          1             501  24.462891
0          1             427  20.849609
1          10111         127   6.201172
01         01            120   5.859375
0001101011 01111          80   3.906250
1          01110          65   3.173828
01111      0111101110     52   2.539062
110        1              43   2.099609
0111011110 01111          39   1.904297
00010      00011          32   1.562500
001        101            26   1.269531
100        1               6   0.292969
11010      00010           5   0.244141
                           4   0.195312
110        101             3   0.146484



             count        pct
Rac1  RhoA                   
0     1       1156  56.445312
1     0        283  13.818359
00010 01111    186   9.082031
10000 11011     80   3.906250
10100 11010     77   3.759766
11000 11001     54   2.636719
110   011       52   2.539062
10010 01011     52   2.539062
01110 01100     39   1.904297
00011 00111     39   1.904297
001   1         26   1.269531
                 4   0.195312



