          count        pct
ARHGAP22                  
0           593  57.910156
010         239  23.339844
110011      176  17.187500
1            16   1.562500



          count        pct
Actin_BR                  
1           505  49.316406
010         239  23.339844
010000      176  17.187500
110          46   4.492188
101          36   3.515625
0            22   2.148438



          count    pct
Actin_ST              
0          1024  100.0



        count        pct
Arp2_3                  
1         505  49.316406
100       239  23.339844
100000    176  17.187500
101        46   4.492188
011        36   3.515625
0          22   2.148438



        count        pct
CP                      
0         473  46.191406
1         216  21.093750
010000    152  14.843750
010       119  11.621094
101        41   4.003906
000101     20   1.953125
10          3   0.292969



       count        pct
Cdc42                  
0        521  50.878906
1        503  49.121094



         count        pct
Cofilin                  
0          904  88.281250
010000      65   6.347656
010         55   5.371094



         count    pct
Coronin              
0         1024  100.0



           count        pct
Cortactin                  
1            505  49.316406
001          239  23.339844
000001       176  17.187500
011           46   4.492188
110           36   3.515625
0             22   2.148438



        count        pct
Dia1                    
0         593  57.910156
100       239  23.339844
100111    176  17.187500
1          16   1.562500



        count        pct
Dia2                    
1         519  50.683594
100       239  23.339844
100111    176  17.187500
0          90   8.789062



          count        pct
Ena_Vasp                  
1           691  67.480469
101011      111  10.839844
001111      103  10.058594
111110       39   3.808594
01           36   3.515625
001          32   3.125000
0             8   0.781250
10            4   0.390625



              count        pct
IRSp53_Cdc42                  
0               521  50.878906
1               503  49.121094



             count        pct
IRSp53_Rac1                  
1              505  49.316406
001            239  23.339844
000001         176  17.187500
011             46   4.492188
110             36   3.515625
0               22   2.148438



        count        pct
LIMK                    
1         766  74.804688
111011    176  17.187500
101        46   4.492188
011        36   3.515625



        count        pct
NET1                    
0         511  49.902344
011       239  23.339844
011111    176  17.187500
010        46   4.492188
100        36   3.515625
1          16   1.562500



        count        pct
PAK                     
1         511  49.902344
001       239  23.339844
000001    176  17.187500
011        46   4.492188
110        36   3.515625
0          16   1.562500



      count        pct
PIP2                  
1       570  55.664062
0       454  44.335938



        count        pct
PKD                     
0         593  57.910156
010       239  23.339844
110011    176  17.187500
1          16   1.562500



          count    pct
Profilin              
0          1024  100.0



        count        pct
ROCK                    
0         593  57.910156
100       239  23.339844
100111    176  17.187500
1          16   1.562500



        count        pct
ROS                     
1         505  49.316406
001       239  23.339844
000001    176  17.187500
011        46   4.492188
110        36   3.515625
0          22   2.148438



        count        pct
Rac1                    
1         505  49.316406
010       239  23.339844
000010    176  17.187500
110        46   4.492188
101        36   3.515625
0          22   2.148438



        count        pct
RhoA                    
0         593  57.910156
001       239  23.339844
001111    176  17.187500
1          16   1.562500



     count    pct
SSH              
0     1024  100.0



          count        pct
Thymosin                  
0           395  38.574219
01          247  24.121094
1           196  19.140625
10          186  18.164062



        count        pct
WASP                    
1         357  34.863281
01        247  24.121094
0         196  19.140625
10        137  13.378906
000101     49   4.785156
101        38   3.710938



        count        pct
WAVE                    
1         587  57.324219
101       239  23.339844
100001    176  17.187500
0          22   2.148438



