                    count        pct
Actin_BR Actin_ST                   
0        0           1545  75.439453
00010    00011        257  12.548828
10100    10110        121   5.908203
                       27   1.318359
00100000 10111111      23   1.123047
0        111000111     15   0.732422
         10111111      15   0.732422
         110            9   0.439453
         1              9   0.439453
         000000111      9   0.439453
001      0              8   0.390625
         001            5   0.244141
0        10010110       3   0.146484
         00001100       2   0.097656



                     count        pct
Rac1      RhoA                       
0         1           1545  75.439453
10000     11011        257  12.548828
01001     10101        121   5.908203
                        27   1.318359
01101001  10100101      26   1.269531
000111110 011111000     24   1.171875
101       110           18   0.878906
00001111  00111100      17   0.830078
001       1              8   0.390625
          110            5   0.244141



