          count    pct
ARHGAP22              
0          2048  100.0



          count        pct
Actin_BR                  
1           990  48.339844
100         469  22.900391
0           397  19.384766
101         109   5.322266
110          83   4.052734



          count        pct
Actin_ST                  
1          1175  57.373047
0           457  22.314453
100010      232  11.328125
100          80   3.906250
101110       42   2.050781
101111       41   2.001953
101          21   1.025391



        count        pct
Arp2_3                  
1         990  48.339844
001       469  22.900391
0         397  19.384766
011       109   5.322266
101        83   4.052734



        count        pct
CP                      
1         999  48.779297
0         843  41.162109
000100    116   5.664062
010100     41   2.001953
001        29   1.416016
101        12   0.585938
10          8   0.390625



       count        pct
Cdc42                  
0       1033  50.439453
1       1015  49.560547



         count        pct
Cofilin                  
0         1759  85.888672
001000     158   7.714844
100        131   6.396484



         count    pct
Coronin              
0         2048  100.0



           count        pct
Cortactin                  
1            990  48.339844
010          469  22.900391
0            397  19.384766
110          109   5.322266
011           83   4.052734



      count    pct
Dia1              
0      2048  100.0



      count        pct
Dia2                  
1       990  48.339844
010     469  22.900391
0       397  19.384766
110     109   5.322266
011      83   4.052734



          count        pct
Ena_Vasp                  
1          1268  61.914062
01          305  14.892578
0           279  13.623047
010001      116   5.664062
101          80   3.906250



              count        pct
IRSp53_Cdc42                  
0              1033  50.439453
1              1015  49.560547



             count        pct
IRSp53_Rac1                  
1              990  48.339844
010            469  22.900391
0              397  19.384766
110            109   5.322266
011             83   4.052734



      count        pct
LIMK                  
1      1043  50.927734
001     454  22.167969
0       363  17.724609
011     105   5.126953
101      83   4.052734



      count        pct
NET1                  
0      1043  50.927734
110     454  22.167969
1       363  17.724609
100     105   5.126953
010      83   4.052734



     count        pct
PAK                  
1     1043  50.927734
010    454  22.167969
0      363  17.724609
110    105   5.126953
011     83   4.052734



      count        pct
PIP2                  
1      1049  51.220703
0       999  48.779297



     count    pct
PKD              
0     2048  100.0



          count        pct
Profilin                  
1          1264  61.718750
0           429  20.947266
101         355  17.333984



      count    pct
ROCK              
0      2048  100.0



     count        pct
ROS                  
1      990  48.339844
010    469  22.900391
0      397  19.384766
110    109   5.322266
011     83   4.052734



      count        pct
Rac1                  
1       990  48.339844
100     469  22.900391
0       397  19.384766
101     109   5.322266
110      83   4.052734



      count    pct
RhoA              
0      2048  100.0



     count    pct
SSH              
0     2048  100.0



          count        pct
Thymosin                  
0           793  38.720703
01          550  26.855469
1           390  19.042969
10          315  15.380859



        count        pct
WASP                    
1         713  34.814453
01        550  26.855469
0         390  19.042969
10        199   9.716797
100010    116   5.664062
011        80   3.906250



      count        pct
WAVE                  
1      1182  57.714844
011     469  22.900391
0       397  19.384766



