                   count        pct
Actin_BR Actin_ST                  
1        1           932  45.507812
0        0           330  16.113281
100      100010      232  11.328125
101      1            91   4.443359
100      1            85   4.150391
         100          80   3.906250
0        1            67   3.271484
1        0            58   2.832031
100      0            57   2.783203
110      101110       42   2.050781
         101111       41   2.001953
100      101          15   0.732422
101      0            12   0.585938
         101           6   0.292969



           count        pct
Rac1 RhoA                  
1    0       990  48.339844
100  0       469  22.900391
0    0       397  19.384766
101  0       109   5.322266
110  0        83   4.052734



