                       count        pct
Actin_BR   Actin_ST                    
0          0            1510  73.730469
00010      00011         232  11.328125
10101      10110         135   6.591797
101        100            66   3.222656
0010011001 0001001100     44   2.148438
100        110            35   1.708984
                          12   0.585938
0          110             9   0.439453
1          0               5   0.244141



                       count        pct
Rac1       RhoA                        
0          1            1510  73.730469
10000      11011         232  11.328125
01001      10101         135   6.591797
101        100            66   3.222656
0011011001 1111101101     44   2.148438
100        110            21   1.025391
           1              14   0.683594
                          12   0.585938
101        110             9   0.439453
1          0               5   0.244141



