          count        pct
ARHGAP22                  
0          1014  99.023438
             10   0.976562



          count        pct
Actin_BR                  
1           819  79.980469
110         109  10.644531
011          47   4.589844
0            28   2.734375
             10   0.976562
100           9   0.878906
010           2   0.195312



           count        pct
Actin_ST                   
1            893  87.207031
01            86   8.398438
000001111     18   1.757812
              10   0.976562
11110111       8   0.781250
110            7   0.683594
111011         2   0.195312



        count        pct
Arp2_3                  
1         819  79.980469
101       109  10.644531
110        47   4.589844
0          28   2.734375
           10   0.976562
001         9   0.878906
100         2   0.195312



    count        pct
CP                  
0    1014  99.023438
       10   0.976562



       count        pct
Cdc42                  
0        535  52.246094
1        479  46.777344
          10   0.976562



         count        pct
Cofilin                  
1          669  65.332031
01         170  16.601562
0           97   9.472656
001         44   4.296875
001000      23   2.246094
110         11   1.074219
            10   0.976562



         count        pct
Coronin                  
1          870  84.960938
0          111  10.839844
001         23   2.246094
            10   0.976562
011          8   0.781250
101          2   0.195312



           count        pct
Cortactin                  
1            819  79.980469
011          103  10.058594
101           33   3.222656
010           33   3.222656
100001111     18   1.757812
              10   0.976562
10000111       8   0.781250



           count        pct
Dia1                       
0            819  79.980469
101          111  10.839844
110           35   3.417969
010           23   2.246094
000111110     18   1.757812
              10   0.976562
00011110       8   0.781250



           count        pct
Dia2                       
1            479  46.777344
0            371  36.230469
101          111  10.839844
110           35   3.417969
000111110     18   1.757812
              10   0.976562



          count        pct
Ena_Vasp                  
1           863  84.277344
10           86   8.398438
111101       33   3.222656
0            19   1.855469
101          10   0.976562
             10   0.976562
110101        2   0.195312
001           1   0.097656



              count        pct
IRSp53_Cdc42                  
0               535  52.246094
1               479  46.777344
                 10   0.976562



             count        pct
IRSp53_Rac1                  
1              819  79.980469
011            120  11.718750
101             49   4.785156
100001111       18   1.757812
                10   0.976562
10000111         8   0.781250



      count        pct
LIMK                  
0       870  84.960938
1       111  10.839844
110      23   2.246094
         10   0.976562
100       8   0.781250
010       2   0.195312



           count        pct
NET1                       
0            850  83.007812
010          111  10.839844
001           35   3.417969
001111000     18   1.757812
              10   0.976562



           count        pct
PAK                        
1            850  83.007812
011          111  10.839844
101           35   3.417969
100001111     18   1.757812
              10   0.976562



      count        pct
PIP2                  
1       509  49.707031
0       505  49.316406
         10   0.976562



     count        pct
PKD                  
0      870  84.960938
110     78   7.617188
011     33   3.222656
001     33   3.222656
        10   0.976562



           count        pct
Profilin                   
1            988  96.484375
111011111     18   1.757812
              10   0.976562
11101111       8   0.781250



      count        pct
ROCK                  
0       870  84.960938
101      78   7.617188
110      33   3.222656
010      33   3.222656
         10   0.976562



           count        pct
ROS                        
1            819  79.980469
011          120  11.718750
101           49   4.785156
100001111     18   1.757812
              10   0.976562
10000111       8   0.781250



           count        pct
Rac1                       
1            819  79.980469
110          120  11.718750
011           49   4.785156
000011111     18   1.757812
              10   0.976562
00001111       8   0.781250



           count        pct
RhoA                       
0            819  79.980469
011          111  10.839844
101           35   3.417969
100           23   2.246094
001111100     18   1.757812
              10   0.976562
00111100       8   0.781250



     count        pct
SSH                  
1      870  84.960938
0      111  10.839844
010     23   2.246094
        10   0.976562
110      8   0.781250
011      2   0.195312



          count        pct
Thymosin                  
0           753  73.535156
01          170  16.601562
10           49   4.785156
1            42   4.101562
             10   0.976562



      count        pct
WASP                  
1       748  73.046875
01      170  16.601562
10       49   4.785156
0        42   4.101562
         10   0.976562
011       5   0.488281



           count        pct
WAVE                       
1            988  96.484375
110001111     18   1.757812
              10   0.976562
11000111       8   0.781250



