          count        pct
ARHGAP22                  
0          1454  70.996094
1           594  29.003906



          count        pct
Actin_BR                  
1          1230  60.058594
0           589  28.759766
100          82   4.003906
01           82   4.003906
011          65   3.173828



          count        pct
Actin_ST                  
1          1585  77.392578
0           381  18.603516
110          82   4.003906



        count        pct
Arp2_3                  
1        1230  60.058594
0         589  28.759766
10         82   4.003906
001        82   4.003906
110        65   3.173828



    count        pct
CP                  
0    1046  51.074219
1    1002  48.925781



       count        pct
Cdc42                  
1       1047  51.123047
0       1001  48.876953



         count        pct
Cofilin                  
1         1494  72.949219
0          278  13.574219
01         233  11.376953
101         43   2.099609



         count        pct
Coronin                  
1         1454  70.996094
10         476  23.242188
0          118   5.761719



           count        pct
Cortactin                  
1           1179  57.568359
0            722  35.253906
010           82   4.003906
101           65   3.173828



      count        pct
Dia1                  
0      1752  85.546875
1       253  12.353516
011      43   2.099609



      count    pct
Dia2              
1      2048  100.0



          count        pct
Ena_Vasp                  
1          1585  77.392578
0           381  18.603516
101          82   4.003906



              count        pct
IRSp53_Cdc42                  
1              1047  51.123047
0              1001  48.876953



             count        pct
IRSp53_Rac1                  
1             1179  57.568359
0              722  35.253906
010             82   4.003906
101             65   3.173828



      count        pct
LIMK                  
0      1454  70.996094
01      476  23.242188
1       118   5.761719



      count        pct
NET1                  
0      1317  64.306641
1       584  28.515625
110      82   4.003906
001      65   3.173828



     count        pct
PAK                  
1     1317  64.306641
0      584  28.515625
010     82   4.003906
101     65   3.173828



      count        pct
PIP2                  
1      1046  51.074219
0      1002  48.925781



     count    pct
PKD              
0     2048  100.0



          count        pct
Profilin                  
1          1585  77.392578
0           381  18.603516
101          82   4.003906



      count        pct
ROCK                  
0      1454  70.996094
1       594  29.003906



     count        pct
ROS                  
1     1179  57.568359
0      722  35.253906
010     82   4.003906
101     65   3.173828



      count        pct
Rac1                  
1      1179  57.568359
0       722  35.253906
100      82   4.003906
011      65   3.173828



      count        pct
RhoA                  
0      1179  57.568359
1       804  39.257812
101      65   3.173828



     count        pct
SSH                  
1     1454  70.996094
01     476  23.242188
0      118   5.761719



          count    pct
Thymosin              
0          2048  100.0



      count        pct
WASP                  
1      1585  77.392578
0       381  18.603516
011      82   4.003906



      count        pct
WAVE                  
1      1244  60.742188
0       722  35.253906
011      82   4.003906



