                                         count        pct
cycle_Actin_BR_norm cycle_Actin_ST_norm                  
0                   1                      441  43.066406
                    0                      307  29.980469
                    01                     107  10.449219
                    1100                    71   6.933594
                    1011                    56   5.468750
                    01011                   23   2.246094
                    100011                  10   0.976562
                    01100                    9   0.878906



