          count        pct
Actin_BR                  
0           536  52.343750
1           413  40.332031
100          39   3.808594
110          22   2.148438
010          14   1.367188



          count        pct
Actin_ST                  
1           981  95.800781
0            29   2.832031
010          14   1.367188



        count        pct
Arp2_3                  
0         536  52.343750
1         413  40.332031
001        39   3.808594
101        22   2.148438
100        14   1.367188



    count    pct
CP              
0    1024  100.0



       count       pct
Cdc42                 
1        536  52.34375
0        488  47.65625



         count        pct
Cofilin                  
0          580  56.640625
1          289  28.222656
010         42   4.101562
000100      39   3.808594
110         31   3.027344
010100      22   2.148438
01          21   2.050781



         count        pct
Coronin                  
0          614  59.960938
001        198  19.335938
1          113  11.035156
101         99   9.667969



           count        pct
Cortactin                  
0            614  59.960938
010          198  19.335938
1            113  11.035156
011           99   9.667969



      count        pct
Dia1                  
1       614  59.960938
110     198  19.335938
0       113  11.035156
010      99   9.667969



      count        pct
Dia2                  
1       727  70.996094
011     236  23.046875
110      61   5.957031



          count        pct
Ena_Vasp                  
1          1013  98.925781
10           11   1.074219



              count       pct
IRSp53_Cdc42                 
1               536  52.34375
0               488  47.65625



             count        pct
IRSp53_Rac1                  
0              614  59.960938
010            198  19.335938
1              113  11.035156
011             99   9.667969



      count        pct
LIMK                  
1       614  59.960938
110     198  19.335938
0       113  11.035156
010      99   9.667969



     count       pct
PAK                 
1      584  57.03125
0      440  42.96875



      count        pct
PIP2                  
0       516  50.390625
1       508  49.609375



     count        pct
PKD                  
1      614  59.960938
011    198  19.335938
0      113  11.035156
001     99   9.667969



          count        pct
Profilin                  
1           981  95.800781
0            29   2.832031
100          14   1.367188



      count        pct
ROCK                  
1       614  59.960938
110     198  19.335938
0       113  11.035156
010      99   9.667969



      count        pct
Rac1                  
0       614  59.960938
100     198  19.335938
1       113  11.035156
110      99   9.667969



      count        pct
RhoA                  
1       614  59.960938
101     198  19.335938
0       113  11.035156
100      99   9.667969



     count        pct
SSH                  
0      614  59.960938
010    198  19.335938
1      113  11.035156
011     99   9.667969



          count        pct
Thymosin                  
0           473  46.191406
1           280  27.343750
01          271  26.464844



      count        pct
WASP                  
1       473  46.191406
0       280  27.343750
01      271  26.464844



      count        pct
WAVE                  
0       614  59.960938
1       212  20.703125
011     198  19.335938



