                       count        pct
Actin_BR   Actin_ST                    
0          1             881  43.017578
1          1             665  32.470703
0011010110 01111          84   4.101562
0          0              71   3.466797
0011010110 1111011111     71   3.466797
11101      01111          51   2.490234
110        1              49   2.392578
1110111100 01111          39   1.904297
11101      1111011111     30   1.464844
00100      10001          20   0.976562
1110111100 1111011111     19   0.927734
1          10             18   0.878906
00100      11110          13   0.634766
110        011            13   0.634766
01011      01101          10   0.488281
010        111011          6   0.292969
01010      11110           5   0.244141
0          100             3   0.146484



             count        pct
Rac1  RhoA                   
0     1        990  48.339844
1     0        301  14.697266
01010 01101    192   9.375000
00010 01111    169   8.251953
00001 10111    155   7.568359
110   011       65   3.173828
01110 01100     64   3.125000
00110 01110     58   2.832031
11000 11001     48   2.343750
011   101        6   0.292969



