                    count        pct
Actin_BR Actin_ST                   
001      001          334  32.617188
0        0            181  17.675781
001      011          133  12.988281
000010   001111       125  12.207031
         001110       123  12.011719
101      001           38   3.710938
         0             30   2.929688
0        000001110     28   2.734375
         1             14   1.367188
1        0             12   1.171875
101      1              6   0.585938



                     count        pct
Rac1      RhoA                       
001       0            272  26.562500
010000    111001       248  24.218750
001       100          195  19.042969
0         0            181  17.675781
101       0             74   7.226562
000011110 001111000     28   2.734375
0         1             14   1.367188
1         0             12   1.171875



