          count    pct
ARHGAP22              
0          2048  100.0



          count        pct
Actin_BR                  
1           897  43.798828
001         535  26.123047
0           425  20.751953
011         191   9.326172



          count        pct
Actin_ST                  
1          1349  65.869141
0           609  29.736328
101          85   4.150391
01            5   0.244141



        count        pct
Arp2_3                  
1         897  43.798828
010       535  26.123047
0         425  20.751953
110       191   9.326172



    count        pct
CP                  
0    1026  50.097656
1    1021  49.853516
10      1   0.048828



       count        pct
Cdc42                  
0       1095  53.466797
1        953  46.533203



         count        pct
Cofilin                  
1         1279  62.451172
101        382  18.652344
0          213  10.400391
01         174   8.496094



         count        pct
Coronin                  
1         1687  82.373047
01         228  11.132812
0          133   6.494141



           count        pct
Cortactin                  
1            897  43.798828
100          535  26.123047
0            425  20.751953
101          191   9.326172



      count    pct
Dia1              
0      2048  100.0



      count        pct
Dia2                  
1       897  43.798828
100     535  26.123047
0       425  20.751953
101     191   9.326172



          count        pct
Ena_Vasp                  
1          1503  73.388672
101         259  12.646484
0           204   9.960938
10           82   4.003906



              count        pct
IRSp53_Cdc42                  
0              1095  53.466797
1               953  46.533203



             count        pct
IRSp53_Rac1                  
1              897  43.798828
100            535  26.123047
0              425  20.751953
101            191   9.326172



      count        pct
LIMK                  
0      1989  97.119141
10       47   2.294922
1        12   0.585938



      count        pct
NET1                  
0       971  47.412109
101     535  26.123047
1       351  17.138672
001     191   9.326172



     count        pct
PAK                  
1      971  47.412109
100    535  26.123047
0      351  17.138672
101    191   9.326172



      count        pct
PIP2                  
1      1027  50.146484
0      1021  49.853516



     count    pct
PKD              
0     2048  100.0



          count        pct
Profilin                  
1          1437  70.166016
0           347  16.943359
101         259  12.646484
10            5   0.244141



      count    pct
ROCK              
0      2048  100.0



     count        pct
ROS                  
1      897  43.798828
100    535  26.123047
0      425  20.751953
101    191   9.326172



      count        pct
Rac1                  
1       897  43.798828
001     535  26.123047
0       425  20.751953
011     191   9.326172



      count    pct
RhoA              
0      2048  100.0



     count        pct
SSH                  
1     1687  82.373047
10     228  11.132812
0      133   6.494141



          count        pct
Thymosin                  
0          1713  83.642578
01          221  10.791016
1           114   5.566406



      count        pct
WASP                  
1      1427  69.677734
011     259  12.646484
0       242  11.816406
01      120   5.859375



      count        pct
WAVE                  
1      1088  53.125000
110     535  26.123047
0       425  20.751953



