                   count        pct
Actin_BR Actin_ST                  
1        1           897  43.798828
0        0           350  17.089844
001      1           276  13.476562
         0           259  12.646484
011      1           106   5.175781
         101          85   4.150391
0        1            70   3.417969
         01            5   0.244141



           count        pct
Rac1 RhoA                  
1    0       897  43.798828
001  0       535  26.123047
0    0       425  20.751953
011  0       191   9.326172



