                    count        pct
Actin_BR Actin_ST                   
1        0            178  17.382812
0        01           135  13.183594
         011100       134  13.085938
011      001          113  11.035156
100      001           88   8.593750
010      000001        88   8.593750
100      101           71   6.933594
000100   011110        67   6.542969
0        0             50   4.882812
011      0             31   3.027344
000100   000001        23   2.246094
         011100        21   2.050781
100      0             13   1.269531
0        000001110      6   0.585938
         1              3   0.292969
                        3   0.292969



                     count        pct
Rac1      RhoA                       
100000    110011       222  21.679688
0         0            184  17.968750
1         0            178  17.382812
011       0            144  14.062500
001       100          111  10.839844
100       100          102   9.960938
          0             71   6.933594
000011110 001111000      6   0.585938
0         1              3   0.292969
                         3   0.292969



