          count        pct
ARHGAP22                  
0           659  64.355469
011110      215  20.996094
010         145  14.160156
1             4   0.390625
              1   0.097656



          count        pct
Actin_BR                  
010         476  46.484375
0           249  24.316406
000010      215  20.996094
101          71   6.933594
1            12   1.171875
              1   0.097656



           count        pct
Actin_ST                   
010          528  51.562500
0            244  23.828125
001110       116  11.328125
011110        99   9.667969
000001110     32   3.125000
1              4   0.390625
               1   0.097656



        count        pct
Arp2_3                  
100       476  46.484375
0         249  24.316406
000100    215  20.996094
011        71   6.933594
1          12   1.171875
            1   0.097656



        count        pct
CP                      
010       476  46.484375
0         348  33.984375
000010    116  11.328125
101        71   6.933594
1          12   1.171875
            1   0.097656



       count        pct
Cdc42                  
0        513  50.097656
1        510  49.804688
           1   0.097656



         count        pct
Cofilin                  
0          590  57.617188
1          250  24.414062
010        159  15.527344
110         14   1.367188
01          10   0.976562
             1   0.097656



         count        pct
Coronin                  
1          510  49.804688
0          478  46.679688
10          35   3.417969
             1   0.097656



           count        pct
Cortactin                  
001          476  46.484375
0            217  21.191406
001000       215  20.996094
110           71   6.933594
000001111     32   3.125000
1             12   1.171875
               1   0.097656



           count        pct
Dia1                       
0            541  52.832031
100          231  22.558594
111100       215  20.996094
000111100     32   3.125000
1              4   0.390625
               1   0.097656



           count        pct
Dia2                       
1            514  50.195312
100          231  22.558594
111100       215  20.996094
000111100     32   3.125000
0             31   3.027344
               1   0.097656



          count        pct
Ena_Vasp                  
0           659  64.355469
001111      215  20.996094
001         145  14.160156
1             4   0.390625
              1   0.097656



              count        pct
IRSp53_Cdc42                  
0              1023  99.902344
                  1   0.097656



             count        pct
IRSp53_Rac1                  
001            476  46.484375
0              217  21.191406
001000         215  20.996094
110             71   6.933594
000001111       32   3.125000
1               12   1.171875
                 1   0.097656



        count        pct
LIMK                    
0         510  49.804688
1         263  25.683594
011111    215  20.996094
01         35   3.417969
            1   0.097656



           count        pct
NET1                       
0            522  50.976562
011          231  22.558594
111011       215  20.996094
011111000     32   3.125000
001           19   1.855469
1              4   0.390625
               1   0.097656



           count        pct
PAK                        
1            522  50.976562
001          231  22.558594
001000       215  20.996094
000001111     32   3.125000
101           19   1.855469
0              4   0.390625
               1   0.097656



      count        pct
PIP2                  
0       513  50.097656
1       510  49.804688
          1   0.097656



        count        pct
PKD                     
0         659  64.355469
011110    215  20.996094
010       145  14.160156
1           4   0.390625
            1   0.097656



           count        pct
Profilin                   
110          476  46.484375
011110       215  20.996094
0            213  20.800781
1             87   8.496094
110011111     32   3.125000
               1   0.097656



        count        pct
ROCK                    
0         659  64.355469
111100    215  20.996094
100       145  14.160156
1           4   0.390625
            1   0.097656



           count        pct
ROS                        
001          476  46.484375
0            217  21.191406
001000       215  20.996094
110           71   6.933594
000001111     32   3.125000
1             12   1.171875
               1   0.097656



           count        pct
Rac1                       
010          476  46.484375
0            217  21.191406
010000       215  20.996094
101           71   6.933594
000011110     32   3.125000
1             12   1.171875
               1   0.097656



           count        pct
RhoA                       
0            541  52.832031
001          231  22.558594
111001       215  20.996094
001111000     32   3.125000
1              4   0.390625
               1   0.097656



     count        pct
SSH                  
1      510  49.804688
0      478  46.679688
01      35   3.417969
         1   0.097656



          count        pct
Thymosin                  
1           590  57.617188
0           250  24.414062
110         159  15.527344
100          14   1.367188
01           10   0.976562
              1   0.097656



      count        pct
WASP                  
0      1023  99.902344
          1   0.097656



           count        pct
WAVE                       
101          476  46.484375
0            217  21.191406
001100       215  20.996094
1             83   8.105469
100001111     32   3.125000
               1   0.097656



