                    count        pct
Actin_BR Actin_ST                   
010      010          476  46.484375
0        0            213  20.800781
000010   001110       116  11.328125
         011110        99   9.667969
101      010           52   5.078125
0        000001110     32   3.125000
101      0             19   1.855469
1        0             12   1.171875
0        1              4   0.390625
                        1   0.097656



                     count        pct
Rac1      RhoA                       
010       0            245  23.925781
          001          231  22.558594
010000    111001       215  20.996094
0         0            213  20.800781
101       0             71   6.933594
000011110 001111000     32   3.125000
1         0             12   1.171875
0         1              4   0.390625
                         1   0.097656



