          count        pct
ARHGAP22                  
0           679  66.308594
011110      183  17.871094
010         130  12.695312
100          22   2.148438
1            10   0.976562



          count        pct
Actin_BR                  
1           522  50.976562
000010      183  17.871094
010         179  17.480469
011          76   7.421875
0            42   4.101562
100          22   2.148438



           count        pct
Actin_ST                   
1            365  35.644531
0            314  30.664062
100          149  14.550781
001110        91   8.886719
101111        44   4.296875
100101        22   2.148438
01            20   1.953125
001111        18   1.757812
000001110      1   0.097656



        count        pct
Arp2_3                  
1         522  50.976562
000100    183  17.871094
100       179  17.480469
110        76   7.421875
0          42   4.101562
001        22   2.148438



        count        pct
CP                      
0         459  44.824219
1         281  27.441406
000010    113  11.035156
100       112  10.937500
011        37   3.613281
10         22   2.148438



       count       pct
Cdc42                 
1        536  52.34375
0        488  47.65625



         count        pct
Cofilin                  
1          564  55.078125
000010     160  15.625000
010        129  12.597656
0           84   8.203125
101         61   5.957031
01          26   2.539062



         count        pct
Coronin                  
1          652  63.671875
0          364  35.546875
01           8   0.781250



           count        pct
Cortactin                  
1            522  50.976562
001000       183  17.871094
001          179  17.480469
101           76   7.421875
0             41   4.003906
010           22   2.148438
000001111      1   0.097656



           count        pct
Dia1                       
0            629  61.425781
111100       183  17.871094
100          179  17.480469
001           22   2.148438
1             10   0.976562
000111100      1   0.097656



           count        pct
Dia2                       
1            546  53.320312
111100       183  17.871094
100          179  17.480469
0             93   9.082031
001           22   2.148438
000111100      1   0.097656



          count        pct
Ena_Vasp                  
1           767  74.902344
001111      109  10.644531
011111       44   4.296875
0            28   2.734375
011          27   2.636719
10           26   2.539062
111010       22   2.148438
100           1   0.097656



              count    pct
IRSp53_Cdc42              
0              1024  100.0



             count        pct
IRSp53_Rac1                  
1              522  50.976562
001000         183  17.871094
001            179  17.480469
101             76   7.421875
0               41   4.003906
010             22   2.148438
000001111        1   0.097656



      count    pct
LIMK              
0      1024  100.0



           count        pct
NET1                       
0            553  54.003906
111011       183  17.871094
011          179  17.480469
001           76   7.421875
110           22   2.148438
1             10   0.976562
011111000      1   0.097656



           count        pct
PAK                        
1            553  54.003906
001000       183  17.871094
001          179  17.480469
101           76   7.421875
010           22   2.148438
0             10   0.976562
000001111      1   0.097656



      count        pct
PIP2                  
0       533  52.050781
1       491  47.949219



        count        pct
PKD                     
0         679  66.308594
011110    183  17.871094
010       130  12.695312
100        22   2.148438
1          10   0.976562



           count        pct
Profilin                   
1            705  68.847656
101          112  10.937500
011110       109  10.644531
011111        66   6.445312
0             27   2.636719
10             4   0.390625
110011111      1   0.097656



        count        pct
ROCK                    
0         679  66.308594
111100    183  17.871094
100       130  12.695312
001        22   2.148438
1          10   0.976562



           count        pct
ROS                        
1            522  50.976562
001000       183  17.871094
001          179  17.480469
101           76   7.421875
0             41   4.003906
010           22   2.148438
000001111      1   0.097656



           count        pct
Rac1                       
1            522  50.976562
010000       183  17.871094
010          179  17.480469
011           76   7.421875
0             41   4.003906
100           22   2.148438
000011110      1   0.097656



           count        pct
RhoA                       
0            629  61.425781
111001       183  17.871094
001          179  17.480469
010           22   2.148438
1             10   0.976562
001111000      1   0.097656



     count        pct
SSH                  
1      652  63.671875
0      364  35.546875
10       8   0.781250



          count        pct
Thymosin                  
0           786  76.757812
111110       91   8.886719
10           66   6.445312
1            54   5.273438
01           27   2.636719



      count        pct
WASP                  
1       675  65.917969
0       145  14.160156
011     111  10.839844
10       66   6.445312
01       27   2.636719



           count        pct
WAVE                       
1            598  58.398438
001100       183  17.871094
101          179  17.480469
0             41   4.003906
011           22   2.148438
100001111      1   0.097656



