          count        pct
ARHGAP22                  
0           666  65.039062
010         187  18.261719
011110      168  16.406250
1             3   0.292969



          count        pct
Actin_BR                  
1           528  51.562500
010         249  24.316406
000010      168  16.406250
011          76   7.421875
0             3   0.292969



          count        pct
Actin_ST                  
1           805  78.613281
101         136  13.281250
001111       83   8.105469



        count        pct
Arp2_3                  
1         528  51.562500
100       249  24.316406
000100    168  16.406250
110        76   7.421875
0           3   0.292969



    count    pct
CP              
0    1024  100.0



       count        pct
Cdc42                  
1        513  50.097656
0        511  49.902344



         count        pct
Cofilin                  
1          595  58.105469
0          174  16.992188
010        101   9.863281
000010      83   8.105469
011         71   6.933594



         count        pct
Coronin                  
1          666  65.039062
0          358  34.960938



           count        pct
Cortactin                  
1            528  51.562500
001          249  24.316406
001000       168  16.406250
101           76   7.421875
0              3   0.292969



        count        pct
Dia1                    
0         604  58.984375
100       249  24.316406
111100    168  16.406250
1           3   0.292969



        count        pct
Dia2                    
1         531  51.855469
101       325  31.738281
111100    168  16.406250



          count        pct
Ena_Vasp                  
1           906  88.476562
001111       83   8.105469
011          35   3.417969



              count        pct
IRSp53_Cdc42                  
1               513  50.097656
0               511  49.902344



             count        pct
IRSp53_Rac1                  
1              528  51.562500
001            249  24.316406
001000         168  16.406250
101             76   7.421875
0                3   0.292969



        count        pct
LIMK                    
0         666  65.039062
1         190  18.554688
011111    168  16.406250



        count        pct
NET1                    
0         528  51.562500
011       249  24.316406
111011    168  16.406250
001        76   7.421875
1           3   0.292969



        count        pct
PAK                     
1         528  51.562500
001       249  24.316406
001000    168  16.406250
101        76   7.421875
0           3   0.292969



      count        pct
PIP2                  
1       519  50.683594
0       505  49.316406



        count        pct
PKD                     
0         666  65.039062
010       187  18.261719
011110    168  16.406250
1           3   0.292969



          count        pct
Profilin                  
1           805  78.613281
011         136  13.281250
011110       83   8.105469



        count        pct
ROCK                    
0         666  65.039062
100       187  18.261719
111100    168  16.406250
1           3   0.292969



        count        pct
ROS                     
1         528  51.562500
001       249  24.316406
001000    168  16.406250
101        76   7.421875
0           3   0.292969



        count        pct
Rac1                    
1         528  51.562500
010       249  24.316406
010000    168  16.406250
011        76   7.421875
0           3   0.292969



        count        pct
RhoA                    
0         604  58.984375
001       249  24.316406
111001    168  16.406250
1           3   0.292969



     count        pct
SSH                  
1      666  65.039062
0      358  34.960938



          count    pct
Thymosin              
0          1024  100.0



        count        pct
WASP                    
1         803  78.417969
110       136  13.281250
001100     83   8.105469
0           2   0.195312



        count        pct
WAVE                    
1         604  58.984375
101       249  24.316406
001100    168  16.406250
0           3   0.292969



