          count        pct
ARHGAP22                  
1           955  93.261719
0            69   6.738281



          count        pct
Actin_BR                  
0           499  48.730469
1           322  31.445312
0001        147  14.355469
01           33   3.222656
101          23   2.246094



          count        pct
Actin_ST                  
1           499  48.730469
0           322  31.445312
01          180  17.578125
001          23   2.246094



        count        pct
Arp2_3                  
0         499  48.730469
1         322  31.445312
0010      147  14.355469
10         33   3.222656
011        23   2.246094



      count        pct
CP                    
0       499  48.730469
1       322  31.445312
0001    147  14.355469
01       33   3.222656
101      23   2.246094



       count       pct
Cdc42                 
1        552  53.90625
0        472  46.09375



         count        pct
Cofilin                  
0          703  68.652344
1          224  21.875000
0001        74   7.226562
10          15   1.464844
101          8   0.781250



         count        pct
Coronin                  
0          955  93.261719
1           69   6.738281



           count        pct
Cortactin                  
0            955  93.261719
1             46   4.492188
110           23   2.246094



      count        pct
Dia1                  
1       499  48.730469
0       322  31.445312
0111    147  14.355469
01       33   3.222656
001      23   2.246094



      count    pct
Dia2              
1      1024  100.0



          count    pct
Ena_Vasp              
0          1024  100.0



              count       pct
IRSp53_Cdc42                 
1               552  53.90625
0               472  46.09375



             count        pct
IRSp53_Rac1                  
0              955  93.261719
1               46   4.492188
110             23   2.246094



      count        pct
LIMK                  
1       955  93.261719
0        69   6.738281



      count        pct
NET1                  
0       559  54.589844
1       442  43.164062
100      23   2.246094



     count        pct
PAK                  
1      559  54.589844
0      442  43.164062
110     23   2.246094



      count   pct
PIP2             
1       512  50.0
0       512  50.0



     count        pct
PKD                  
1      955  93.261719
0       69   6.738281



          count        pct
Profilin                  
1           844  82.421875
1011        147  14.355469
10           33   3.222656



      count        pct
ROCK                  
1       955  93.261719
0        69   6.738281



     count    pct
ROS              
0     1024  100.0



      count        pct
Rac1                  
0       955  93.261719
1        46   4.492188
101      23   2.246094



      count    pct
RhoA              
1      1024  100.0



     count        pct
SSH                  
0      955  93.261719
1       69   6.738281



          count        pct
Thymosin                  
0           429  41.894531
1           279  27.246094
10          169  16.503906
01          147  14.355469



      count        pct
WASP                  
1       429  41.894531
0       279  27.246094
10      169  16.503906
01      147  14.355469



      count        pct
WAVE                  
0       955  93.261719
1        69   6.738281



