                    count        pct
Actin_BR Actin_ST                   
1        0            424  41.406250
         1            231  22.558594
011      010          189  18.457031
1        01            81   7.910156
011      1             56   5.468750
0        000001111     22   2.148438
         11101111      16   1.562500
         011            5   0.488281



                     count        pct
Rac1      RhoA                       
1         0            736  71.875000
011       101          250  24.414062
000011111 001111100     22   2.148438
00011110  01111000      16   1.562500



