          count        pct
Actin_BR                  
1           504  49.218750
001         248  24.218750
0           138  13.476562
011         134  13.085938



          count        pct
Actin_ST                  
1           807  78.808594
101         116  11.328125
101100       67   6.542969
0            34   3.320312



        count        pct
Arp2_3                  
1         504  49.218750
010       248  24.218750
0         138  13.476562
110       134  13.085938



    count    pct
CP              
0    1024  100.0



       count        pct
Cdc42                  
0        527  51.464844
1        497  48.535156



         count        pct
Cofilin                  
1          562  54.882812
011        181  17.675781
0          146  14.257812
001000      67   6.542969
100         58   5.664062
01          10   0.976562



         count        pct
Coronin                  
1          638  62.304688
010        248  24.218750
0          134  13.085938
01           4   0.390625



           count        pct
Cortactin                  
1            504  49.218750
100          248  24.218750
0            138  13.476562
101          134  13.085938



      count        pct
Dia1                  
0       654  63.867188
100     248  24.218750
1       122  11.914062



      count        pct
Dia2                  
1       626  61.132812
100     248  24.218750
101     134  13.085938
0        16   1.562500



          count        pct
Ena_Vasp                  
1           830  81.054688
011         116  11.328125
011101       67   6.542969
001           7   0.683594
10            4   0.390625



              count        pct
IRSp53_Cdc42                  
0               527  51.464844
1               497  48.535156



             count        pct
IRSp53_Rac1                  
1              504  49.218750
100            248  24.218750
0              138  13.476562
101            134  13.085938



      count        pct
LIMK                  
0       638  62.304688
001     248  24.218750
1       134  13.085938
10        4   0.390625



     count        pct
PAK                  
1      520  50.781250
100    248  24.218750
101    134  13.085938
0      122  11.914062



      count        pct
PIP2                  
1       530  51.757812
0       494  48.242188



     count        pct
PKD                  
0      654  63.867188
010    248  24.218750
1      122  11.914062



          count        pct
Profilin                  
1           807  78.808594
011         183  17.871094
0            27   2.636719
010           7   0.683594



      count        pct
ROCK                  
0       654  63.867188
100     248  24.218750
1       122  11.914062



      count        pct
Rac1                  
1       504  49.218750
001     248  24.218750
0       138  13.476562
011     134  13.085938



      count        pct
RhoA                  
0       654  63.867188
001     248  24.218750
1       122  11.914062



     count        pct
SSH                  
1      638  62.304688
100    248  24.218750
0      134  13.085938
10       4   0.390625



          count        pct
Thymosin                  
0           818  79.882812
1            91   8.886719
10           67   6.542969
01           48   4.687500



      count        pct
WASP                  
1       702  68.554688
110     116  11.328125
0        91   8.886719
10       67   6.542969
01       48   4.687500



      count        pct
WAVE                  
1       638  62.304688
110     248  24.218750
0       138  13.476562



