                   count        pct
Actin_BR Actin_ST                  
1        1           503  49.121094
011      1           134  13.085938
001      101         116  11.328125
0        1           112  10.937500
001      101100       67   6.542969
         1            58   5.664062
0        0            26   2.539062
001      0             7   0.683594
1        0             1   0.097656



           count        pct
Rac1 RhoA                  
1    0       504  49.218750
001  001     248  24.218750
011  0       134  13.085938
0    1       122  11.914062
     0        16   1.562500



