          count        pct
ARHGAP22                  
1           886  86.523438
0           110  10.742188
010          20   1.953125
001           8   0.781250



          count        pct
Actin_BR                  
0           891  87.011719
011          99   9.667969
1            26   2.539062
010           8   0.781250



           count        pct
Actin_ST                   
1            886  86.523438
010          107  10.449219
0             26   2.539062
011            3   0.292969
111100000      2   0.195312



        count        pct
Arp2_3                  
0         891  87.011719
110        99   9.667969
1          26   2.539062
100         8   0.781250



     count        pct
CP                   
0      891  87.011719
011     99   9.667969
1       26   2.539062
010      8   0.781250



       count    pct
Cdc42              
0       1024  100.0



         count        pct
Cofilin                  
0          891  87.011719
1           68   6.640625
011         53   5.175781
010000       8   0.781250
01           4   0.390625



         count        pct
Coronin                  
0          886  86.523438
1          110  10.742188
011         20   1.953125
101          8   0.781250



           count        pct
Cortactin                  
0            886  86.523438
101           82   8.007812
1             26   2.539062
010           20   1.953125
001            8   0.781250
111110000      2   0.195312



           count        pct
Dia1                       
1            886  86.523438
010           99   9.667969
0             26   2.539062
110           11   1.074219
111000011      2   0.195312



           count        pct
Dia2                       
1            886  86.523438
110          110  10.742188
0             26   2.539062
111000011      2   0.195312



          count    pct
Ena_Vasp              
0          1024  100.0



              count    pct
IRSp53_Cdc42              
0              1024  100.0



             count        pct
IRSp53_Rac1                  
0              886  86.523438
101            110  10.742188
1               26   2.539062
111110000        2   0.195312



      count        pct
LIMK                  
1       886  86.523438
0       110  10.742188
100      20   1.953125
010       8   0.781250



           count        pct
NET1                       
1            886  86.523438
001          110  10.742188
0             26   2.539062
100000111      2   0.195312



           count        pct
PAK                        
0            886  86.523438
101          110  10.742188
1             26   2.539062
111110000      2   0.195312



      count        pct
PIP2                  
1       533  52.050781
0       491  47.949219



     count        pct
PKD                  
1      886  86.523438
0      110  10.742188
010     20   1.953125
001      8   0.781250



           count        pct
Profilin                   
1           1022  99.804688
111111101      2   0.195312



      count        pct
ROCK                  
1       886  86.523438
0       110  10.742188
100      20   1.953125
010       8   0.781250



           count        pct
ROS                        
0            886  86.523438
101          110  10.742188
1             26   2.539062
111110000      2   0.195312



           count        pct
Rac1                       
0            886  86.523438
011          110  10.742188
1             26   2.539062
111100001      2   0.195312



           count        pct
RhoA                       
1            886  86.523438
101          110  10.742188
0             26   2.539062
110000111      2   0.195312



     count        pct
SSH                  
0      886  86.523438
1      110  10.742188
110     20   1.953125
011      8   0.781250



          count        pct
Thymosin                  
1           489  47.753906
0           322  31.445312
10          205  20.019531
01            8   0.781250



      count        pct
WASP                  
0       489  47.753906
1       311  30.371094
10      205  20.019531
011      11   1.074219
01        8   0.781250



           count        pct
WAVE                       
0            886  86.523438
1            136  13.281250
111111000      2   0.195312



