                    count        pct
Actin_BR Actin_ST                   
0        1            886  86.523438
011      010           99   9.667969
1        0             26   2.539062
010      010            8   0.781250
0        011            3   0.292969
         111100000      2   0.195312



                     count        pct
Rac1      RhoA                       
0         1            886  86.523438
011       101          110  10.742188
1         0             26   2.539062
111100001 110000111      2   0.195312



