                      count        pct
Actin_BR   Actin_ST                   
0          0            576  28.125000
           1            426  20.800781
1          1            302  14.746094
           11011        193   9.423828
01         01           161   7.861328
0010010100 10111        114   5.566406
00101      10111         50   2.441406
110        1             46   2.246094
           011           36   1.757812
1          11100         30   1.464844
00010      00010         25   1.220703
001        011           19   0.927734
01010      00010         18   0.878906
001        001           15   0.732422
0          11100111      12   0.585938
                         10   0.488281
0          011100000      5   0.244141
           00000110       5   0.244141
           10000100       3   0.146484
           001            2   0.097656



                     count        pct
Rac1      RhoA                       
0         1           1232  60.156250
10000     11011        227  11.083984
00001     10111        114   5.566406
01010     01101        113   5.517578
1         0             86   4.199219
01001     10101         50   2.441406
110       100           44   2.148438
          011           40   1.953125
10001     10011         36   1.757812
01110     01100         31   1.513672
001       011           19   0.927734
00001111  00111100      17   0.830078
001       1             15   0.732422
                        10   0.488281
011       101            6   0.292969
111000011 100001111      5   0.244141
00101101  10110100       3   0.146484



