                                         count        pct
cycle_Actin_BR_norm cycle_Actin_ST_norm                  
0                   0                      424  41.406250
1                   1                      209  20.410156
1100                1110                   102   9.960938
01                  01                      83   8.105469
1110                1110                    74   7.226562
                    1                       35   3.417969
0100                0110                    29   2.832031
                    0100                    23   2.246094
101                 111110                  21   2.050781
                    1                       10   0.976562
010                 011                      7   0.683594
001000              001111                   7   0.683594



