          count        pct
ARHGAP22                  
1           490  47.851562
0           182  17.773438
11110       103  10.058594
10110        99   9.667969
10111        66   6.445312
10011        35   3.417969
00011        30   2.929688
11001        11   1.074219
010           8   0.781250



            count        pct
Actin_BR                    
0             464  45.312500
1             393  38.378906
1100011010     66   6.445312
011            34   3.320312
11011          30   2.929688
00100          19   1.855469
0111011110     11   1.074219
01001           7   0.683594



            count        pct
Actin_ST                    
1             883  86.230469
1111111011    107  10.449219
11110          26   2.539062
110             8   0.781250



            count        pct
Arp2_3                      
0             464  45.312500
1             393  38.378906
1000110101     66   6.445312
110            34   3.320312
10111          30   2.929688
01000          19   1.855469
1110111100     11   1.074219
10010           7   0.683594



    count    pct
CP              
0    1024  100.0



       count        pct
Cdc42                  
0        515  50.292969
1        509  49.707031



            count        pct
Cofilin                     
0             490  47.851562
1             281  27.441406
1000001010     96   9.375000
11011          84   8.203125
11010          62   6.054688
0101010100     11   1.074219



         count        pct
Coronin                  
0          758  74.023438
1          182  17.773438
00001       35   3.417969
00011       30   2.929688
10000       11   1.074219
011          8   0.781250



           count        pct
Cortactin                  
0            490  47.851562
1            155  15.136719
01000        103  10.058594
01010         99   9.667969
00010         66   6.445312
00011         65   6.347656
101           27   2.636719
10001         11   1.074219
010            8   0.781250



       count        pct
Dia1                   
1        490  47.851562
0        155  15.136719
11101    103  10.058594
01101     99   9.667969
01111     66   6.445312
110       35   3.417969
00111     35   3.417969
00110     30   2.929688
10011     11   1.074219



      count        pct
Dia2                  
1       953  93.066406
0        36   3.515625
110      35   3.417969



          count        pct
Ena_Vasp                  
1          1016  99.218750
101           7   0.683594
010           1   0.097656



              count        pct
IRSp53_Cdc42                  
0               515  50.292969
1               509  49.707031



             count        pct
IRSp53_Rac1                  
0              490  47.851562
1              155  15.136719
01000          103  10.058594
01010           99   9.667969
00010           66   6.445312
101             35   3.417969
00011           35   3.417969
00111           30   2.929688
10001           11   1.074219



       count        pct
LIMK                   
1        758  74.023438
0        182  17.773438
11110     35   3.417969
11100     30   2.929688
01111     11   1.074219
100        8   0.781250



      count        pct
NET1                  
0       545  53.222656
1       444  43.359375
001      35   3.417969



     count        pct
PAK                  
1      545  53.222656
0      444  43.359375
101     35   3.417969



      count    pct
PIP2              
0      1024  100.0



       count        pct
PKD                    
1        490  47.851562
0        182  17.773438
11110    103  10.058594
10110     99   9.667969
10111     66   6.445312
10011     35   3.417969
00011     30   2.929688
11001     11   1.074219
010        8   0.781250



            count        pct
Profilin                    
1             891  87.011719
1111110111    107  10.449219
11101          26   2.539062



       count        pct
ROCK                   
1        490  47.851562
0        182  17.773438
11101    103  10.058594
01101     99   9.667969
01111     66   6.445312
00111     35   3.417969
00110     30   2.929688
10011     11   1.074219
100        8   0.781250



       count        pct
ROS                    
0        490  47.851562
1        155  15.136719
01000    103  10.058594
01010     99   9.667969
00010     66   6.445312
101       35   3.417969
00011     35   3.417969
00111     30   2.929688
10001     11   1.074219



       count        pct
Rac1                   
0        490  47.851562
1        155  15.136719
10000    103  10.058594
10100     99   9.667969
00100     66   6.445312
011       35   3.417969
00110     35   3.417969
01110     30   2.929688
00011     11   1.074219



       count        pct
RhoA                   
1        490  47.851562
0        155  15.136719
11011    103  10.058594
11010     99   9.667969
11110     66   6.445312
101       35   3.417969
01110     35   3.417969
01100     30   2.929688
00111     11   1.074219



       count        pct
SSH                    
0        758  74.023438
1        182  17.773438
00010     35   3.417969
00110     30   2.929688
00001     11   1.074219
110        8   0.781250



          count        pct
Thymosin                  
1           478  46.679688
0           427  41.699219
10          119  11.621094



      count        pct
WASP                  
0       478  46.679688
1       420  41.015625
10      119  11.621094
011       7   0.683594



       count        pct
WAVE                   
0        490  47.851562
1        190  18.554688
01111    129  12.597656
01100    103  10.058594
00011     66   6.445312
10011     35   3.417969
11001     11   1.074219



