                     count        pct
cycle_Actin_BR_norm                  
1                      391  38.183594
0                      353  34.472656
0111                   126  12.304688
0010                    64   6.250000
10                      57   5.566406
0011                    33   3.222656



                     count        pct
cycle_Actin_ST_norm                  
1                      774  75.585938
0111                   182  17.773438
0                       29   2.832031
0010                    22   2.148438
10                      17   1.660156



                   count        pct
cycle_Arp2_3_norm                  
1                    391  38.183594
0                    353  34.472656
1110                 126  12.304688
0100                  64   6.250000
01                    57   5.566406
0110                  33   3.222656



               count    pct
cycle_CP_norm              
0               1024  100.0



                  count        pct
cycle_Cdc42_norm                  
1                   525  51.269531
0                   499  48.730469



                    count        pct
cycle_Cofilin_norm                  
0                     659  64.355469
1                     173  16.894531
01                    124  12.109375
1101                   58   5.664062
0100                   10   0.976562



                    count        pct
cycle_Coronin_norm                  
0                     622  60.742188
0001                  156  15.234375
1101                  152  14.843750
1                      83   8.105469
01                     11   1.074219



                      count        pct
cycle_Cortactin_norm                  
0                       443  43.261719
0011                    156  15.234375
1101                    152  14.843750
0001                    151  14.746094
1                        83   8.105469
01                       39   3.808594



                 count        pct
cycle_Dia1_norm                  
1                  443  43.261719
0110               213  20.800781
0111               151  14.746094
0001                95   9.277344
0                   83   8.105469
01                  39   3.808594



                 count    pct
cycle_Dia2_norm              
0                 1024  100.0



                     count        pct
cycle_Ena_Vasp_norm                  
1                     1011  98.730469
1011                    13   1.269531



                   count        pct
cycle_IRSp53_norm                  
1                    568  55.468750
0                    399  38.964844
1011                  57   5.566406



                 count        pct
cycle_LIMK_norm                  
1                  622  60.742188
1110               156  15.234375
0010               152  14.843750
0                   83   8.105469
10                  11   1.074219



                count        pct
cycle_PAK_norm                  
1                 967  94.433594
1011               57   5.566406



                 count        pct
cycle_PIP2_norm                  
1                  533  52.050781
0                  491  47.949219



                count        pct
cycle_PKD_norm                  
1                 443  43.261719
0011              156  15.234375
1000              152  14.843750
1011              151  14.746094
0                  83   8.105469
10                 39   3.808594



                     count        pct
cycle_Profilin_norm                  
1                      774  75.585938
1110                   182  17.773438
0                       29   2.832031
0100                    22   2.148438
01                      17   1.660156



                 count        pct
cycle_ROCK_norm                  
1                  443  43.261719
0110               156  15.234375
0001               152  14.843750
0111               151  14.746094
0                   83   8.105469
01                  39   3.808594



                  count        pct
cycle_ROCK__norm                  
1                   443  43.261719
0011                156  15.234375
1000                152  14.843750
1011                151  14.746094
0                    83   8.105469
10                   39   3.808594



                 count        pct
cycle_Rac1_norm                  
0                  443  43.261719
0110               156  15.234375
1011               152  14.843750
0010               151  14.746094
1                   83   8.105469
10                  39   3.808594



                 count        pct
cycle_RhoA_norm                  
1                  443  43.261719
1100               213  20.800781
1110               151  14.746094
0010                95   9.277344
0                   83   8.105469
10                  39   3.808594



                count        pct
cycle_SSH_norm                  
0                 622  60.742188
0010              156  15.234375
1011              152  14.843750
1                  83   8.105469
10                 11   1.074219



                     count        pct
cycle_Thymosin_norm                  
0                      402  39.257812
01                     355  34.667969
1                      267  26.074219



                 count        pct
cycle_WASP_norm                  
1                  402  39.257812
01                 355  34.667969
0                  267  26.074219



                 count        pct
cycle_WAVE_norm                  
0                  443  43.261719
0011               156  15.234375
1101               152  14.843750
0001               151  14.746094
1                   83   8.105469
01                  39   3.808594



