          count    pct
ARHGAP22              
0          1024  100.0



          count        pct
Actin_BR                  
1           525  51.269531
001         224  21.875000
0           183  17.871094
101          92   8.984375



          count        pct
Actin_ST                  
1           778  75.976562
0           204  19.921875
011          42   4.101562



        count        pct
Arp2_3                  
1         525  51.269531
010       224  21.875000
0         183  17.871094
011        92   8.984375



    count        pct
CP                  
1     517  50.488281
0     507  49.511719



       count        pct
Cdc42                  
1        518  50.585938
0        506  49.414062



         count        pct
Cofilin                  
1          693  67.675781
101        157  15.332031
0          136  13.281250
01          38   3.710938



         count        pct
Coronin                  
1          850  83.007812
0          136  13.281250
01          38   3.710938



           count        pct
Cortactin                  
1            525  51.269531
100          224  21.875000
0            183  17.871094
110           92   8.984375



      count    pct
Dia1              
0      1024  100.0



      count        pct
Dia2                  
1       525  51.269531
100     224  21.875000
0       183  17.871094
110      92   8.984375



          count        pct
Ena_Vasp                  
1           822  80.273438
011         117  11.425781
0            85   8.300781



              count        pct
IRSp53_Cdc42                  
1               518  50.585938
0               506  49.414062



             count        pct
IRSp53_Rac1                  
1              525  51.269531
100            224  21.875000
0              183  17.871094
110             92   8.984375



      count    pct
LIMK              
0      1024  100.0



      count        pct
NET1                  
0       528  51.562500
101     224  21.875000
1       180  17.578125
100      92   8.984375



     count        pct
PAK                  
1      528  51.562500
100    224  21.875000
0      180  17.578125
110     92   8.984375



      count        pct
PIP2                  
0       517  50.488281
1       507  49.511719



     count    pct
PKD              
0     1024  100.0



          count        pct
Profilin                  
1           822  80.273438
011         117  11.425781
0            85   8.300781



      count    pct
ROCK              
0      1024  100.0



     count        pct
ROS                  
1      525  51.269531
100    224  21.875000
0      183  17.871094
110     92   8.984375



      count        pct
Rac1                  
1       525  51.269531
001     224  21.875000
0       183  17.871094
101      92   8.984375



      count    pct
RhoA              
0      1024  100.0



     count        pct
SSH                  
1      850  83.007812
0      136  13.281250
10      38   3.710938



          count    pct
Thymosin              
0          1024  100.0



      count        pct
WASP                  
1       822  80.273438
110     117  11.425781
0        85   8.300781



      count        pct
WAVE                  
1       617  60.253906
110     224  21.875000
0       183  17.871094



