          count    pct
ARHGAP22              
0          2048  100.0



          count        pct
Actin_BR                  
1          1011  49.365234
100         354  17.285156
0           338  16.503906
110         158   7.714844
001         123   6.005859
101          64   3.125000



          count        pct
Actin_ST                  
1          1176  57.421875
0           594  29.003906
000101      123   6.005859
101          91   4.443359
111011       64   3.125000



        count        pct
Arp2_3                  
1        1011  49.365234
001       354  17.285156
0         338  16.503906
101       158   7.714844
010       123   6.005859
011        64   3.125000



        count        pct
CP                      
1        1005  49.072266
0         815  39.794922
001000    123   6.005859
000101     64   3.125000
100        24   1.171875
101        11   0.537109
10          6   0.292969



       count        pct
Cdc42                  
0       1038  50.683594
1       1010  49.316406



         count        pct
Cofilin                  
1          802  39.160156
0          409  19.970703
011        308  15.039062
01         264  12.890625
000001     123   6.005859
001         78   3.808594
101000      64   3.125000



         count    pct
Coronin              
0         2048  100.0



           count        pct
Cortactin                  
1           1011  49.365234
010          354  17.285156
0            338  16.503906
011          158   7.714844
100          123   6.005859
110           64   3.125000



      count    pct
Dia1              
0      2048  100.0



      count        pct
Dia2                  
1      1011  49.365234
010     354  17.285156
0       338  16.503906
011     158   7.714844
100     123   6.005859
110      64   3.125000



          count        pct
Ena_Vasp                  
1          1317  64.306641
10          282  13.769531
101         252  12.304688
0           197   9.619141



              count        pct
IRSp53_Cdc42                  
0              1038  50.683594
1              1010  49.316406



             count        pct
IRSp53_Rac1                  
1             1011  49.365234
010            354  17.285156
0              338  16.503906
011            158   7.714844
100            123   6.005859
110             64   3.125000



      count        pct
LIMK                  
0      2028  99.023438
1        20   0.976562



      count        pct
NET1                  
0      1031  50.341797
110     354  17.285156
1       318  15.527344
010     158   7.714844
101     123   6.005859
100      64   3.125000



     count        pct
PAK                  
1     1031  50.341797
010    354  17.285156
0      318  15.527344
011    158   7.714844
100    123   6.005859
110     64   3.125000



      count        pct
PIP2                  
1      1043  50.927734
0      1005  49.072266



     count    pct
PKD              
0     2048  100.0



          count        pct
Profilin                  
1          1331  64.990234
0           342  16.699219
101         252  12.304688
011         123   6.005859



      count    pct
ROCK              
0      2048  100.0



     count        pct
ROS                  
1     1011  49.365234
010    354  17.285156
0      338  16.503906
011    158   7.714844
100    123   6.005859
110     64   3.125000



      count        pct
Rac1                  
1      1011  49.365234
100     354  17.285156
0       338  16.503906
110     158   7.714844
001     123   6.005859
101      64   3.125000



      count    pct
RhoA              
0      2048  100.0



     count        pct
SSH                  
1     1011  49.365234
010    354  17.285156
0      338  16.503906
011    158   7.714844
100    123   6.005859
110     64   3.125000



          count        pct
Thymosin                  
0          1255  61.279297
01          540  26.367188
1           253  12.353516



      count        pct
WASP                  
1      1003  48.974609
01      540  26.367188
0       253  12.353516
011     252  12.304688



      count        pct
WAVE                  
1      1233  60.205078
011     354  17.285156
0       338  16.503906
110     123   6.005859



