                   count        pct
Actin_BR Actin_ST                  
1        1           975  47.607422
100      0           276  13.476562
0        0           271  13.232422
001      000101      123   6.005859
110      101          91   4.443359
100      1            78   3.808594
0        1            67   3.271484
101      111011       64   3.125000
110      1            56   2.734375
1        0            36   1.757812
110      0            11   0.537109



           count        pct
Rac1 RhoA                  
1    0      1011  49.365234
100  0       354  17.285156
0    0       338  16.503906
110  0       158   7.714844
001  0       123   6.005859
101  0        64   3.125000



