                     count        pct
cycle_Actin_BR_norm                  
1                      382  37.304688
0                      237  23.144531
01                     168  16.406250
1110                    90   8.789062
0110                    85   8.300781
110                     35   3.417969
1000                    27   2.636719



                     count        pct
cycle_Actin_ST_norm                  
0                      375  36.621094
1                      314  30.664062
1011                   150  14.648438
0110                    69   6.738281
01                      55   5.371094
0100                    44   4.296875
101                     17   1.660156



                   count        pct
cycle_Arp2_3_norm                  
1                    382  37.304688
0                    237  23.144531
10                   168  16.406250
1101                  90   8.789062
1100                  85   8.300781
101                   35   3.417969
0001                  27   2.636719



               count        pct
cycle_CP_norm                  
1                531  51.855469
0                493  48.144531



                  count        pct
cycle_Cdc42_norm                  
1                   532  51.953125
0                   492  48.046875



                    count        pct
cycle_Cofilin_norm                  
0                     661  64.550781
1                     180  17.578125
10                     63   6.152344
1110                   60   5.859375
01                     21   2.050781
0010                   21   2.050781
110                    18   1.757812



                    count        pct
cycle_Coronin_norm                  
0                     639  62.402344
1000                  230  22.460938
1                      90   8.789062
1011                   62   6.054688
01                      3   0.292969



                      count        pct
cycle_Cortactin_norm                  
0                       451  44.042969
1001                    230  22.460938
0100                    180  17.578125
1011                     62   6.054688
1                        55   5.371094
011                      35   3.417969
01                       11   1.074219



                 count    pct
cycle_Dia1_norm              
0                 1024  100.0



                 count        pct
cycle_Dia2_norm                  
1                  506  49.414062
1011               472  46.093750
011                 35   3.417969
01                  11   1.074219



                     count        pct
cycle_Ena_Vasp_norm                  
1                     1014  99.023438
1101                    10   0.976562



                   count        pct
cycle_IRSp53_norm                  
1                    576  56.250000
0                    410  40.039062
1011                  38   3.710938



                 count        pct
cycle_LIMK_norm                  
1                  639  62.402344
0111               230  22.460938
0                   90   8.789062
0100                62   6.054688
10                   3   0.292969



                count        pct
cycle_PAK_norm                  
1                 986  96.289062
1011               38   3.710938



                 count        pct
cycle_PIP2_norm                  
0                  531  51.855469
1                  493  48.144531



                count        pct
cycle_PKD_norm                  
1                 451  44.042969
1001              230  22.460938
1110              180  17.578125
0                  90   8.789062
0001               62   6.054688
10                 11   1.074219



                     count        pct
cycle_Profilin_norm                  
1                      441  43.066406
0                      375  36.621094
1100                    69   6.738281
0111                    62   6.054688
1000                    44   4.296875
10                      33   3.222656



                 count        pct
cycle_ROCK_norm                  
1                  451  44.042969
0011               230  22.460938
1101               180  17.578125
0                   90   8.789062
0010                62   6.054688
01                  11   1.074219



                  count        pct
cycle_ROCK__norm                  
1                   451  44.042969
1001                230  22.460938
1110                180  17.578125
0                    90   8.789062
0001                 62   6.054688
10                   11   1.074219



                 count        pct
cycle_Rac1_norm                  
0                  451  44.042969
0011               230  22.460938
1000               180  17.578125
0111                62   6.054688
1                   55   5.371094
110                 35   3.417969
10                  11   1.074219



                 count        pct
cycle_RhoA_norm                  
1                  451  44.042969
0110               268  26.171875
1011               180  17.578125
0                   55   5.371094
100                 35   3.417969
0010                24   2.343750
10                  11   1.074219



                count        pct
cycle_SSH_norm                  
0                 639  62.402344
0001              230  22.460938
1                  90   8.789062
0111               62   6.054688
10                  3   0.292969



                     count        pct
cycle_Thymosin_norm                  
0                      430  41.992188
01                     320  31.250000
1                      274  26.757812



                 count        pct
cycle_WASP_norm                  
1                  430  41.992188
01                 320  31.250000
0                  274  26.757812



                 count        pct
cycle_WAVE_norm                  
0                  451  44.042969
1001               230  22.460938
0100               180  17.578125
1011                62   6.054688
1                   55   5.371094
011                 35   3.417969
01                  11   1.074219



