                                         count   pct
cycle_Actin_BR_norm cycle_Actin_ST_norm             
1                   1                      264  26.4
0                   0                      249  24.9
01                  0                      112  11.2
1                   1101                    93   9.3
1101                1101                    45   4.5
0110                0110                    40   4.0
01                  0100                    29   2.9
1101                0110                    23   2.3
01                  10                      23   2.3
0001                0                       16   1.6
011                 110                     14   1.4
0110                10                      14   1.4
011                 1                       13   1.3
0110                0100                    13   1.3
1101                1                       13   1.3
0110                1101                    13   1.3
                    0                       12   1.2
0001                0110                     4   0.4
                    0100                     4   0.4
1101                0                        2   0.2
1                   0                        2   0.2
                    10                       2   0.2



