                   count        pct
Actin_BR Actin_ST                  
011      1           191  18.652344
         101         172  16.796875
0        0           144  14.062500
1        1           142  13.867188
100      001         105  10.253906
         1           101   9.863281
010      010001       67   6.542969
1        0            43   4.199219
010      000001       39   3.808594
100      0             8   0.781250
0        01            6   0.585938
                       6   0.585938



                     count        pct
Rac1      RhoA                       
011       0            363  35.449219
1         0            185  18.066406
100       010          150  14.648438
010       001          106  10.351562
0         1             88   8.593750
100       0             69   6.738281
0         0             47   4.589844
000001111 000111100     10   0.976562
                         6   0.585938



