          count    pct
ARHGAP22              
0          1024  100.0



          count        pct
Actin_BR                  
1           414  40.429688
0           340  33.203125
001         229  22.363281
011          41   4.003906



          count        pct
Actin_ST                  
1           586  57.226562
0           413  40.332031
010          22   2.148438
01            3   0.292969



        count        pct
Arp2_3                  
1         414  40.429688
0         340  33.203125
010       229  22.363281
110        41   4.003906



    count        pct
CP                  
1     515  50.292969
0     509  49.707031



       count     pct
Cdc42               
0        544  53.125
1        480  46.875



         count        pct
Cofilin                  
1          701  68.457031
0          210  20.507812
01         113  11.035156



         count        pct
Coronin                  
1          774  75.585938
0          166  16.210938
01          84   8.203125



           count    pct
Cortactin              
0           1024  100.0



      count    pct
Dia1              
0      1024  100.0



      count        pct
Dia2                  
1       414  40.429688
0       340  33.203125
100     229  22.363281
101      41   4.003906



          count        pct
Ena_Vasp                  
1           657  64.160156
0           135  13.183594
010         125  12.207031
10           85   8.300781
110          22   2.148438



              count     pct
IRSp53_Cdc42               
0               544  53.125
1               480  46.875



             count        pct
IRSp53_Rac1                  
1              414  40.429688
0              340  33.203125
100            229  22.363281
101             41   4.003906



      count        pct
LIMK                  
0       993  96.972656
1        17   1.660156
10       14   1.367188



      count        pct
NET1                  
0       486  47.460938
1       268  26.171875
101     229  22.363281
001      41   4.003906



     count        pct
PAK                  
1      486  47.460938
0      268  26.171875
100    229  22.363281
101     41   4.003906



      count        pct
PIP2                  
0       515  50.292969
1       509  49.707031



     count    pct
PKD              
0     1024  100.0



          count        pct
Profilin                  
1           610  59.570312
0           286  27.929688
011         125  12.207031
10            3   0.292969



      count    pct
ROCK              
0      1024  100.0



     count        pct
ROS                  
1      414  40.429688
0      340  33.203125
100    229  22.363281
101     41   4.003906



      count        pct
Rac1                  
1       414  40.429688
0       340  33.203125
001     229  22.363281
011      41   4.003906



      count    pct
RhoA              
0      1024  100.0



     count        pct
SSH                  
1      774  75.585938
0      166  16.210938
10      84   8.203125



          count        pct
Thymosin                  
0           748  73.046875
01          157  15.332031
1           119  11.621094



      count        pct
WASP                  
1       588  57.421875
0       164  16.015625
100     125  12.207031
01      125  12.207031
101      22   2.148438



      count        pct
WAVE                  
1       455  44.433594
0       340  33.203125
110     229  22.363281



