                   count        pct
Actin_BR Actin_ST                  
1        0           258  25.195312
         1           256  25.000000
0        1           254  24.804688
10100    1           115  11.230469
10000    1            85   8.300781
101      1            24   2.343750
         010          20   1.953125
010      010          12   1.171875



             count        pct
Rac1  RhoA                   
0     1        288  28.125000
00100 11110    217  21.191406
00101 10110    197  19.238281
1     0        163  15.917969
00110 01110     59   5.761719
101   100       44   4.296875
01110 01100     44   4.296875
010   011       12   1.171875



