          count        pct
ARHGAP22                  
0           664  64.843750
1           238  23.242188
100         122  11.914062



          count        pct
Actin_BR                  
0           311  30.371094
101         246  24.023438
1           178  17.382812
001         178  17.382812
100         111  10.839844



          count        pct
Actin_ST                  
0           296  28.906250
011         246  24.023438
1           178  17.382812
001         176  17.187500
100010      111  10.839844
10           17   1.660156



        count        pct
Arp2_3                  
0         311  30.371094
011       246  24.023438
1         178  17.382812
010       178  17.382812
001       111  10.839844



    count    pct
CP              
1    1024  100.0



       count        pct
Cdc42                  
1        527  51.464844
0        497  48.535156



         count        pct
Cofilin                  
1          616  60.156250
0          271  26.464844
100000     111  10.839844
10          17   1.660156
100          9   0.878906



         count        pct
Coronin                  
1          616  60.156250
0          381  37.207031
01          27   2.636719



           count        pct
Cortactin                  
0            311  30.371094
110          246  24.023438
100          178  17.382812
1            178  17.382812
010          111  10.839844



      count    pct
Dia1              
0      1024  100.0



      count        pct
Dia2                  
1       440  42.968750
110     331  32.324219
011     111  10.839844
010      93   9.082031
0        49   4.785156



          count        pct
Ena_Vasp                  
1           813  79.394531
010111      111  10.839844
011          74   7.226562
0            24   2.343750
100           2   0.195312



              count        pct
IRSp53_Cdc42                  
1               527  51.464844
0               497  48.535156



             count        pct
IRSp53_Rac1                  
0              311  30.371094
110            246  24.023438
100            178  17.382812
1              178  17.382812
010            111  10.839844



      count        pct
LIMK                  
0       616  60.156250
1       381  37.207031
10       27   2.636719



      count        pct
NET1                  
0       531  51.855469
1       262  25.585938
110     111  10.839844
101      85   8.300781
001      35   3.417969



     count        pct
PAK                  
1      531  51.855469
0      262  25.585938
010    111  10.839844
100     85   8.300781
101     35   3.417969



      count    pct
PIP2              
0      1024  100.0



     count        pct
PKD                  
0      664  64.843750
1      238  23.242188
100    122  11.914062



          count        pct
Profilin                  
1           518  50.585938
0           295  28.808594
000101      111  10.839844
011          83   8.105469
01           17   1.660156



      count        pct
ROCK                  
0       664  64.843750
1       238  23.242188
001     122  11.914062



     count        pct
ROS                  
0      311  30.371094
110    246  24.023438
100    178  17.382812
1      178  17.382812
010    111  10.839844



      count        pct
Rac1                  
0       311  30.371094
101     246  24.023438
1       178  17.382812
001     178  17.382812
100     111  10.839844



      count        pct
RhoA                  
0       566  55.273438
1       262  25.585938
010     111  10.839844
100      85   8.300781



     count        pct
SSH                  
1      616  60.156250
0      381  37.207031
10      27   2.636719



          count        pct
Thymosin                  
0           625  61.035156
1           271  26.464844
10          128  12.500000



        count        pct
WASP                    
1         518  50.585938
0         295  28.808594
001010    111  10.839844
110        83   8.105469
10         17   1.660156



      count    pct
WAVE              
0      1024  100.0



