                     count        pct
cycle_Actin_BR_norm                  
1                      370  36.132812
0                      316  30.859375
10                     104  10.156250
1101                    80   7.812500
0011                    72   7.031250
1000                    57   5.566406
101                     25   2.441406



                     count        pct
cycle_Actin_ST_norm                  
0                      551  53.808594
1000                   160  15.625000
1                      125  12.207031
10                     109  10.644531
0111                    65   6.347656
100                     10   0.976562
0110                     4   0.390625



                   count        pct
cycle_Arp2_3_norm                  
1                    370  36.132812
0                    316  30.859375
01                   104  10.156250
1011                  80   7.812500
0110                  72   7.031250
0001                  57   5.566406
011                   25   2.441406



               count        pct
cycle_CP_norm                  
1                727  70.996094
0                 83   8.105469
10                67   6.542969
1101              51   4.980469
1000              48   4.687500
1100              38   3.710938
110               10   0.976562



                  count        pct
cycle_Cdc42_norm                  
1                   516  50.390625
0                   508  49.609375



                    count        pct
cycle_Cofilin_norm                  
0                     659  64.355469
1                     181  17.675781
1110                   62   6.054688
01                     60   5.859375
10                     38   3.710938
0100                   14   1.367188
110                    10   0.976562



                    count        pct
cycle_Coronin_norm                  
0                     649  63.378906
0001                  192  18.750000
1                      94   9.179688
0111                   87   8.496094
10                      2   0.195312



                      count        pct
cycle_Cortactin_norm                  
0                       457  44.628906
0011                    192  18.750000
0010                    182  17.773438
0111                     87   8.496094
1                        69   6.738281
110                      25   2.441406
01                       12   1.171875



                 count        pct
cycle_Dia1_norm                  
0                  822  80.273438
10                 101   9.863281
1                   83   8.105469
0010                12   1.171875
1101                 6   0.585938



                 count        pct
cycle_Dia2_norm                  
1                  526  51.367188
0111               461  45.019531
110                 25   2.441406
01                  12   1.171875



                     count    pct
cycle_Ena_Vasp_norm              
0                     1024  100.0



                   count        pct
cycle_IRSp53_norm                  
1                    561  54.785156
0                    419  40.917969
0111                  44   4.296875



                 count        pct
cycle_LIMK_norm                  
1                  649  63.378906
1110               192  18.750000
0                   94   9.179688
1000                87   8.496094
01                   2   0.195312



                count        pct
cycle_PAK_norm                  
1                 980  95.703125
0111               44   4.296875



                 count        pct
cycle_PIP2_norm                  
0                  534  52.148438
1                  490  47.851562



                count        pct
cycle_PKD_norm                  
1                 457  44.628906
0011              192  18.750000
0111              182  17.773438
0                  94   9.179688
0010               87   8.496094
10                 12   1.171875



                     count        pct
cycle_Profilin_norm                  
1                      480  46.875000
0                      277  27.050781
01                     125  12.207031
0111                    64   6.250000
1001                    48   4.687500
0001                    30   2.929688



                 count        pct
cycle_ROCK_norm                  
1                  457  44.628906
0110               192  18.750000
1110               182  17.773438
0                   94   9.179688
0100                87   8.496094
01                  12   1.171875



                  count        pct
cycle_ROCK__norm                  
1                   457  44.628906
0011                192  18.750000
0111                182  17.773438
0                    94   9.179688
0010                 87   8.496094
10                   12   1.171875



                 count        pct
cycle_Rac1_norm                  
0                  457  44.628906
0110               192  18.750000
0100               182  17.773438
1110                87   8.496094
1                   69   6.738281
101                 25   2.441406
10                  12   1.171875



                 count        pct
cycle_RhoA_norm                  
1                  457  44.628906
1100               236  23.046875
1101               182  17.773438
0                   69   6.738281
1000                43   4.199219
001                 25   2.441406
10                  12   1.171875



                count        pct
cycle_SSH_norm                  
0                 649  63.378906
0010              192  18.750000
1                  94   9.179688
1110               87   8.496094
01                  2   0.195312



                     count        pct
cycle_Thymosin_norm                  
0                      405  39.550781
01                     311  30.371094
1                      308  30.078125



                 count        pct
cycle_WASP_norm                  
1                  405  39.550781
01                 311  30.371094
0                  308  30.078125



                 count        pct
cycle_WAVE_norm                  
0                  457  44.628906
0011               192  18.750000
0010               182  17.773438
0111                87   8.496094
1                   69   6.738281
110                 25   2.441406
01                  12   1.171875



