                                         count        pct
cycle_Actin_BR_norm cycle_Actin_ST_norm                  
0                   0                      260  25.390625
1                   0                      220  21.484375
                    1                       69   6.738281
1101                1000                    60   5.859375
1                   0111                    59   5.761719
0                   1                       56   5.468750
10                  10                      53   5.175781
                    1000                    45   4.394531
0011                10                      34   3.320312
1000                1000                    33   3.222656
1                   10                      22   2.148438
0011                1000                    22   2.148438
1000                0                       18   1.757812
1101                0                       16   1.562500
0011                0                       16   1.562500
101                 0                       15   1.464844
                    100                     10   0.976562
1000                0111                     6   0.585938
10                  0                        6   0.585938
1101                0110                     4   0.390625



