                     count        pct
cycle_Actin_BR_norm                  
1                      771  75.292969
0                      206  20.117188
1110                    47   4.589844



                     count    pct
cycle_Actin_ST_norm              
0                     1024  100.0



                   count        pct
cycle_Arp2_3_norm                  
1                    771  75.292969
0                    206  20.117188
1101                  47   4.589844



               count        pct
cycle_CP_norm                  
1                519  50.683594
0                505  49.316406



                  count        pct
cycle_Cdc42_norm                  
1                   534  52.148438
0                   490  47.851562



                    count        pct
cycle_Cofilin_norm                  
0                     589  57.519531
1                     262  25.585938
1011                  128  12.500000
10                     31   3.027344
01                     14   1.367188



                    count        pct
cycle_Coronin_norm                  
0                     619  60.449219
1000                  175  17.089844
1011                  130  12.695312
1                      90   8.789062
01                     10   0.976562



                      count        pct
cycle_Cortactin_norm                  
0                       445  43.457031
1001                    175  17.089844
0100                    147  14.355469
1011                    130  12.695312
1                        90   8.789062
01                       37   3.613281



                 count        pct
cycle_Dia1_norm                  
0                  564  55.078125
1                  221  21.582031
0110               115  11.230469
1101                60   5.859375
0010                41   4.003906
01                  23   2.246094



                 count        pct
cycle_Dia2_norm                  
1                  535  52.246094
1101               452  44.140625
01                  37   3.613281



                     count    pct
cycle_Ena_Vasp_norm              
1                     1024  100.0



                   count        pct
cycle_IRSp53_norm                  
1                    574  56.054688
0                    403  39.355469
1011                  47   4.589844



                 count        pct
cycle_LIMK_norm                  
1                  619  60.449219
0111               175  17.089844
0100               130  12.695312
0                   90   8.789062
10                  10   0.976562



                count        pct
cycle_PAK_norm                  
1                 977  95.410156
1011               47   4.589844



                 count        pct
cycle_PIP2_norm                  
0                  519  50.683594
1                  505  49.316406



                count        pct
cycle_PKD_norm                  
1                 445  43.457031
1001              175  17.089844
1110              147  14.355469
0001              130  12.695312
0                  90   8.789062
10                 37   3.613281



                     count    pct
cycle_Profilin_norm              
0                     1024  100.0



                 count        pct
cycle_ROCK_norm                  
1                  445  43.457031
0011               175  17.089844
1101               147  14.355469
0010               130  12.695312
0                   90   8.789062
01                  37   3.613281



                  count        pct
cycle_ROCK__norm                  
1                   445  43.457031
1001                175  17.089844
1110                147  14.355469
0001                130  12.695312
0                    90   8.789062
10                   37   3.613281



                 count        pct
cycle_Rac1_norm                  
0                  445  43.457031
0011               175  17.089844
1000               147  14.355469
0111               130  12.695312
1                   90   8.789062
10                  37   3.613281



                 count        pct
cycle_RhoA_norm                  
1                  445  43.457031
0110               222  21.679688
1011               147  14.355469
0                   90   8.789062
0100                83   8.105469
10                  37   3.613281



                count        pct
cycle_SSH_norm                  
0                 619  60.449219
0001              175  17.089844
0111              130  12.695312
1                  90   8.789062
10                 10   0.976562



                     count    pct
cycle_Thymosin_norm              
0                     1024  100.0



                 count        pct
cycle_WASP_norm                  
1                  818  79.882812
0                  206  20.117188



                 count        pct
cycle_WAVE_norm                  
0                  445  43.457031
1001               175  17.089844
0100               147  14.355469
1011               130  12.695312
1                   90   8.789062
01                  37   3.613281



