                    count        pct
Actin_BR Actin_ST                   
001      001011       123  12.011719
         100          118  11.523438
1        1            115  11.230469
         0            114  11.132812
0        011100000     69   6.738281
001      111101        60   5.859375
001000   000111        59   5.761719
011      1             52   5.078125
         000100        47   4.589844
001      1             43   4.199219
011      010           42   4.101562
0        0             40   3.906250
         01            28   2.734375
101      100           23   2.246094
001      101           21   2.050781
101      1             16   1.562500
001000   111010        16   1.562500
         1             14   1.367188
         111001        13   1.269531
0        1             11   1.074219



                     count        pct
Rac1      RhoA                       
1         0            229  22.363281
001       100          192  18.750000
          0            173  16.894531
011       0            141  13.769531
000001    100111       102   9.960938
111100000 110000011     69   6.738281
0         0             68   6.640625
101       0             39   3.808594
0         1             11   1.074219



