          count        pct
ARHGAP22                  
0           615  60.058594
001         144  14.062500
1           106  10.351562
100          86   8.398438
011110       73   7.128906



          count        pct
Actin_BR                  
1           519  50.683594
001         144  14.062500
0           123  12.011719
100          86   8.398438
110          79   7.714844
000010       73   7.128906



          count        pct
Actin_ST                  
0           563  54.980469
10          138  13.476562
010          98   9.570312
100          86   8.398438
011          44   4.296875
001110       32   3.125000
111100       29   2.832031
101100       19   1.855469
000001       12   1.171875
1             3   0.292969



        count        pct
Arp2_3                  
1         519  50.683594
010       144  14.062500
0         123  12.011719
001        86   8.398438
101        79   7.714844
000100     73   7.128906



        count        pct
CP                      
1         779  76.074219
000010     73   7.128906
100        63   6.152344
001        61   5.957031
110        38   3.710938
0          10   0.976562



       count        pct
Cdc42                  
1        527  51.464844
0        497  48.535156



         count        pct
Cofilin                  
1          404  39.453125
0          344  33.593750
10         138  13.476562
010         81   7.910156
100000      23   2.246094
100010      19   1.855469
011         15   1.464844



         count    pct
Coronin              
0         1024  100.0



           count        pct
Cortactin                  
1            519  50.683594
100          144  14.062500
0            123  12.011719
010           86   8.398438
011           79   7.714844
001000        73   7.128906



        count        pct
Dia1                    
0         823  80.371094
111100     73   7.128906
001        63   6.152344
010        61   5.957031
1           4   0.390625



        count        pct
Dia2                    
1         625  61.035156
011       309  30.175781
111100     73   7.128906
0          17   1.660156



          count    pct
Ena_Vasp              
0          1024  100.0



              count        pct
IRSp53_Cdc42                  
1               527  51.464844
0               497  48.535156



             count        pct
IRSp53_Rac1                  
1              519  50.683594
100            144  14.062500
0              123  12.011719
010             86   8.398438
011             79   7.714844
001000          73   7.128906



        count        pct
LIMK                    
0         598  58.398438
1         353  34.472656
011111     73   7.128906



        count        pct
NET1                    
0         536  52.343750
101       144  14.062500
1         106  10.351562
110        86   8.398438
010        79   7.714844
111011     73   7.128906



        count        pct
PAK                     
1         536  52.343750
100       144  14.062500
0         106  10.351562
010        86   8.398438
011        79   7.714844
001000     73   7.128906



      count        pct
PIP2                  
0       518  50.585938
1       506  49.414062



        count        pct
PKD                     
0         615  60.058594
001       144  14.062500
1         106  10.351562
100        86   8.398438
011110     73   7.128906



          count        pct
Profilin                  
1           652  63.671875
0           142  13.867188
101          86   8.398438
110          83   8.105469
011110       32   3.125000
001          17   1.660156
000011       12   1.171875



        count        pct
ROCK                    
0         615  60.058594
010       144  14.062500
1         106  10.351562
001        86   8.398438
111100     73   7.128906



        count        pct
ROS                     
1         519  50.683594
100       144  14.062500
0         123  12.011719
010        86   8.398438
011        79   7.714844
001000     73   7.128906



        count        pct
Rac1                    
1         519  50.683594
001       144  14.062500
0         123  12.011719
100        86   8.398438
110        79   7.714844
010000     73   7.128906



        count        pct
RhoA                    
0         615  60.058594
100       144  14.062500
1         106  10.351562
010        86   8.398438
111001     73   7.128906



     count        pct
SSH                  
1      519  50.683594
0      426  41.601562
011     79   7.714844



          count        pct
Thymosin                  
0           574  56.054688
1           173  16.894531
10          140  13.671875
01          137  13.378906



        count        pct
WASP                    
1         493  48.144531
0         173  16.894531
10        140  13.671875
01        114  11.132812
101        81   7.910156
001010     23   2.246094



        count        pct
WAVE                    
1         598  58.398438
110       144  14.062500
0         123  12.011719
011        86   8.398438
001100     73   7.128906



