                                         count        pct
cycle_Actin_BR_norm cycle_Actin_ST_norm                  
1                   1                      293  28.613281
0                   0                      284  27.734375
                    1                      128  12.500000
1                   0111                    99   9.667969
0111                0111                    62   6.054688
0011                0111                    36   3.515625
01                  0111                    24   2.343750
                    10                      22   2.148438
0001                0001                    17   1.660156
0011                10                      15   1.464844
0001                0111                    14   1.367188
01                  01                       8   0.781250
0011                0110                     8   0.781250
                    0001                     8   0.781250
0111                0001                     4   0.390625
1                   0                        2   0.195312



