          count        pct
ARHGAP22                  
0          1572  76.757812
1           476  23.242188



          count        pct
Actin_BR                  
1          1513  73.876953
0           438  21.386719
110          77   3.759766
10           20   0.976562



          count        pct
Actin_ST                  
1          2006  97.949219
0            42   2.050781



        count        pct
Arp2_3                  
1        1513  73.876953
0         438  21.386719
101        77   3.759766
01         20   0.976562



    count    pct
CP              
0    2048  100.0



       count        pct
Cdc42                  
1       1041  50.830078
0       1007  49.169922



         count        pct
Cofilin                  
1         1404  68.554688
0          349  17.041016
01         262  12.792969
110         33   1.611328



         count        pct
Coronin                  
1         1572  76.757812
10         395  19.287109
0           81   3.955078



           count        pct
Cortactin                  
1           1495  72.998047
0            476  23.242188
011           77   3.759766



      count        pct
Dia1                  
0      1495  72.998047
1       476  23.242188
101      77   3.759766



      count    pct
Dia2              
1      2048  100.0



          count        pct
Ena_Vasp                  
1          1647  80.419922
0           214  10.449219
10          187   9.130859



              count        pct
IRSp53_Cdc42                  
1              1041  50.830078
0              1007  49.169922



             count        pct
IRSp53_Rac1                  
1             1495  72.998047
0              476  23.242188
011             77   3.759766



      count        pct
LIMK                  
0      1572  76.757812
01      395  19.287109
1        81   3.955078



      count        pct
NET1                  
0      1583  77.294922
1       388  18.945312
010      77   3.759766



     count        pct
PAK                  
1     1583  77.294922
0      388  18.945312
011     77   3.759766



      count        pct
PIP2                  
0      1043  50.927734
1      1005  49.072266



     count    pct
PKD              
0     2048  100.0



          count        pct
Profilin                  
1          2006  97.949219
0            42   2.050781



      count        pct
ROCK                  
0      1572  76.757812
1       476  23.242188



     count        pct
ROS                  
1     1495  72.998047
0      476  23.242188
011     77   3.759766



      count        pct
Rac1                  
1      1495  72.998047
0       476  23.242188
110      77   3.759766



      count        pct
RhoA                  
0      1495  72.998047
1       476  23.242188
011      77   3.759766



     count        pct
SSH                  
1     1572  76.757812
01     395  19.287109
0       81   3.955078



          count        pct
Thymosin                  
0          1520  74.218750
01          391  19.091797
1           137   6.689453



      count        pct
WASP                  
1      1520  74.218750
01      298  14.550781
0       230  11.230469



      count        pct
WAVE                  
1      1572  76.757812
0       476  23.242188



