          count    pct
ARHGAP22              
0          2048  100.0



          count        pct
Actin_BR                  
1          1009  49.267578
100         468  22.851562
0           405  19.775391
101         166   8.105469



          count        pct
Actin_ST                  
1          1376  67.187500
0           567  27.685547
110          93   4.541016
01           12   0.585938



        count        pct
Arp2_3                  
1        1009  49.267578
001       468  22.851562
0         405  19.775391
011       166   8.105469



    count        pct
CP                  
1    1077  52.587891
0     966  47.167969
10      5   0.244141



       count        pct
Cdc42                  
1       1050  51.269531
0        998  48.730469



         count        pct
Cofilin                  
1         1297  63.330078
0          320  15.625000
110        314  15.332031
01         117   5.712891



         count        pct
Coronin                  
1         1657  80.908203
0          282  13.769531
01         109   5.322266



           count        pct
Cortactin                  
1           1009  49.267578
010          468  22.851562
0            405  19.775391
110          166   8.105469



      count    pct
Dia1              
0      2048  100.0



      count        pct
Dia2                  
1      1009  49.267578
010     468  22.851562
0       405  19.775391
110     166   8.105469



          count        pct
Ena_Vasp                  
1          1530  74.707031
011         227  11.083984
0           200   9.765625
01           91   4.443359



              count        pct
IRSp53_Cdc42                  
1              1050  51.269531
0               998  48.730469



             count        pct
IRSp53_Rac1                  
1             1009  49.267578
010            468  22.851562
0              405  19.775391
110            166   8.105469



      count        pct
LIMK                  
0      1989  97.119141
10       33   1.611328
1        26   1.269531



      count        pct
NET1                  
0      1074  52.441406
110     468  22.851562
1       340  16.601562
100     166   8.105469



     count        pct
PAK                  
1     1074  52.441406
010    468  22.851562
0      340  16.601562
110    166   8.105469



      count        pct
PIP2                  
0      1077  52.587891
1       971  47.412109



     count    pct
PKD              
0     2048  100.0



          count        pct
Profilin                  
1          1470  71.777344
0           339  16.552734
011         227  11.083984
10           12   0.585938



      count    pct
ROCK              
0      2048  100.0



     count        pct
ROS                  
1     1009  49.267578
010    468  22.851562
0      405  19.775391
110    166   8.105469



      count        pct
Rac1                  
1      1009  49.267578
100     468  22.851562
0       405  19.775391
101     166   8.105469



      count    pct
RhoA              
0      2048  100.0



     count        pct
SSH                  
1     1657  80.908203
0      282  13.769531
10     109   5.322266



          count        pct
Thymosin                  
0          1663  81.201172
1           197   9.619141
10          188   9.179688



      count        pct
WASP                  
1      1430  69.824219
0       241  11.767578
110     227  11.083984
10      150   7.324219



      count        pct
WAVE                  
1      1175  57.373047
011     468  22.851562
0       405  19.775391



