                   count        pct
Actin_BR Actin_ST                  
1        1          1007  49.169922
0        0           338  16.503906
100      1           241  11.767578
         0           227  11.083984
101      110          93   4.541016
         1            73   3.564453
0        1            55   2.685547
         01           12   0.585938
1        0             2   0.097656



           count        pct
Rac1 RhoA                  
1    0      1009  49.267578
100  0       468  22.851562
0    0       405  19.775391
101  0       166   8.105469



