          count    pct
ARHGAP22              
0          1024  100.0



          count        pct
Actin_BR                  
1           629  61.425781
101         227  22.167969
001          87   8.496094
010          80   7.812500
0             1   0.097656



          count    pct
Actin_ST              
0          1024  100.0



        count        pct
Arp2_3                  
1         629  61.425781
011       227  22.167969
010        87   8.496094
100        80   7.812500
0           1   0.097656



        count        pct
CP                      
0         465  45.410156
1         303  29.589844
101       111  10.839844
010        47   4.589844
10         33   3.222656
000001     33   3.222656
001        32   3.125000



       count      pct
Cdc42                
0        528  51.5625
1        496  48.4375



         count        pct
Cofilin                  
1          606  59.179688
101        145  14.160156
01         137  13.378906
0           83   8.105469
010000      47   4.589844
100          6   0.585938



         count        pct
Coronin                  
1          905  88.378906
0          118  11.523438
10           1   0.097656



           count        pct
Cortactin                  
1            629  61.425781
110          227  22.167969
100           87   8.496094
001           80   7.812500
0              1   0.097656



      count        pct
Dia1                  
0       857  83.691406
010      87   8.496094
100      80   7.812500



      count        pct
Dia2                  
1       496  48.437500
0       361  35.253906
010      87   8.496094
100      80   7.812500



          count        pct
Ena_Vasp                  
1           879  85.839844
101011       80   7.812500
10           33   3.222656
011          20   1.953125
001           6   0.585938
0             6   0.585938



              count      pct
IRSp53_Cdc42                
0               528  51.5625
1               496  48.4375



             count        pct
IRSp53_Rac1                  
1              629  61.425781
110            227  22.167969
100             87   8.496094
001             80   7.812500
0                1   0.097656



      count        pct
LIMK                  
0       905  88.378906
1       118  11.523438
01        1   0.097656



      count        pct
NET1                  
0       630  61.523438
100     227  22.167969
101      87   8.496094
011      80   7.812500



     count        pct
PAK                  
1      630  61.523438
110    227  22.167969
100     87   8.496094
001     80   7.812500



      count        pct
PIP2                  
1       540  52.734375
0       484  47.265625



     count        pct
PKD                  
0      906  88.476562
010     80   7.812500
100     38   3.710938



          count    pct
Profilin              
0          1024  100.0



      count        pct
ROCK                  
0       906  88.476562
100      80   7.812500
001      38   3.710938



     count        pct
ROS                  
1      629  61.425781
110    227  22.167969
100     87   8.496094
001     80   7.812500
0        1   0.097656



      count        pct
Rac1                  
1       629  61.425781
101     227  22.167969
001      87   8.496094
010      80   7.812500
0         1   0.097656



      count        pct
RhoA                  
0       857  83.691406
100      87   8.496094
001      80   7.812500



     count        pct
SSH                  
1      905  88.378906
0      118  11.523438
01       1   0.097656



          count        pct
Thymosin                  
0           783  76.464844
01          218  21.289062
1            23   2.246094



        count        pct
WASP                    
1         757  73.925781
01        138  13.476562
000101     47   4.589844
10         33   3.222656
110        26   2.539062
0          23   2.246094



      count        pct
WAVE                  
1       856  83.593750
110      87   8.496094
101      80   7.812500
0         1   0.097656



