                     count        pct
Actin_BR Actin_ST                    
0        1            1435  70.068359
         01111         177   8.642578
         1111101111    169   8.251953
         0              72   3.515625
         111111101      47   2.294922
         11110          41   2.001953
         01100          37   1.806641
         11110111       22   1.074219
                        21   1.025391
0        01011          20   0.976562
         011100000       3   0.146484
         01001011        3   0.146484
         00001100        1   0.048828



                     count        pct
Rac1      RhoA                       
0         1            995  48.583984
00010     01111        310  15.136719
10000     11011        221  10.791016
01010     01101        187   9.130859
10010     01011        125   6.103516
00101101  10110100      76   3.710938
111000011 100001111     64   3.125000
11100001  10000111      33   1.611328
                        21   1.025391
110       011            9   0.439453
011       101            7   0.341797



