          count        pct
ARHGAP22                  
1           896  87.500000
0           119  11.621094
001           9   0.878906



          count        pct
Actin_BR                  
0           927  90.527344
110          52   5.078125
100          27   2.636719
1            18   1.757812



           count        pct
Actin_ST                   
1            896  87.500000
100           79   7.714844
0             18   1.757812
011           12   1.171875
000001111     11   1.074219
11111110       8   0.781250



        count        pct
Arp2_3                  
0         927  90.527344
101        52   5.078125
001        27   2.636719
1          18   1.757812



     count        pct
CP                   
0      927  90.527344
110     52   5.078125
100     27   2.636719
1       18   1.757812



       count        pct
Cdc42                  
1        519  50.683594
0        505  49.316406



         count        pct
Cofilin                  
0          927  90.527344
1           66   6.445312
100         21   2.050781
110         10   0.976562



         count        pct
Coronin                  
0          896  87.500000
1          119  11.621094
101          9   0.878906



           count        pct
Cortactin                  
0            896  87.500000
011           59   5.761719
010           32   3.125000
1             18   1.757812
100001111     11   1.074219
11110000       8   0.781250



           count        pct
Dia1                       
1            896  87.500000
0             48   4.687500
001           45   4.394531
110           16   1.562500
000111110     11   1.074219
11000011       8   0.781250



           count        pct
Dia2                       
1            966  94.335938
110           38   3.710938
000111110     11   1.074219
0              9   0.878906



          count    pct
Ena_Vasp              
0          1024  100.0



              count        pct
IRSp53_Cdc42                  
1               519  50.683594
0               505  49.316406



             count        pct
IRSp53_Rac1                  
0              896  87.500000
011             68   6.640625
010             23   2.246094
1               18   1.757812
100001111       11   1.074219
11110000         8   0.781250



      count        pct
LIMK                  
1       896  87.500000
0       119  11.621094
010       9   0.878906



           count        pct
NET1                       
0            528  51.562500
1            447  43.652344
001           38   3.710938
001111000     11   1.074219



           count        pct
PAK                        
1            528  51.562500
0            447  43.652344
101           38   3.710938
100001111     11   1.074219



      count   pct
PIP2             
1       512  50.0
0       512  50.0



     count        pct
PKD                  
1      896  87.500000
0      119  11.621094
001      9   0.878906



           count        pct
Profilin                   
1            982  95.898438
101           23   2.246094
111011111     11   1.074219
11111101       8   0.781250



      count        pct
ROCK                  
1       896  87.500000
0       119  11.621094
010       9   0.878906



           count        pct
ROS                        
0            896  87.500000
011           68   6.640625
010           23   2.246094
1             18   1.757812
100001111     11   1.074219
11110000       8   0.781250



           count        pct
Rac1                       
0            896  87.500000
110           68   6.640625
100           23   2.246094
1             18   1.757812
000011111     11   1.074219
11100001       8   0.781250



           count        pct
RhoA                       
1            896  87.500000
110           61   5.957031
010           30   2.929688
0             18   1.757812
001111100     11   1.074219
10000111       8   0.781250



     count        pct
SSH                  
0      896  87.500000
1      119  11.621094
011      9   0.878906



          count        pct
Thymosin                  
1           927  90.527344
0            66   6.445312
101          21   2.050781
100          10   0.976562



      count    pct
WASP              
0      1024  100.0



           count        pct
WAVE                       
0            896  87.500000
1             86   8.398438
011           23   2.246094
110001111     11   1.074219
11111000       8   0.781250



