                    count        pct
Actin_BR Actin_ST                   
0        0            463  45.214844
         1            290  28.320312
         01           133  12.988281
         001111        90   8.789062
         010000        18   1.757812
         101001        16   1.562500
                       13   1.269531
0        000000110      1   0.097656



                     count        pct
Rac1      RhoA                       
0         0            525  51.269531
          1            256  25.000000
010000    111001       188  18.359375
001       100           31   3.027344
                        13   1.269531
000011110 001111000     11   1.074219



