          count        pct
ARHGAP22                  
1           845  82.519531
0           179  17.480469



          count        pct
Actin_BR                  
0           777  75.878906
10          151  14.746094
1            61   5.957031
1000         35   3.417969



          count        pct
Actin_ST                  
1           845  82.519531
10          146  14.257812
0            33   3.222656



        count        pct
Arp2_3                  
0         777  75.878906
01        151  14.746094
1          61   5.957031
0001       35   3.417969



      count        pct
CP                    
0       845  82.519531
10      111  10.839844
1000     35   3.417969
1        33   3.222656



       count        pct
Cdc42                  
0        535  52.246094
1        489  47.753906



         count        pct
Cofilin                  
0          500  48.828125
1          278  27.148438
01         211  20.605469
1000        35   3.417969



         count        pct
Coronin                  
01         503  49.121094
0          322  31.445312
1          179  17.480469
10          20   1.953125



           count    pct
Cortactin              
0           1024  100.0



      count        pct
Dia1                  
1       845  82.519531
10      111  10.839844
1011     35   3.417969
0        33   3.222656



      count    pct
Dia2              
1      1024  100.0



          count        pct
Ena_Vasp                  
1           620  60.546875
0           291  28.417969
01          113  11.035156



              count        pct
IRSp53_Cdc42                  
0               535  52.246094
1               489  47.753906



             count    pct
IRSp53_Rac1              
0             1024  100.0



      count        pct
LIMK                  
10      503  49.121094
1       322  31.445312
0       179  17.480469
01       20   1.953125



      count        pct
NET1                  
1       535  52.246094
0       489  47.753906



     count        pct
PAK                  
0      535  52.246094
1      489  47.753906



      count        pct
PIP2                  
0       519  50.683594
1       505  49.316406



     count    pct
PKD              
0     1024  100.0



          count        pct
Profilin                  
1           974  95.117188
1101         35   3.417969
10           15   1.464844



      count        pct
ROCK                  
1       845  82.519531
0       179  17.480469



     count    pct
ROS              
0     1024  100.0



      count    pct
Rac1              
0      1024  100.0



      count    pct
RhoA              
1      1024  100.0



     count        pct
SSH                  
10     503  49.121094
0      322  31.445312
1      179  17.480469
01      20   1.953125



          count        pct
Thymosin                  
0           446  43.554688
01          394  38.476562
1           149  14.550781
10           35   3.417969



      count        pct
WASP                  
1       404  39.453125
0       323  31.542969
01      262  25.585938
10       35   3.417969



      count    pct
WAVE              
0      1024  100.0



