          count    pct
ARHGAP22              
0          1024  100.0



          count        pct
Actin_BR                  
1           476  46.484375
001         253  24.707031
0           205  20.019531
011          90   8.789062



          count        pct
Actin_ST                  
1           457  44.628906
0           342  33.398438
001         167  16.308594
01           58   5.664062



        count        pct
Arp2_3                  
1         476  46.484375
010       253  24.707031
0         205  20.019531
110        90   8.789062



     count        pct
CP                   
0      626  61.132812
1      229  22.363281
001    127  12.402344
011     40   3.906250
10       2   0.195312



       count        pct
Cdc42                  
0        524  51.171875
1        500  48.828125



         count        pct
Cofilin                  
1          658  64.257812
110        176  17.187500
0          118  11.523438
01          72   7.031250



         count        pct
Coronin                  
1          857  83.691406
10         104  10.156250
0           63   6.152344



           count        pct
Cortactin                  
1            476  46.484375
100          253  24.707031
0            205  20.019531
101           90   8.789062



      count    pct
Dia1              
0      1024  100.0



      count        pct
Dia2                  
0       524  51.171875
1       500  48.828125



          count        pct
Ena_Vasp                  
1           756  73.828125
011         127  12.402344
0            88   8.593750
10           53   5.175781



              count        pct
IRSp53_Cdc42                  
0               524  51.171875
1               500  48.828125



             count        pct
IRSp53_Rac1                  
1              476  46.484375
100            253  24.707031
0              205  20.019531
101             90   8.789062



      count        pct
LIMK                  
0      1005  98.144531
10       16   1.562500
1         3   0.292969



      count    pct
NET1              
0      1024  100.0



     count        pct
PAK                  
1      509  49.707031
100    253  24.707031
0      172  16.796875
101     90   8.789062



      count        pct
PIP2                  
1       550  53.710938
0       474  46.289062



     count    pct
PKD              
0     1024  100.0



          count        pct
Profilin                  
1           728  71.093750
011         127  12.402344
0           111  10.839844
10           58   5.664062



      count    pct
ROCK              
0      1024  100.0



     count        pct
ROS                  
1      476  46.484375
100    253  24.707031
0      205  20.019531
101     90   8.789062



      count        pct
Rac1                  
1       476  46.484375
001     253  24.707031
0       205  20.019531
011      90   8.789062



      count    pct
RhoA              
0      1024  100.0



     count        pct
SSH                  
1      857  83.691406
01     104  10.156250
0       63   6.152344



          count        pct
Thymosin                  
0           861  84.082031
01          100   9.765625
1            63   6.152344



      count        pct
WASP                  
1       725  70.800781
110     127  12.402344
0       111  10.839844
01       61   5.957031



      count        pct
WAVE                  
1       566  55.273438
110     253  24.707031
0       205  20.019531



