                   count        pct
Actin_BR Actin_ST                  
1        1           245  23.925781
         0           231  22.558594
001      001         127  12.402344
         1           126  12.304688
0        0           111  10.839844
         01           58   5.664062
011      1            50   4.882812
         001          40   3.906250
0        1            36   3.515625



           count        pct
Rac1 RhoA                  
1    0       476  46.484375
001  0       253  24.707031
0    0       205  20.019531
011  0        90   8.789062



