          count    pct
ARHGAP22              
0          1024  100.0



          count        pct
Actin_BR                  
1           568  55.468750
001         226  22.070312
011         139  13.574219
0            91   8.886719



          count        pct
Actin_ST                  
0           501  48.925781
1           487  47.558594
10           36   3.515625



        count        pct
Arp2_3                  
1         568  55.468750
010       226  22.070312
110       139  13.574219
0          91   8.886719



    count        pct
CP                  
0     498  48.632812
1     491  47.949219
01     35   3.417969



       count        pct
Cdc42                  
1        517  50.488281
0        507  49.511719



         count        pct
Cofilin                  
1          687  67.089844
011        189  18.457031
10          79   7.714844
0           69   6.738281



         count        pct
Coronin                  
1          941  91.894531
0           60   5.859375
10          23   2.246094



           count        pct
Cortactin                  
1            568  55.468750
100          226  22.070312
101          139  13.574219
0             91   8.886719



      count        pct
Dia1                  
0       916  89.453125
010     108  10.546875



      count    pct
Dia2              
0      1024  100.0



          count        pct
Ena_Vasp                  
1           798  77.929688
011         118  11.523438
0            73   7.128906
01           35   3.417969



              count        pct
IRSp53_Cdc42                  
1               517  50.488281
0               507  49.511719



             count        pct
IRSp53_Rac1                  
1              568  55.468750
100            226  22.070312
101            139  13.574219
0               91   8.886719



      count        pct
LIMK                  
0      1010  98.632812
01        8   0.781250
1         6   0.585938



      count        pct
NET1                  
0       586  57.226562
101     226  22.070312
001     139  13.574219
1        73   7.128906



     count        pct
PAK                  
1      586  57.226562
100    226  22.070312
101    139  13.574219
0       73   7.128906



      count        pct
PIP2                  
1       533  52.050781
0       491  47.949219



     count    pct
PKD              
0     1024  100.0



          count        pct
Profilin                  
1           813  79.394531
011         118  11.523438
0            92   8.984375
10            1   0.097656



      count    pct
ROCK              
0      1024  100.0



     count        pct
ROS                  
1      568  55.468750
100    226  22.070312
101    139  13.574219
0       91   8.886719



      count        pct
Rac1                  
1       568  55.468750
001     226  22.070312
011     139  13.574219
0        91   8.886719



      count        pct
RhoA                  
0       725  70.800781
100     226  22.070312
1        73   7.128906



     count        pct
SSH                  
1      941  91.894531
0       60   5.859375
01      23   2.246094



          count        pct
Thymosin                  
0           876  85.546875
10           81   7.910156
1            67   6.542969



      count        pct
WASP                  
1       754  73.632812
110     118  11.523438
0        86   8.398438
10       66   6.445312



      count        pct
WAVE                  
1       707  69.042969
110     226  22.070312
0        91   8.886719



