                   count        pct
Actin_BR Actin_ST                  
0        0           278  27.148438
010      010         219  21.386719
         0           211  20.605469
011      101         133  12.988281
000001   100001      123  12.011719
011      010          27   2.636719
1        1            12   1.171875
011      0            11   1.074219
1        0             6   0.585938
01       01            4   0.390625



               count        pct
Rac1   RhoA                    
010    001       229  22.363281
       0         201  19.628906
011    0         171  16.699219
0      0         146  14.257812
       1         132  12.890625
001000 111100    123  12.011719
1      0          18   1.757812
01     0           4   0.390625



