          count        pct
ARHGAP22                  
0           663  64.746094
110011      198  19.335938
010         155  15.136719
1             8   0.781250



          count        pct
Actin_BR                  
1           480  46.875000
010         230  22.460938
010000      198  19.335938
011          76   7.421875
0            40   3.906250



           count        pct
Actin_ST                   
0            583  56.933594
010          230  22.460938
110001       141  13.769531
110011        57   5.566406
1              8   0.781250
001110000      3   0.292969
01             2   0.195312



        count        pct
Arp2_3                  
1         480  46.875000
100       230  22.460938
100000    198  19.335938
110        76   7.421875
0          40   3.906250



        count        pct
CP                      
1         480  46.875000
010       230  22.460938
010000    198  19.335938
011        76   7.421875
0          40   3.906250



       count        pct
Cdc42                  
0        527  51.464844
1        497  48.535156



         count        pct
Cofilin                  
1          514  50.195312
0          337  32.910156
011         88   8.593750
010000      52   5.078125
01          31   3.027344
010          2   0.195312



         count        pct
Coronin                  
1          638  62.304688
0          379  37.011719
10           7   0.683594



           count        pct
Cortactin                  
1            480  46.875000
001          230  22.460938
000001       198  19.335938
101           76   7.421875
0             37   3.613281
001111000      3   0.292969



           count        pct
Dia1                       
0            585  57.128906
100          230  22.460938
100111       198  19.335938
1              8   0.781250
111100000      3   0.292969



           count        pct
Dia2                       
1            505  49.316406
100          230  22.460938
100111       198  19.335938
0             88   8.593750
111100000      3   0.292969



          count    pct
Ena_Vasp              
0          1024  100.0



              count    pct
IRSp53_Cdc42              
0              1024  100.0



             count        pct
IRSp53_Rac1                  
1              480  46.875000
001            230  22.460938
000001         198  19.335938
101             76   7.421875
0               37   3.613281
001111000        3   0.292969



        count        pct
LIMK                    
0         638  62.304688
111011    198  19.335938
1         181  17.675781
01          7   0.683594



           count        pct
NET1                       
0            509  49.707031
011          230  22.460938
011111       198  19.335938
001           76   7.421875
1              8   0.781250
111000011      3   0.292969



           count        pct
PAK                        
1            509  49.707031
001          230  22.460938
000001       198  19.335938
101           76   7.421875
0              8   0.781250
001111000      3   0.292969



      count        pct
PIP2                  
1       549  53.613281
0       475  46.386719



        count        pct
PKD                     
0         663  64.746094
110011    198  19.335938
010       155  15.136719
1           8   0.781250



           count        pct
Profilin                   
1            691  67.480469
110011       119  11.621094
110          103  10.058594
110111        79   7.714844
0             27   2.636719
011111110      3   0.292969
10             2   0.195312



        count        pct
ROCK                    
0         663  64.746094
100111    198  19.335938
100       155  15.136719
1           8   0.781250



           count        pct
ROS                        
1            480  46.875000
001          230  22.460938
000001       198  19.335938
101           76   7.421875
0             37   3.613281
001111000      3   0.292969



           count        pct
Rac1                       
1            480  46.875000
010          230  22.460938
000010       198  19.335938
011           76   7.421875
0             37   3.613281
011110000      3   0.292969



           count        pct
RhoA                       
0            585  57.128906
001          230  22.460938
001111       198  19.335938
1              8   0.781250
111000001      3   0.292969



     count        pct
SSH                  
1      638  62.304688
0      379  37.011719
01       7   0.683594



          count        pct
Thymosin                  
0           694  67.773438
1           165  16.113281
01          165  16.113281



        count        pct
WASP                    
1         656  64.062500
0         165  16.113281
10         79   7.714844
000101     52   5.078125
110        38   3.710938
01         34   3.320312



           count        pct
WAVE                       
1            556  54.296875
101          230  22.460938
100001       198  19.335938
0             37   3.613281
001111100      3   0.292969



