                                         count        pct
cycle_Actin_BR_norm cycle_Actin_ST_norm                  
1                   1                      253  24.707031
0                   0                      249  24.316406
1                   1101                   156  15.234375
01                  0                      107  10.449219
1110                1101                    37   3.613281
1001                0110                    34   3.320312
1110                0110                    34   3.320312
01                  10                      24   2.343750
1001                1000                    22   2.148438
01                  1000                    22   2.148438
110                 1                       22   2.148438
1110                1                       16   1.562500
110                 110                     14   1.367188
1001                0                       12   1.171875
0001                0                        8   0.781250
01                  01                       5   0.488281
0001                0110                     4   0.390625
1                   01                       4   0.390625
                    0                        1   0.097656



