          count        pct
ARHGAP22                  
0           586  57.226562
1           438  42.773438



          count        pct
Actin_BR                  
0           462  45.117188
1           397  38.769531
011         165  16.113281



           count        pct
Actin_ST                   
1            682  66.601562
0            206  20.117188
010          112  10.937500
111100000     23   2.246094
011            1   0.097656



        count        pct
Arp2_3                  
0         462  45.117188
1         397  38.769531
110       165  16.113281



     count        pct
CP                   
0      706  68.945312
1      156  15.234375
011    112  10.937500
01      50   4.882812



       count    pct
Cdc42              
0       1024  100.0



         count        pct
Cofilin                  
1          459  44.824219
0          334  32.617188
01         178  17.382812
011         53   5.175781



         count        pct
Coronin                  
1          586  57.226562
01         373  36.425781
0           65   6.347656



           count        pct
Cortactin                  
0            438  42.773438
1            397  38.769531
101          166  16.210938
111110000     23   2.246094



           count        pct
Dia1                       
1            438  42.773438
0            397  38.769531
010          112  10.937500
110           54   5.273438
111000011     23   2.246094



           count        pct
Dia2                       
1            438  42.773438
0            397  38.769531
110          166  16.210938
111000011     23   2.246094



          count        pct
Ena_Vasp                  
1           584  57.031250
0           279  27.246094
10          161  15.722656



              count    pct
IRSp53_Cdc42              
0              1024  100.0



             count        pct
IRSp53_Rac1                  
0              438  42.773438
1              397  38.769531
101            166  16.210938
111110000       23   2.246094



      count        pct
LIMK                  
0       586  57.226562
10      373  36.425781
1        65   6.347656



           count        pct
NET1                       
1            438  42.773438
0            397  38.769531
001          166  16.210938
100000111     23   2.246094



           count        pct
PAK                        
0            438  42.773438
1            397  38.769531
101          166  16.210938
111110000     23   2.246094



      count        pct
PIP2                  
1       526  51.367188
0       498  48.632812



     count    pct
PKD              
0     1024  100.0



           count        pct
Profilin                   
1           1001  97.753906
111111101     23   2.246094



      count        pct
ROCK                  
0       586  57.226562
1       438  42.773438



           count        pct
ROS                        
0            438  42.773438
1            397  38.769531
101          166  16.210938
111110000     23   2.246094



           count        pct
Rac1                       
0            438  42.773438
1            397  38.769531
011          166  16.210938
111100001     23   2.246094



           count        pct
RhoA                       
1            438  42.773438
0            397  38.769531
101          166  16.210938
110000111     23   2.246094



     count        pct
SSH                  
1      586  57.226562
10     373  36.425781
0       65   6.347656



          count        pct
Thymosin                  
0           584  57.031250
01          289  28.222656
1           151  14.746094



      count        pct
WASP                  
1       584  57.031250
0       279  27.246094
01      161  15.722656



           count        pct
WAVE                       
1            563  54.980469
0            438  42.773438
111111000     23   2.246094



