                   count        pct
Actin_BR Actin_ST                  
1        1           479  46.777344
100      100         113  11.035156
0        0           101   9.863281
010      110          61   5.957031
         010          56   5.468750
000010   111000       37   3.613281
011      110          31   3.027344
000010   011110       29   2.832031
010      0            27   2.636719
1        0            24   2.343750
101      010110       17   1.660156
         011          15   1.464844
011      010          14   1.367188
000010   000010       11   1.074219
0        1             6   0.585938
011      0             3   0.292969



               count        pct
Rac1   RhoA                    
1      0         503  49.121094
010    001       135  13.183594
100    010       113  11.035156
0      1          91   8.886719
010000 111001     77   7.519531
011    0          48   4.687500
101    0          32   3.125000
0      0          16   1.562500
010    0           9   0.878906



