                   count        pct
Actin_BR Actin_ST                  
1        1           249  24.316406
         0           222  21.679688
0        0           142  13.867188
001      001         139  13.574219
         1           118  11.523438
0        01           55   5.371094
101      001          43   4.199219
0        1            30   2.929688
101      1            26   2.539062



           count        pct
Rac1 RhoA                  
1    0       471  45.996094
001  0       257  25.097656
0    0       227  22.167969
101  0        69   6.738281



