                                         count        pct
cycle_Actin_BR_norm cycle_Actin_ST_norm                  
0                   1                      394  38.476562
                    0                      264  25.781250
                    0111                   216  21.093750
                    0100                    37   3.613281
                    10                      33   3.222656
                    10011                   29   2.832031
                    111110                  16   1.562500
                    0110                    15   1.464844
                    10111                   14   1.367188
                    011000                   4   0.390625
                    00001                    2   0.195312



