                     count        pct
cycle_Actin_BR_norm                  
0                      431  42.089844
1                      361  35.253906
01                      72   7.031250
1001                    65   6.347656
1011                    62   6.054688
0001                    33   3.222656



                     count        pct
cycle_Actin_ST_norm                  
0                      410  40.039062
1                      336  32.812500
1101                   117  11.425781
01                      83   8.105469
0001                    75   7.324219
1001                     3   0.292969



                   count        pct
cycle_Arp2_3_norm                  
0                    431  42.089844
1                    361  35.253906
10                    72   7.031250
0011                  65   6.347656
0111                  62   6.054688
0010                  33   3.222656



               count        pct
cycle_CP_norm                  
0                524  51.171875
1                500  48.828125



                  count        pct
cycle_Cdc42_norm                  
0                   523  51.074219
1                   501  48.925781



                    count        pct
cycle_Cofilin_norm                  
0                     776  75.781250
1                     114  11.132812
01                     57   5.566406
1011                   40   3.906250
1000                   37   3.613281



                    count    pct
cycle_Coronin_norm              
0                    1024  100.0



                      count        pct
cycle_Cortactin_norm                  
0                       556  54.296875
0110                    178  17.382812
0001                    174  16.992188
0111                     60   5.859375
10                       35   3.417969
1                        21   2.050781



                 count        pct
cycle_Dia1_norm                  
0                  504  49.218750
1                  275  26.855469
1101                90   8.789062
1100                85   8.300781
1000                41   4.003906
10                  29   2.832031



                 count    pct
cycle_Dia2_norm              
0                 1024  100.0



                     count    pct
cycle_Ena_Vasp_norm              
1                     1024  100.0



                   count        pct
cycle_IRSp53_norm                  
1                    513  50.097656
0                    511  49.902344



                 count        pct
cycle_LIMK_norm                  
1                  765  74.707031
1101               178  17.382812
1100                60   5.859375
0                   21   2.050781



                count    pct
cycle_PAK_norm              
1                1024  100.0



                 count        pct
cycle_PIP2_norm                  
1                  524  51.171875
0                  500  48.828125



                count        pct
cycle_PKD_norm                  
1                 556  54.296875
0110              178  17.382812
1011              174  16.992188
0010               60   5.859375
01                 35   3.417969
0                  21   2.050781



                     count        pct
cycle_Profilin_norm                  
1                      494  48.242188
0                      298  29.101562
1011                   144  14.062500
10                      50   4.882812
0010                    35   3.417969
0011                     3   0.292969



                 count        pct
cycle_ROCK_norm                  
1                  556  54.296875
1100               178  17.382812
0111               174  16.992188
0100                60   5.859375
10                  35   3.417969
0                   21   2.050781



                  count        pct
cycle_ROCK__norm                  
1                   556  54.296875
0110                178  17.382812
1011                174  16.992188
0010                 60   5.859375
01                   35   3.417969
0                    21   2.050781



                 count        pct
cycle_Rac1_norm                  
0                  556  54.296875
1100               178  17.382812
0010               174  16.992188
1110                60   5.859375
01                  35   3.417969
1                   21   2.050781



                 count        pct
cycle_RhoA_norm                  
1                  556  54.296875
1001               178  17.382812
1110               174  16.992188
1000                60   5.859375
01                  35   3.417969
0                   21   2.050781



                count        pct
cycle_SSH_norm                  
0                 765  74.707031
0100              178  17.382812
0110               60   5.859375
1                  21   2.050781



                     count        pct
cycle_Thymosin_norm                  
0                      359  35.058594
1                      341  33.300781
01                     324  31.640625



                 count        pct
cycle_WASP_norm                  
1                  359  35.058594
0                  341  33.300781
01                 324  31.640625



                 count        pct
cycle_WAVE_norm                  
0                  556  54.296875
0110               178  17.382812
0001               174  16.992188
0111                60   5.859375
10                  35   3.417969
1                   21   2.050781



