                       count        pct
Actin_BR   Actin_ST                    
0          1             253  24.707031
1          0             246  24.023438
           1             141  13.769531
01000      1111111101     61   5.957031
10000      1              44   4.296875
01010      1              39   3.808594
0101100011 1111111101     38   3.710938
110        1              35   3.417969
01111      1111111101     34   3.320312
10000      11110          32   3.125000
110        010            26   2.539062
01010      1101101110     23   2.246094
0100       01             14   1.367188
0111011110 1111111101     13   1.269531
010        010            10   0.976562
01010      11110           8   0.781250
           01010           4   0.390625
01         01              1   0.097656
0          11101111        1   0.097656
           00011100        1   0.097656



                   count        pct
Rac1     RhoA                      
0        1           340  33.203125
01000    11101       156  15.234375
1        0           124  12.109375
00010    01111        99   9.667969
01010    01101        92   8.984375
110      010          61   5.957031
10010    01011        57   5.566406
01100    11100        39   3.808594
10011    00011        31   3.027344
00011    00111        13   1.269531
010      011          10   0.976562
00111100 11110000      2   0.195312



