          count        pct
ARHGAP22                  
0           352  34.375000
011110      316  30.859375
010         315  30.761719
100          32   3.125000
1             9   0.878906



          count        pct
Actin_BR                  
000010      316  30.859375
010         315  30.761719
001         183  17.871094
101         164  16.015625
1            37   3.613281
0             9   0.878906



          count        pct
Actin_ST                  
001         347  33.886719
001110      316  30.859375
010         315  30.761719
0            37   3.613281
1             9   0.878906



        count        pct
Arp2_3                  
000100    316  30.859375
100       315  30.761719
010       183  17.871094
011       164  16.015625
1          37   3.613281
0           9   0.878906



        count        pct
CP                      
000010    316  30.859375
010       315  30.761719
001       183  17.871094
101       164  16.015625
1          37   3.613281
0           9   0.878906



       count    pct
Cdc42              
0       1024  100.0



         count        pct
Cofilin                  
1          352  34.375000
0          343  33.496094
010000     315  30.761719
100         14   1.367188



         count     pct
Coronin               
0          672  65.625
1          352  34.375



           count        pct
Cortactin                  
001000       316  30.859375
001          315  30.761719
100          183  17.871094
110          164  16.015625
1             37   3.613281
0              9   0.878906



        count        pct
Dia1                    
111100    316  30.859375
100       315  30.761719
0         201  19.628906
010       183  17.871094
1           9   0.878906



        count        pct
Dia2                    
111100    316  30.859375
100       315  30.761719
0         201  19.628906
010       183  17.871094
1           9   0.878906



          count        pct
Ena_Vasp                  
001111      316  30.859375
101011      315  30.761719
1           224  21.875000
011         151  14.746094
010          18   1.757812



              count    pct
IRSp53_Cdc42              
0              1024  100.0



             count        pct
IRSp53_Rac1                  
001000         316  30.859375
001            315  30.761719
100            183  17.871094
110            164  16.015625
1               37   3.613281
0                9   0.878906



        count        pct
LIMK                    
1         356  34.765625
0         352  34.375000
011111    316  30.859375



        count        pct
NET1                    
111011    316  30.859375
011       315  30.761719
101       183  17.871094
100       164  16.015625
0          37   3.613281
1           9   0.878906



        count        pct
PAK                     
001000    316  30.859375
001       315  30.761719
100       183  17.871094
110       164  16.015625
1          37   3.613281
0           9   0.878906



      count    pct
PIP2              
0      1024  100.0



        count        pct
PKD                     
0         352  34.375000
011110    316  30.859375
010       315  30.761719
100        32   3.125000
1           9   0.878906



          count        pct
Profilin                  
011110      316  30.859375
110         315  30.761719
1           210  20.507812
011         183  17.871094



        count        pct
ROCK                    
0         352  34.375000
111100    316  30.859375
100       315  30.761719
001        32   3.125000
1           9   0.878906



        count        pct
ROS                     
001000    316  30.859375
001       315  30.761719
100       183  17.871094
110       164  16.015625
1          37   3.613281
0           9   0.878906



        count        pct
Rac1                    
010000    316  30.859375
010       315  30.761719
001       183  17.871094
101       164  16.015625
1          37   3.613281
0           9   0.878906



        count        pct
RhoA                    
111001    316  30.859375
001       315  30.761719
0         201  19.628906
100       183  17.871094
1           9   0.878906



     count     pct
SSH               
0      672  65.625
1      352  34.375



          count        pct
Thymosin                  
0           366  35.742188
1           343  33.496094
01          315  30.761719



        count        pct
WASP                    
0         343  33.496094
000101    315  30.761719
1         201  19.628906
110       165  16.113281



        count        pct
WAVE                    
001100    316  30.859375
101       315  30.761719
1         201  19.628906
110       183  17.871094
0           9   0.878906



