                   count        pct
Actin_BR Actin_ST                  
000010   001110      316  30.859375
010      010         315  30.761719
001      001         183  17.871094
101      001         164  16.015625
1        0            37   3.613281
0        1             9   0.878906



               count        pct
Rac1   RhoA                    
010000 111001    316  30.859375
010    001       315  30.761719
001    100       183  17.871094
101    0         164  16.015625
1      0          37   3.613281
0      1           9   0.878906



