                   count        pct
Actin_BR Actin_ST                  
0        1           444  43.359375
1        1           294  28.710938
         0           243  23.730469
101      010          22   2.148438
         1            21   2.050781



             count        pct
Rac1  RhoA                   
0     1        506  49.414062
1     0        158  15.429688
01000 11101    156  15.234375
01010 01101     88   8.593750
101   110       43   4.199219
01110 01100     37   3.613281
11000 11001     36   3.515625



