                       count        pct
Actin_BR   Actin_ST                    
0          1            1002  48.925781
1          1             571  27.880859
1011000110 11110          99   4.833984
           1111111011     80   3.906250
0          0              73   3.564453
11011      11110          67   3.271484
           1111111011     41   2.001953
1110011101 11110          28   1.367188
01011      01101          23   1.123047
1110011101 1111111011     19   0.927734
00100      00110          18   0.878906
           11110          14   0.683594
10100      11110          11   0.537109
11011      00110           2   0.097656



             count        pct
Rac1  RhoA                   
0     1       1117  54.541016
00010 01111    189   9.228516
00001 10111    179   8.740234
01010 01101    166   8.105469
10100 11010     95   4.638672
00011 00111     79   3.857422
10101 10010     74   3.613281
00110 01110     47   2.294922
00111 00110     40   1.953125
11110 01000     37   1.806641
11100 11000     13   0.634766
01111 00100      8   0.390625
1     0          4   0.195312



