          count    pct
ARHGAP22              
0          1024  100.0



          count        pct
Actin_BR                  
110         542  52.929688
1           428  41.796875
0            54   5.273438



           count        pct
Actin_ST                   
100          406  39.648438
0            283  27.636719
1            281  27.441406
000001111     40   3.906250
011           14   1.367188



        count        pct
Arp2_3                  
101       542  52.929688
1         428  41.796875
0          54   5.273438



     count        pct
CP                   
110    406  39.648438
0      335  32.714844
01     164  16.015625
1      119  11.621094



       count    pct
Cdc42              
0       1024  100.0



         count        pct
Cofilin                  
1          670  65.429688
10         164  16.015625
011        136  13.281250
0           54   5.273438



         count    pct
Coronin              
1         1024  100.0



           count        pct
Cortactin                  
011          556  54.296875
1            428  41.796875
100001111     40   3.906250



           count        pct
Dia1                       
0            428  41.796875
100          406  39.648438
110          150  14.648438
000111110     40   3.906250



           count        pct
Dia2                       
101          556  54.296875
0            428  41.796875
000111110     40   3.906250



          count        pct
Ena_Vasp                  
1           806  78.710938
01          164  16.015625
0            54   5.273438



              count    pct
IRSp53_Cdc42              
0              1024  100.0



             count        pct
IRSp53_Rac1                  
011            556  54.296875
1              428  41.796875
100001111       40   3.906250



      count    pct
LIMK              
0      1024  100.0



           count        pct
NET1                       
010          556  54.296875
0            428  41.796875
001111000     40   3.906250



           count        pct
PAK                        
011          556  54.296875
1            428  41.796875
100001111     40   3.906250



      count        pct
PIP2                  
0       525  51.269531
1       499  48.730469



     count    pct
PKD              
0     1024  100.0



           count       pct
Profilin                  
1            984  96.09375
111011111     40   3.90625



      count    pct
ROCK              
0      1024  100.0



           count        pct
ROS                        
011          556  54.296875
1            428  41.796875
100001111     40   3.906250



           count        pct
Rac1                       
110          556  54.296875
1            428  41.796875
000011111     40   3.906250



           count        pct
RhoA                       
011          556  54.296875
0            428  41.796875
001111100     40   3.906250



     count    pct
SSH              
1     1024  100.0



          count        pct
Thymosin                  
0           806  78.710938
10          164  16.015625
1            54   5.273438



      count        pct
WASP                  
1       806  78.710938
10      164  16.015625
0        54   5.273438



           count       pct
WAVE                      
1            984  96.09375
110001111     40   3.90625



