          count        pct
ARHGAP22                  
1           770  75.195312
10111        93   9.082031
10101        55   5.371094
00101        28   2.734375
00111        25   2.441406
10100        15   1.464844
01100        12   1.171875
01000        11   1.074219
00100        11   1.074219
0             4   0.390625



          count        pct
Actin_BR                  
0           566  55.273438
1           278  27.148438
0100        118  11.523438
01           62   6.054688



          count        pct
Actin_ST                  
1           566  55.273438
0           278  27.148438
01          180  17.578125



        count        pct
Arp2_3                  
0         566  55.273438
1         278  27.148438
1000      118  11.523438
10         62   6.054688



      count        pct
CP                    
0       566  55.273438
1       278  27.148438
0100    118  11.523438
01       62   6.054688



       count        pct
Cdc42                  
1        514  50.195312
0        510  49.804688



            count        pct
Cofilin                     
0             570  55.664062
0100          118  11.523438
11110          93   9.082031
01             62   6.054688
10110          55   5.371094
10100          28   2.734375
11100          25   2.441406
1              24   2.343750
0001010000     15   1.464844
10001          12   1.171875
00001          11   1.074219
0000010000     11   1.074219



         count    pct
Coronin              
0         1024  100.0



           count        pct
Cortactin                  
0            770  75.195312
00010         93   9.082031
10010         55   5.371094
10110         28   2.734375
00110         25   2.441406
11010         15   1.464844
11100         12   1.171875
11110         11   1.074219
11101         11   1.074219
1              4   0.390625



      count        pct
Dia1                  
1       566  55.273438
0       278  27.148438
1101    118  11.523438
01       62   6.054688



      count        pct
Dia2                  
1      1022  99.804688
0         2   0.195312



          count    pct
Ena_Vasp              
1          1024  100.0



              count        pct
IRSp53_Cdc42                  
1               514  50.195312
0               510  49.804688



             count        pct
IRSp53_Rac1                  
0              770  75.195312
00010           93   9.082031
10010           55   5.371094
10110           28   2.734375
00110           25   2.441406
11010           15   1.464844
11100           12   1.171875
11110           11   1.074219
11101           11   1.074219
1                4   0.390625



      count    pct
LIMK              
1      1024  100.0



      count        pct
NET1                  
0       516  50.390625
1       508  49.609375



     count        pct
PAK                  
1      516  50.390625
0      508  49.609375



      count    pct
PIP2              
0      1024  100.0



       count        pct
PKD                    
1        770  75.195312
10111     93   9.082031
10101     55   5.371094
00101     28   2.734375
00111     25   2.441406
10100     15   1.464844
01100     12   1.171875
01000     11   1.074219
00100     11   1.074219
0          4   0.390625



          count        pct
Profilin                  
1           844  82.421875
1110        118  11.523438
10           62   6.054688



       count        pct
ROCK                   
1        770  75.195312
01111     93   9.082031
01011     55   5.371094
01010     28   2.734375
01110     25   2.441406
01001     15   1.464844
11000     12   1.171875
10000     11   1.074219
01000     11   1.074219
0          4   0.390625



       count        pct
ROS                    
0        770  75.195312
00010     93   9.082031
10010     55   5.371094
10110     28   2.734375
00110     25   2.441406
11010     15   1.464844
11100     12   1.171875
11110     11   1.074219
11101     11   1.074219
1          4   0.390625



       count        pct
Rac1                   
0        770  75.195312
00100     93   9.082031
00101     55   5.371094
01101     28   2.734375
01100     25   2.441406
10101     15   1.464844
11001     12   1.171875
11101     11   1.074219
11011     11   1.074219
1          4   0.390625



       count        pct
RhoA                   
1        770  75.195312
11110     93   9.082031
10110     55   5.371094
10100     28   2.734375
11100     25   2.441406
10010     15   1.464844
10001     12   1.171875
10000     11   1.074219
00001     11   1.074219
0          4   0.390625



     count    pct
SSH              
0     1024  100.0



          count        pct
Thymosin                  
1           561  54.785156
0           252  24.609375
01          211  20.605469



      count        pct
WASP                  
0       561  54.785156
1       252  24.609375
01      211  20.605469



       count        pct
WAVE                   
0        770  75.195312
00011     93   9.082031
1         69   6.738281
11011     67   6.542969
00111     25   2.441406



