          count        pct
ARHGAP22                  
1           971  47.412109
11110       483  23.583984
01101       335  16.357422
0           232  11.328125
001          26   1.269531
              1   0.048828



          count        pct
Actin_BR                  
0           986  48.144531
00010       483  23.583984
01010       181   8.837891
10101       154   7.519531
110         136   6.640625
1            61   2.978516
001          28   1.367188
010          18   0.878906
              1   0.048828



           count        pct
Actin_ST                   
1            635  31.005859
0            485  23.681641
01111        419  20.458984
00011        245  11.962891
10110        154   7.519531
101           81   3.955078
100001111     28   1.367188
               1   0.048828



        count        pct
Arp2_3                  
0         986  48.144531
00100     483  23.583984
10100     181   8.837891
01011     154   7.519531
101       136   6.640625
1          61   2.978516
010        28   1.367188
100        18   0.878906
            1   0.048828



    count        pct
CP                  
0    2047  99.951172
        1   0.048828



       count        pct
Cdc42                  
1       1050  51.269531
0        997  48.681641
           1   0.048828



           count        pct
Cofilin                    
0           1808  88.281250
1            135   6.591797
101           69   3.369141
001001000     28   1.367188
010            7   0.341797
               1   0.048828



         count        pct
Coronin                  
0         1789  87.353516
1          232  11.328125
101         26   1.269531
             1   0.048828



           count        pct
Cortactin                  
0            971  47.412109
01000        483  23.583984
10100        335  16.357422
011          143   6.982422
1             61   2.978516
100101111     28   1.367188
001           26   1.269531
               1   0.048828



           count        pct
Dia1                       
1            971  47.412109
11101        483  23.583984
11010        335  16.357422
001          115   5.615234
0             61   2.978516
110           54   2.636719
000111110     28   1.367188
               1   0.048828



           count        pct
Dia2                       
1           1086  53.027344
11110        818  39.941406
011          115   5.615234
100111111     28   1.367188
               1   0.048828



          count        pct
Ena_Vasp                  
1          1927  94.091797
0            94   4.589844
100          26   1.269531
              1   0.048828



              count        pct
IRSp53_Cdc42                  
1              1050  51.269531
0               997  48.681641
                  1   0.048828



             count        pct
IRSp53_Rac1                  
0              971  47.412109
01000          483  23.583984
10100          335  16.357422
101            169   8.251953
1               61   2.978516
100101111       28   1.367188
                 1   0.048828



      count        pct
LIMK                  
1      1789  87.353516
0       232  11.328125
010      26   1.269531
          1   0.048828



           count        pct
NET1                       
0           1088  53.125000
1            877  42.822266
001           54   2.636719
001101000     28   1.367188
               1   0.048828



           count        pct
PAK                        
1           1088  53.125000
0            877  42.822266
101           54   2.636719
100101111     28   1.367188
               1   0.048828



      count        pct
PIP2                  
0      1048  51.171875
1       999  48.779297
          1   0.048828



       count        pct
PKD                    
1        971  47.412109
11110    483  23.583984
01101    335  16.357422
0        232  11.328125
001       26   1.269531
           1   0.048828



           count        pct
Profilin                   
1            635  31.005859
0            485  23.681641
11110        419  20.458984
00110        245  11.962891
01101        154   7.519531
011           81   3.955078
000011111     28   1.367188
               1   0.048828



       count        pct
ROCK                   
1        971  47.412109
11101    483  23.583984
11010    335  16.357422
0        232  11.328125
010       26   1.269531
           1   0.048828



           count        pct
ROS                        
0            971  47.412109
01000        483  23.583984
10100        335  16.357422
101          169   8.251953
1             61   2.978516
100101111     28   1.367188
               1   0.048828



           count        pct
Rac1                       
0            971  47.412109
10000        483  23.583984
01001        335  16.357422
011          169   8.251953
1             61   2.978516
001011111     28   1.367188
               1   0.048828



           count        pct
RhoA                       
1            971  47.412109
11011        483  23.583984
10101        335  16.357422
010          115   5.615234
0             61   2.978516
101           54   2.636719
001111100     28   1.367188
               1   0.048828



     count        pct
SSH                  
0     1789  87.353516
1      232  11.328125
011     26   1.269531
         1   0.048828



           count        pct
Thymosin                   
1           1808  88.281250
0            135   6.591797
001           69   3.369141
111011011     28   1.367188
110            7   0.341797
               1   0.048828



      count        pct
WASP                  
0      2047  99.951172
          1   0.048828



           count        pct
WAVE                       
0            971  47.412109
01100        483  23.583984
11110        335  16.357422
1            230  11.230469
110111111     28   1.367188
               1   0.048828



