          count    pct
ARHGAP22              
0          1024  100.0



          count        pct
Actin_BR                  
001         453  44.238281
110         325  31.738281
1           147  14.355469
0            99   9.667969



          count        pct
Actin_ST                  
1           550  53.710938
001         245  23.925781
101         127  12.402344
0           102   9.960938



        count        pct
Arp2_3                  
010       453  44.238281
101       325  31.738281
1         147  14.355469
0          99   9.667969



    count        pct
CP                  
1     501  48.925781
0     463  45.214844
01     60   5.859375



       count    pct
Cdc42              
0       1024  100.0



         count        pct
Cofilin                  
1          459  44.824219
110        406  39.648438
10          92   8.984375
0           67   6.542969



         count     pct
Coronin               
1          928  90.625
0           64   6.250
10          32   3.125



           count        pct
Cortactin                  
100          453  44.238281
011          325  31.738281
1            147  14.355469
0             99   9.667969



      count      pct
Dia1                
0       816  79.6875
001     208  20.3125



      count        pct
Dia2                  
110     778  75.976562
1       246  24.023438



          count        pct
Ena_Vasp                  
1           617  60.253906
011         245  23.925781
0           102   9.960938
01           60   5.859375



              count    pct
IRSp53_Cdc42              
0              1024  100.0



             count        pct
IRSp53_Rac1                  
100            453  44.238281
011            325  31.738281
1              147  14.355469
0               99   9.667969



      count    pct
LIMK              
0      1024  100.0



      count        pct
NET1                  
101     453  44.238281
010     325  31.738281
0       147  14.355469
1        99   9.667969



     count        pct
PAK                  
100    453  44.238281
011    325  31.738281
1      147  14.355469
0       99   9.667969



      count        pct
PIP2                  
1       526  51.367188
0       498  48.632812



     count    pct
PKD              
0     1024  100.0



          count        pct
Profilin                  
1           677  66.113281
011         245  23.925781
0           102   9.960938



      count    pct
ROCK              
0      1024  100.0



     count        pct
ROS                  
100    453  44.238281
011    325  31.738281
1      147  14.355469
0       99   9.667969



      count        pct
Rac1                  
001     453  44.238281
110     325  31.738281
1       147  14.355469
0        99   9.667969



      count        pct
RhoA                  
0       472  46.093750
100     453  44.238281
1        99   9.667969



     count     pct
SSH               
1      928  90.625
0       64   6.250
01      32   3.125



          count        pct
Thymosin                  
0           865  84.472656
10           92   8.984375
1            67   6.542969



      count        pct
WASP                  
1       617  60.253906
110     245  23.925781
0       102   9.960938
10       60   5.859375



      count        pct
WAVE                  
1       472  46.093750
110     453  44.238281
0        99   9.667969



