                   count        pct
Actin_BR Actin_ST                  
1        0           232  22.656250
         1           210  20.507812
0        0           177  17.285156
010      010         114  11.132812
0        01           65   6.347656
010      1            64   6.250000
0        1            44   4.296875
011      010          36   3.515625
010      110010       34   3.320312
011      1            25   2.441406
1        01           23   2.246094



           count        pct
Rac1 RhoA                  
1    0       465  45.410156
0    1       252  24.609375
010  001     212  20.703125
011  0        61   5.957031
0    0        34   3.320312



