          count        pct
ARHGAP22                  
1           713  69.628906
11110       137  13.378906
0           133  12.988281
11010        32   3.125000
010           8   0.781250
              1   0.097656



          count        pct
Actin_BR                  
0           744  72.656250
00010       137  13.378906
011          69   6.738281
01010        32   3.125000
100          29   2.832031
1            12   1.171875
              1   0.097656



           count        pct
Actin_ST                   
1            713  69.628906
01111        137  13.378906
100           98   9.570312
01011         32   3.125000
000001111     14   1.367188
0             12   1.171875
11101111       9   0.878906
101            8   0.781250
               1   0.097656



        count        pct
Arp2_3                  
0         744  72.656250
00100     137  13.378906
110        69   6.738281
10100      32   3.125000
001        29   2.832031
1          12   1.171875
            1   0.097656



       count        pct
CP                     
0        881  86.035156
011       69   6.738281
01000     32   3.125000
100       29   2.832031
1         12   1.171875
           1   0.097656



       count        pct
Cdc42                  
0        513  50.097656
1        510  49.804688
           1   0.097656



         count        pct
Cofilin                  
0          913  89.160156
1           79   7.714844
100         21   2.050781
101         10   0.976562
             1   0.097656



         count        pct
Coronin                  
0          882  86.132812
1          133  12.988281
011          8   0.781250
             1   0.097656



           count        pct
Cortactin                  
0            713  69.628906
01000        137  13.378906
101           71   6.933594
010           35   3.417969
01001         32   3.125000
100001111     14   1.367188
1             12   1.171875
00001111       9   0.878906
               1   0.097656



           count        pct
Dia1                       
1            713  69.628906
11101        137  13.378906
001           58   5.664062
0             50   4.882812
10001         32   3.125000
000111110     14   1.367188
101           10   0.976562
00111100       9   0.878906
               1   0.097656



           count        pct
Dia2                       
1            959  93.652344
110           41   4.003906
000111110     14   1.367188
0              9   0.878906
               1   0.097656



          count        pct
Ena_Vasp                  
1           713  69.628906
01111       137  13.378906
0           133  12.988281
01101        32   3.125000
001           8   0.781250
              1   0.097656



              count        pct
IRSp53_Cdc42                  
0              1023  99.902344
                  1   0.097656



             count        pct
IRSp53_Rac1                  
0              713  69.628906
01000          137  13.378906
101             79   7.714844
01001           32   3.125000
010             27   2.636719
100001111       14   1.367188
1               12   1.171875
00001111         9   0.878906
                 1   0.097656



      count        pct
LIMK                  
1       882  86.132812
0       133  12.988281
100       8   0.781250
          1   0.097656



           count        pct
NET1                       
0            519  50.683594
1            449  43.847656
001           41   4.003906
001111000     14   1.367188
               1   0.097656



           count        pct
PAK                        
1            519  50.683594
0            449  43.847656
101           41   4.003906
100001111     14   1.367188
               1   0.097656



      count        pct
PIP2                  
0       543  53.027344
1       480  46.875000
          1   0.097656



       count        pct
PKD                    
1        713  69.628906
11110    137  13.378906
0        133  12.988281
11010     32   3.125000
010        8   0.781250
           1   0.097656



           count        pct
Profilin                   
1            804  78.515625
11110        169  16.503906
101           27   2.636719
111011111     14   1.367188
11011111       9   0.878906
               1   0.097656



       count        pct
ROCK                   
1        713  69.628906
11101    137  13.378906
0        133  12.988281
10101     32   3.125000
100        8   0.781250
           1   0.097656



           count        pct
ROS                        
0            713  69.628906
01000        137  13.378906
101           79   7.714844
01001         32   3.125000
010           27   2.636719
100001111     14   1.367188
1             12   1.171875
00001111       9   0.878906
               1   0.097656



           count        pct
Rac1                       
0            713  69.628906
10000        137  13.378906
011           79   7.714844
10010         32   3.125000
100           27   2.636719
000011111     14   1.367188
1             12   1.171875
00011110       9   0.878906
               1   0.097656



           count        pct
RhoA                       
1            713  69.628906
11011        137  13.378906
110           68   6.640625
010           38   3.710938
01011         32   3.125000
001111100     14   1.367188
0             12   1.171875
01111000       9   0.878906
               1   0.097656



     count        pct
SSH                  
0      882  86.132812
1      133  12.988281
110      8   0.781250
         1   0.097656



          count        pct
Thymosin                  
1           913  89.160156
0            79   7.714844
101          21   2.050781
001          10   0.976562
              1   0.097656



      count        pct
WASP                  
0      1023  99.902344
          1   0.097656



           count        pct
WAVE                       
0            713  69.628906
01100        137  13.378906
1             91   8.886719
11101         32   3.125000
011           27   2.636719
110001111     14   1.367188
10001111       9   0.878906
               1   0.097656



