                   count        pct
Actin_BR Actin_ST                  
100      001         238  23.242188
         1           232  22.656250
0        0           197  19.238281
101      001         108  10.546875
0        01           91   8.886719
101      1            81   7.910156
0        1            52   5.078125
1        0            14   1.367188
         1            11   1.074219



           count        pct
Rac1 RhoA                  
100  0       470  45.898438
0    0       340  33.203125
101  0       189  18.457031
1    0        25   2.441406



