          count        pct
ARHGAP22                  
0           340  33.203125
010         338  33.007812
001111      338  33.007812
1             8   0.781250



          count        pct
Actin_BR                  
001         349  34.082031
000001      338  33.007812
101         155  15.136719
100         130  12.695312
0            32   3.125000
1            20   1.953125



           count        pct
Actin_ST                   
001          283  27.636719
1            203  19.824219
000111       164  16.015625
101100       130  12.695312
011111        94   9.179688
001000        82   8.007812
110011        32   3.125000
000001110     24   2.343750
0             12   1.171875



        count        pct
Arp2_3                  
010       349  34.082031
000010    338  33.007812
011       155  15.136719
001       130  12.695312
0          32   3.125000
1          20   1.953125



        count        pct
CP                      
0         353  34.472656
000001    294  28.710938
001       253  24.707031
101        77   7.519531
001010     35   3.417969
1           9   0.878906
10          3   0.292969



       count    pct
Cdc42              
0       1024  100.0



         count    pct
Cofilin              
0         1024  100.0



         count        pct
Coronin                  
0          684  66.796875
1          340  33.203125



           count        pct
Cortactin                  
100          349  34.082031
000100       338  33.007812
110          155  15.136719
010          130  12.695312
000001111     24   2.343750
1             20   1.953125
0              8   0.781250



           count        pct
Dia1                       
010          349  34.082031
011110       338  33.007812
0            175  17.089844
001          130  12.695312
000111100     24   2.343750
1              8   0.781250



           count        pct
Dia2                       
010          349  34.082031
011110       338  33.007812
0            175  17.089844
001          130  12.695312
000111100     24   2.343750
1              8   0.781250



          count        pct
Ena_Vasp                  
1           239  23.339844
100111      196  19.140625
001         176  17.187500
01          131  12.792969
0           101   9.863281
101111       94   9.179688
101011       87   8.496094



              count    pct
IRSp53_Cdc42              
0              1024  100.0



             count        pct
IRSp53_Rac1                  
100            349  34.082031
000100         338  33.007812
110            155  15.136719
010            130  12.695312
000001111       24   2.343750
1               20   1.953125
0                8   0.781250



        count        pct
LIMK                    
1         346  33.789062
0         340  33.203125
101111    338  33.007812



           count        pct
NET1                       
101          349  34.082031
111101       338  33.007812
100          155  15.136719
110          130  12.695312
011111000     24   2.343750
0             20   1.953125
1              8   0.781250



           count        pct
PAK                        
100          349  34.082031
000100       338  33.007812
110          155  15.136719
010          130  12.695312
000001111     24   2.343750
1             20   1.953125
0              8   0.781250



      count        pct
PIP2                  
1       522  50.976562
0       502  49.023438



        count        pct
PKD                     
0         340  33.203125
010       338  33.007812
001111    338  33.007812
1           8   0.781250



           count        pct
Profilin                   
1            327  31.933594
011          253  24.707031
111110       224  21.875000
001111       196  19.140625
110011111     24   2.343750



        count        pct
ROCK                    
0         340  33.203125
100       338  33.007812
011110    338  33.007812
1           8   0.781250



           count        pct
ROS                        
100          349  34.082031
000100       338  33.007812
110          155  15.136719
010          130  12.695312
000001111     24   2.343750
1             20   1.953125
0              8   0.781250



           count        pct
Rac1                       
001          349  34.082031
001000       338  33.007812
101          155  15.136719
100          130  12.695312
000011110     24   2.343750
1             20   1.953125
0              8   0.781250



           count        pct
RhoA                       
100          349  34.082031
111100       338  33.007812
0            175  17.089844
010          130  12.695312
001111000     24   2.343750
1              8   0.781250



     count        pct
SSH                  
0      684  66.796875
1      340  33.203125



          count        pct
Thymosin                  
1           479  46.777344
10          314  30.664062
0           231  22.558594



      count        pct
WASP                  
0       479  46.777344
10      314  30.664062
1       231  22.558594



           count        pct
WAVE                       
110          349  34.082031
000110       338  33.007812
1            175  17.089844
011          130  12.695312
100001111     24   2.343750
0              8   0.781250



