                    count        pct
Actin_BR Actin_ST                   
001      001          253  24.707031
000001   000111       164  16.015625
100      101100       130  12.695312
001      1             96   9.375000
000001   011111        94   9.179688
101      001000        82   8.007812
000001   1             48   4.687500
101      1             43   4.199219
000001   110011        32   3.125000
101      001           30   2.929688
0        000001110     24   2.343750
1        0             12   1.171875
         1              8   0.781250
0        1              8   0.781250



                     count        pct
Rac1      RhoA                       
001       100          349  34.082031
001000    111100       338  33.007812
101       0            155  15.136719
100       010          130  12.695312
000011110 001111000     24   2.343750
1         0             20   1.953125
0         1              8   0.781250



