          count    pct
ARHGAP22              
0          2048  100.0



          count        pct
Actin_BR                  
1          1429  69.775391
110         256  12.500000
001         244  11.914062
0           119   5.810547



          count        pct
Actin_ST                  
1          1689  82.470703
101         244  11.914062
0           115   5.615234



        count        pct
Arp2_3                  
1        1429  69.775391
101       256  12.500000
010       244  11.914062
0         119   5.810547



    count        pct
CP                  
0    1046  51.074219
1    1002  48.925781



       count        pct
Cdc42                  
0       1028  50.195312
1       1020  49.804688



         count        pct
Cofilin                  
1         1803  88.037109
110        136   6.640625
0           70   3.417969
01          39   1.904297



         count        pct
Coronin                  
1         1939  94.677734
0           70   3.417969
01          39   1.904297



           count        pct
Cortactin                  
1           1429  69.775391
011          256  12.500000
100          244  11.914062
0            119   5.810547



      count        pct
Dia1                  
0      1912  93.359375
101     136   6.640625



      count    pct
Dia2              
1      2048  100.0



          count        pct
Ena_Vasp                  
1          1689  82.470703
011         244  11.914062
0           115   5.615234



              count        pct
IRSp53_Cdc42                  
0              1028  50.195312
1              1020  49.804688



             count        pct
IRSp53_Rac1                  
1             1429  69.775391
011            256  12.500000
100            244  11.914062
0              119   5.810547



      count    pct
LIMK              
0      2048  100.0



      count        pct
NET1                  
0      1433  69.970703
010     256  12.500000
101     244  11.914062
1       115   5.615234



     count        pct
PAK                  
1     1433  69.970703
011    256  12.500000
100    244  11.914062
0      115   5.615234



      count        pct
PIP2                  
1      1046  51.074219
0      1002  48.925781



     count    pct
PKD              
0     2048  100.0



          count        pct
Profilin                  
1          1689  82.470703
011         244  11.914062
0           115   5.615234



      count    pct
ROCK              
0      2048  100.0



     count        pct
ROS                  
1     1429  69.775391
011    256  12.500000
100    244  11.914062
0      119   5.810547



      count        pct
Rac1                  
1      1429  69.775391
110     256  12.500000
001     244  11.914062
0       119   5.810547



      count        pct
RhoA                  
0      1429  69.775391
1       363  17.724609
011     256  12.500000



     count        pct
SSH                  
1     1939  94.677734
0       70   3.417969
10      39   1.904297



          count    pct
Thymosin              
0          2048  100.0



      count        pct
WASP                  
1      1689  82.470703
110     244  11.914062
0       115   5.615234



      count        pct
WAVE                  
1      1685  82.275391
110     244  11.914062
0       119   5.810547



