                                         count        pct
cycle_Actin_BR_norm cycle_Actin_ST_norm                  
1                   1                      713  69.628906
010000              011110                  98   9.570312
101                 101111                  77   7.519531
010                 011000                  43   4.199219
                    011                     36   3.515625
01011               01000                   35   3.417969
011                 1                       16   1.562500
                    101111                   5   0.488281
1                   0                        1   0.097656



