                   count        pct
Actin_BR Actin_ST                  
1        0           267  26.074219
         1           245  23.925781
001      1           145  14.160156
         001         117  11.425781
000100   011100       88   8.593750
         1            80   7.812500
110      1            38   3.710938
         001          34   3.320312
0        1            10   0.976562



               count        pct
Rac1   RhoA                    
1      0         512  50.000000
001    100       262  25.585938
100000 110011    168  16.406250
110    0          72   7.031250
0      1           9   0.878906
       0           1   0.097656



