          count        pct
ARHGAP22                  
0           675  65.917969
100         159  15.527344
1           105  10.253906
011110       85   8.300781



          count        pct
Actin_BR                  
1           505  49.316406
100         228  22.265625
0           129  12.597656
000010       85   8.300781
011          77   7.519531



          count        pct
Actin_ST                  
0           456  44.531250
1           376  36.718750
010001       58   5.664062
110100       47   4.589844
001111       46   4.492188
10           23   2.246094
000011       14   1.367188
100           4   0.390625



        count        pct
Arp2_3                  
1         505  49.316406
001       228  22.265625
0         129  12.597656
000100     85   8.300781
110        77   7.519531



        count        pct
CP                      
1         500  48.828125
0         443  43.261719
100000     47   4.589844
01         22   2.148438
010        12   1.171875



       count        pct
Cdc42                  
1        513  50.097656
0        511  49.902344



         count        pct
Cofilin                  
1          552  53.906250
0          310  30.273438
101         77   7.519531
010000      58   5.664062
10          23   2.246094
100          4   0.390625



         count        pct
Coronin                  
1          657  64.160156
0          361  35.253906
01           6   0.585938



           count        pct
Cortactin                  
1            505  49.316406
010          228  22.265625
0            129  12.597656
001000        85   8.300781
101           77   7.519531



        count        pct
Dia1                    
0         804  78.515625
010        87   8.496094
111100     85   8.300781
001        47   4.589844
1           1   0.097656



      count    pct
Dia2              
0      1024  100.0



          count        pct
Ena_Vasp                  
1           764  74.609375
111010      105  10.253906
011111       46   4.492188
101          28   2.734375
0            27   2.636719
01           24   2.343750
001          16   1.562500
001111       14   1.367188



              count    pct
IRSp53_Cdc42              
0              1024  100.0



             count        pct
IRSp53_Rac1                  
1              505  49.316406
010            228  22.265625
0              129  12.597656
001000          85   8.300781
101             77   7.519531



        count        pct
LIMK                    
0         657  64.160156
1         276  26.953125
011111     85   8.300781
10          6   0.585938



        count        pct
NET1                    
0         524  51.171875
110       228  22.265625
1         110  10.742188
111011     85   8.300781
001        77   7.519531



        count        pct
PAK                     
1         524  51.171875
010       228  22.265625
0         110  10.742188
001000     85   8.300781
101        77   7.519531



      count        pct
PIP2                  
1       530  51.757812
0       494  48.242188



        count        pct
PKD                     
0         675  65.917969
100       159  15.527344
1         105  10.253906
011110     85   8.300781



          count        pct
Profilin                  
1           678  66.210938
101         141  13.769531
0           132  12.890625
011110       46   4.492188
000110       14   1.367188
010          12   1.171875
10            1   0.097656



        count        pct
ROCK                    
0         675  65.917969
001       159  15.527344
1         105  10.253906
111100     85   8.300781



        count        pct
ROS                     
1         505  49.316406
010       228  22.265625
0         129  12.597656
001000     85   8.300781
101        77   7.519531



        count        pct
Rac1                    
1         505  49.316406
100       228  22.265625
0         129  12.597656
010000     85   8.300781
011        77   7.519531



        count        pct
RhoA                    
0         601  58.691406
010       228  22.265625
1         110  10.742188
111001     85   8.300781



     count        pct
SSH                  
1      657  64.160156
0      361  35.253906
10       6   0.585938



          count        pct
Thymosin                  
0           693  67.675781
1           156  15.234375
01          151  14.746094
10           24   2.343750



        count        pct
WASP                    
1         656  64.062500
0         161  15.722656
01         93   9.082031
000101     58   5.664062
011        32   3.125000
10         24   2.343750



        count        pct
WAVE                    
1         582  56.835938
011       228  22.265625
0         129  12.597656
001100     85   8.300781



