          count      pct
Actin_BR                
1            64  50.0000
010          30  23.4375
0            16  12.5000
000010       10   7.8125
110           8   6.2500



          count       pct
Actin_ST                 
1            78  60.93750
0            20  15.62500
010011       14  10.93750
001111        5   3.90625
101           4   3.12500
001           4   3.12500
000011        3   2.34375



        count      pct
Arp2_3                
1          64  50.0000
100        30  23.4375
0          16  12.5000
000100     10   7.8125
101         8   6.2500



        count       pct
CP                     
0          62  48.43750
1          57  44.53125
000010      5   3.90625
010         3   2.34375
10          1   0.78125



       count       pct
Cdc42                 
1         65  50.78125
0         63  49.21875



         count       pct
Cofilin                 
1           71  55.46875
0           38  29.68750
010000       9   7.03125
101          7   5.46875
10           3   2.34375



         count      pct
Coronin                
1           82  64.0625
0           44  34.3750
10           2   1.5625



           count      pct
Cortactin                
1             64  50.0000
001           30  23.4375
0             16  12.5000
001000        10   7.8125
011            8   6.2500



        count       pct
Dia1                   
0         101  78.90625
100        17  13.28125
111100     10   7.81250



        count       pct
Dia2                   
1          77  60.15625
101        38  29.68750
111100     10   7.81250
0           3   2.34375



          count       pct
Ena_Vasp                 
1            95  74.21875
101011       14  10.93750
101111        5   3.90625
011           4   3.12500
001111        3   2.34375
001           3   2.34375
0             3   2.34375
10            1   0.78125



              count       pct
IRSp53_Cdc42                 
1                65  50.78125
0                63  49.21875



             count      pct
IRSp53_Rac1                
1               64  50.0000
001             30  23.4375
0               16  12.5000
001000          10   7.8125
011              8   6.2500



        count      pct
LIMK                  
0          82  64.0625
1          34  26.5625
011111     10   7.8125
01          2   1.5625



        count       pct
NET1                   
1          67  52.34375
100        30  23.43750
0          13  10.15625
000100     10   7.81250
101         8   6.25000



        count       pct
PAK                    
1          67  52.34375
001        30  23.43750
0          13  10.15625
001000     10   7.81250
011         8   6.25000



      count       pct
PIP2                 
1        71  55.46875
0        57  44.53125



        count       pct
PKD                    
0          85  66.40625
010        23  17.96875
1          10   7.81250
011110     10   7.81250



          count       pct
Profilin                 
1            82  64.06250
0            17  13.28125
110          14  10.93750
011110        5   3.90625
011           4   3.12500
010           3   2.34375
000110        3   2.34375



        count       pct
ROCK                   
0          85  66.40625
100        23  17.96875
111100     10   7.81250
1          10   7.81250



        count       pct
ROCK_                  
0          85  66.40625
010        23  17.96875
1          10   7.81250
011110     10   7.81250



        count      pct
ROS                   
1          64  50.0000
001        30  23.4375
0          16  12.5000
001000     10   7.8125
011         8   6.2500



        count      pct
Rac1                  
1          64  50.0000
010        30  23.4375
0          16  12.5000
010000     10   7.8125
110         8   6.2500



        count       pct
RhoA                   
0          75  58.59375
001        30  23.43750
1          13  10.15625
111001     10   7.81250



     count      pct
SSH                
1       82  64.0625
0       44  34.3750
01       2   1.5625



          count       pct
Thymosin                 
0            86  67.18750
1            19  14.84375
01           19  14.84375
10            4   3.12500



        count       pct
WASP                   
1          79  61.71875
0          22  17.18750
01         10   7.81250
000101      9   7.03125
110         4   3.12500
10          4   3.12500



        count      pct
WAVE                  
1          72  56.2500
101        30  23.4375
0          16  12.5000
001100     10   7.8125



