          count        pct
ARHGAP22                  
0          1018  99.414062
              6   0.585938



          count        pct
Actin_BR                  
1           687  67.089844
011         291  28.417969
0            26   2.539062
001          13   1.269531
              6   0.585938
100           1   0.097656



           count        pct
Actin_ST                   
1            376  36.718750
0            376  36.718750
001          190  18.554688
011111        36   3.515625
000001111     18   1.757812
110           15   1.464844
11110111       7   0.683594
               6   0.585938



        count        pct
Arp2_3                  
1         687  67.089844
110       291  28.417969
0          26   2.539062
010        13   1.269531
            6   0.585938
001         1   0.097656



        count        pct
CP                      
0         403  39.355469
1         302  29.492188
101       190  18.554688
10         74   7.226562
000001     35   3.417969
010        14   1.367188
            6   0.585938



       count        pct
Cdc42                  
0        532  51.953125
1        486  47.460938
           6   0.585938



         count        pct
Cofilin                  
1          586  57.226562
011        160  15.625000
10         144  14.062500
0           53   5.175781
001000      35   3.417969
001         28   2.734375
101000      12   1.171875
             6   0.585938



         count        pct
Coronin                  
1          764  74.609375
0          224  21.875000
010         13   1.269531
001         11   1.074219
011          6   0.585938
             6   0.585938



           count        pct
Cortactin                  
1            687  67.089844
101          276  26.953125
100001111     18   1.757812
100           18   1.757812
010           12   1.171875
10000111       7   0.683594
               6   0.585938



           count        pct
Dia1                       
0            687  67.089844
001          217  21.191406
110           42   4.101562
010110        35   3.417969
000111110     18   1.757812
010           11   1.074219
00011110       7   0.683594
               6   0.585938
101            1   0.097656



           count        pct
Dia2                       
1            486  47.460938
110          282  27.539062
0            232  22.656250
000111110     18   1.757812
               6   0.585938



          count        pct
Ena_Vasp                  
1           872  85.156250
10           74   7.226562
111101       35   3.417969
0            19   1.855469
011          17   1.660156
              6   0.585938
011101        1   0.097656



              count        pct
IRSp53_Cdc42                  
0               532  51.953125
1               486  47.460938
                  6   0.585938



             count        pct
IRSp53_Rac1                  
1              687  67.089844
101            306  29.882812
100001111       18   1.757812
10000111         7   0.683594
                 6   0.585938



      count        pct
LIMK                  
0      1018  99.414062
          6   0.585938



           count        pct
NET1                       
0            718  70.117188
001          282  27.539062
001111000     18   1.757812
               6   0.585938



           count        pct
PAK                        
1            718  70.117188
101          282  27.539062
100001111     18   1.757812
               6   0.585938



      count        pct
PIP2                  
1       526  51.367188
0       492  48.046875
          6   0.585938



     count        pct
PKD                  
0      764  74.609375
011    224  21.875000
010     18   1.757812
001     12   1.171875
         6   0.585938



           count        pct
Profilin                   
1            993  96.972656
111011111     18   1.757812
11101111       7   0.683594
               6   0.585938



      count        pct
ROCK                  
0       764  74.609375
110     224  21.875000
100      18   1.757812
010      12   1.171875
          6   0.585938



           count        pct
ROS                        
1            687  67.089844
101          306  29.882812
100001111     18   1.757812
10000111       7   0.683594
               6   0.585938



           count        pct
Rac1                       
1            687  67.089844
011          306  29.882812
000011111     18   1.757812
00001111       7   0.683594
               6   0.585938



           count        pct
RhoA                       
0            687  67.089844
101          282  27.539062
001111100     18   1.757812
001           13   1.269531
100           11   1.074219
00111100       7   0.683594
               6   0.585938



     count        pct
SSH                  
1      764  74.609375
0      224  21.875000
100     13   1.269531
010     11   1.074219
110      6   0.585938
         6   0.585938



          count        pct
Thymosin                  
0           774  75.585938
10          191  18.652344
1            53   5.175781
              6   0.585938



      count        pct
WASP                  
1       771  75.292969
10      191  18.652344
0        53   5.175781
          6   0.585938
011       3   0.292969



           count        pct
WAVE                       
1            993  96.972656
110001111     18   1.757812
11000111       7   0.683594
               6   0.585938



