                    count        pct
Actin_BR Actin_ST                   
1        0            376  36.718750
         1            311  30.371094
011      001          190  18.554688
         1             52   5.078125
         011111        35   3.417969
0        000001111     18   1.757812
011      110           14   1.367188
001      1             13   1.269531
0        11110111       7   0.683594
                        6   0.585938
100      011111         1   0.097656
0        110            1   0.097656



                     count        pct
Rac1      RhoA                       
1         0            687  67.089844
011       101          282  27.539062
000011111 001111100     18   1.757812
011       001           13   1.269531
          100           11   1.074219
00001111  00111100       7   0.683594
                         6   0.585938



