          count        pct
ARHGAP22                  
0           585  57.128906
010         243  23.730469
1           109  10.644531
011110       87   8.496094



          count        pct
Actin_BR                  
1           487  47.558594
010         248  24.218750
0           120  11.718750
000010       87   8.496094
110          49   4.785156
011          33   3.222656



          count        pct
Actin_ST                  
1           597  58.300781
0           161  15.722656
011010      117  11.425781
010          62   6.054688
100111       40   3.906250
110111       19   1.855469
111010       14   1.367188
000110       12   1.171875
101           2   0.195312



        count        pct
Arp2_3                  
1         487  47.558594
100       248  24.218750
0         120  11.718750
000100     87   8.496094
101        49   4.785156
110        33   3.222656



        count        pct
CP                      
1         552  53.906250
0         254  24.804688
01        118  11.523438
010000     70   6.835938
001010     19   1.855469
010        10   0.976562
011         1   0.097656



       count        pct
Cdc42                  
0        532  51.953125
1        492  48.046875



         count        pct
Cofilin                  
0          897  87.597656
010         66   6.445312
010000      61   5.957031



         count    pct
Coronin              
0         1024  100.0



           count        pct
Cortactin                  
1            487  47.558594
001          248  24.218750
0            120  11.718750
001000        87   8.496094
011           49   4.785156
101           33   3.222656



        count        pct
Dia1                    
0         801  78.222656
100       134  13.085938
111100     87   8.496094
1           2   0.195312



        count        pct
Dia2                    
1         596  58.203125
101       325  31.738281
111100     87   8.496094
0          11   1.074219
010         5   0.488281



          count        pct
Ena_Vasp                  
1           518  50.585938
01          228  22.265625
011101      117  11.425781
0            46   4.492188
110111       40   3.906250
10           33   3.222656
001          30   2.929688
011110       12   1.171875



              count    pct
IRSp53_Cdc42              
0              1024  100.0



             count        pct
IRSp53_Rac1                  
1              487  47.558594
001            248  24.218750
0              120  11.718750
001000          87   8.496094
011             49   4.785156
101             33   3.222656



        count        pct
LIMK                    
1         856  83.593750
011111     87   8.496094
101        48   4.687500
110        33   3.222656



        count        pct
NET1                    
0         504  49.218750
011       243  23.730469
1         109  10.644531
111011     87   8.496094
010        48   4.687500
001        33   3.222656



        count        pct
PAK                     
1         504  49.218750
001       243  23.730469
0         109  10.644531
001000     87   8.496094
011        48   4.687500
101        33   3.222656



      count        pct
PIP2                  
0       525  51.269531
1       499  48.730469



        count        pct
PKD                     
0         585  57.128906
010       243  23.730469
1         109  10.644531
011110     87   8.496094



          count        pct
Profilin                  
1           632  61.718750
0           146  14.257812
110         117  11.425781
101          67   6.542969
001111       40   3.906250
001100       12   1.171875
010          10   0.976562



        count        pct
ROCK                    
0         585  57.128906
100       243  23.730469
1         109  10.644531
111100     87   8.496094



        count        pct
ROS                     
1         487  47.558594
001       248  24.218750
0         120  11.718750
001000     87   8.496094
011        49   4.785156
101        33   3.222656



        count        pct
Rac1                    
1         487  47.558594
010       248  24.218750
0         120  11.718750
010000     87   8.496094
110        49   4.785156
011        33   3.222656



        count        pct
RhoA                    
0         585  57.128906
001       243  23.730469
1         109  10.644531
111001     87   8.496094



     count    pct
SSH              
0     1024  100.0



          count        pct
Thymosin                  
10          420  41.015625
0           409  39.941406
1           195  19.042969



        count        pct
WASP                    
10        373  36.425781
1         367  35.839844
0         195  19.042969
000101     47   4.589844
011        42   4.101562



        count        pct
WAVE                    
1         569  55.566406
101       248  24.218750
0         120  11.718750
001100     87   8.496094



