                   count        pct
Actin_BR Actin_ST                  
0        1           528  51.562500
10000    11011       252  24.609375
00101    11011        90   8.789062
001      001          40   3.906250
101      001          33   3.222656
00101    01010        33   3.222656
001      1            18   1.757812
1        0            14   1.367188
0        11110111      6   0.585938
         00000111      6   0.585938
101      1             4   0.390625



                   count        pct
Rac1     RhoA                      
0        1           528  51.562500
00100    11110       252  24.609375
01001    10101       123  12.011719
101      100          55   5.371094
001      101          40   3.906250
1        0            14   1.367188
00001111 00111100     12   1.171875



