          count    pct
ARHGAP22              
0          1024  100.0



          count        pct
Actin_BR                  
1           505  49.316406
001         245  23.925781
0           183  17.871094
101          91   8.886719



          count        pct
Actin_ST                  
1           713  69.628906
0           153  14.941406
001         112  10.937500
011          38   3.710938
10            8   0.781250



        count        pct
Arp2_3                  
1         505  49.316406
010       245  23.925781
0         183  17.871094
011        91   8.886719



    count        pct
CP                  
0     524  51.171875
1     497  48.535156
10      3   0.292969



       count        pct
Cdc42                  
1        515  50.292969
0        509  49.707031



         count        pct
Cofilin                  
1          636  62.109375
101        186  18.164062
0          117  11.425781
10          85   8.300781



         count        pct
Coronin                  
1          854  83.398438
10          88   8.593750
0           82   8.007812



           count        pct
Cortactin                  
1            505  49.316406
100          245  23.925781
0            183  17.871094
110           91   8.886719



      count    pct
Dia1              
0      1024  100.0



      count        pct
Dia2                  
1       659  64.355469
110     336  32.812500
0        29   2.832031



          count        pct
Ena_Vasp                  
1           781  76.269531
011         112  10.937500
0            97   9.472656
10           34   3.320312



              count        pct
IRSp53_Cdc42                  
1               515  50.292969
0               509  49.707031



             count        pct
IRSp53_Rac1                  
1              505  49.316406
100            245  23.925781
0              183  17.871094
110             91   8.886719



      count        pct
LIMK                  
0      1000  97.656250
10       21   2.050781
1         3   0.292969



      count        pct
NET1                  
0       534  52.148438
101     245  23.925781
1       154  15.039062
100      91   8.886719



     count        pct
PAK                  
1      534  52.148438
100    245  23.925781
0      154  15.039062
110     91   8.886719



      count        pct
PIP2                  
1       530  51.757812
0       494  48.242188



     count    pct
PKD              
0     1024  100.0



          count       pct
Profilin                 
1           752  73.43750
0           152  14.84375
011         112  10.93750
01            8   0.78125



      count    pct
ROCK              
0      1024  100.0



     count        pct
ROS                  
1      505  49.316406
100    245  23.925781
0      183  17.871094
110     91   8.886719



      count        pct
Rac1                  
1       505  49.316406
001     245  23.925781
0       183  17.871094
101      91   8.886719



      count        pct
RhoA                  
0       625  61.035156
100     245  23.925781
1       154  15.039062



     count        pct
SSH                  
1      854  83.398438
01      88   8.593750
0       82   8.007812



          count        pct
Thymosin                  
0           850  83.007812
10          100   9.765625
1            74   7.226562



      count        pct
WASP                  
1       733  71.582031
0       113  11.035156
110     112  10.937500
01       66   6.445312



      count        pct
WAVE                  
1       596  58.203125
110     245  23.925781
0       183  17.871094



