                   count        pct
Actin_BR Actin_ST                  
1        1           497  48.535156
0        0           145  14.160156
001      1           133  12.988281
         001         112  10.937500
101      1            53   5.175781
         011          38   3.710938
0        1            30   2.929688
1        0             8   0.781250
0        10            8   0.781250



           count        pct
Rac1 RhoA                  
1    0       505  49.316406
001  100     245  23.925781
0    1       154  15.039062
101  0        91   8.886719
0    0        29   2.832031



