          count    pct
ARHGAP22              
0          1024  100.0



          count        pct
Actin_BR                  
001         463  45.214844
110         377  36.816406
1           151  14.746094
0            33   3.222656



           count        pct
Actin_ST                   
001          448  43.750000
1            428  41.796875
0            115  11.230469
111000000     33   3.222656



        count        pct
Arp2_3                  
010       463  45.214844
101       377  36.816406
1         151  14.746094
0          33   3.222656



     count        pct
CP                   
0      461  45.019531
001    253  24.707031
110    195  19.042969
1       69   6.738281
10      46   4.492188



       count    pct
Cdc42              
0       1024  100.0



         count        pct
Cofilin                  
1          553  54.003906
101        392  38.281250
01          46   4.492188
0           33   3.222656



         count    pct
Coronin              
1         1024  100.0



           count        pct
Cortactin                  
100          463  45.214844
011          377  36.816406
1            151  14.746094
111100000     33   3.222656



           count        pct
Dia1                       
0            528  51.562500
010          463  45.214844
110000011     33   3.222656



           count        pct
Dia2                       
0            528  51.562500
010          463  45.214844
110000011     33   3.222656



          count        pct
Ena_Vasp                  
1           692  67.578125
011         253  24.707031
10           46   4.492188
0            33   3.222656



              count    pct
IRSp53_Cdc42              
0              1024  100.0



             count        pct
IRSp53_Rac1                  
100            463  45.214844
011            377  36.816406
1              151  14.746094
111100000       33   3.222656



      count    pct
LIMK              
0      1024  100.0



           count        pct
NET1                       
101          463  45.214844
010          377  36.816406
0            151  14.746094
100001111     33   3.222656



           count        pct
PAK                        
100          463  45.214844
011          377  36.816406
1            151  14.746094
111100000     33   3.222656



      count        pct
PIP2                  
0       517  50.488281
1       507  49.511719



     count    pct
PKD              
0     1024  100.0



           count        pct
Profilin                   
1            738  72.070312
011          253  24.707031
111111001     33   3.222656



      count    pct
ROCK              
0      1024  100.0



           count        pct
ROS                        
100          463  45.214844
011          377  36.816406
1            151  14.746094
111100000     33   3.222656



           count        pct
Rac1                       
001          463  45.214844
110          377  36.816406
1            151  14.746094
111000001     33   3.222656



           count        pct
RhoA                       
0            528  51.562500
100          463  45.214844
100000111     33   3.222656



     count    pct
SSH              
1     1024  100.0



          count        pct
Thymosin                  
0           945  92.285156
01           46   4.492188
1            33   3.222656



      count        pct
WASP                  
1       692  67.578125
110     253  24.707031
01       46   4.492188
0        33   3.222656



           count        pct
WAVE                       
1            528  51.562500
110          463  45.214844
111110000     33   3.222656



