                     count        pct
Actin_BR   Actin_ST                  
0          0           597  29.150391
           1           418  20.410156
1          1           407  19.873047
01         01          218  10.644531
0100001001 01111       123   6.005859
01010      01111        75   3.662109
101        1            47   2.294922
00010      00010        28   1.367188
011        110          25   1.220703
010        010          23   1.123047
011        111011       18   0.878906
10010      00010        17   0.830078
101        010          13   0.634766
001        101011       13   0.634766
011        1             9   0.439453
101        0             9   0.439453
010        1             4   0.195312
001        1             3   0.146484
0          01            1   0.048828



             count        pct
Rac1  RhoA                   
0     1       1278  62.402344
00010 01111    284  13.867188
10010 01011    165   8.056641
1     0        101   4.931641
101   110       38   1.855469
      100       31   1.513672
011   010       31   1.513672
00110 01110     30   1.464844
10011 00011     26   1.269531
011   101       24   1.171875
010   1         21   1.025391
001   101       13   0.634766
010   110        6   0.292969



