                       count        pct
Actin_BR   Actin_ST                    
0          1             558  54.492188
1          0             147  14.355469
           1              86   8.398438
1011000110 1111111110     49   4.785156
0100       01             48   4.687500
01         01             41   4.003906
11110      1011011110     30   2.929688
00100      11110          25   2.441406
1101111001 1111111110     17   1.660156
00101      10101          10   0.976562
1          1110101011      9   0.878906
           0101110101      4   0.390625



             count        pct
Rac1  RhoA                   
0     1        667  65.136719
00001 10111    165  16.113281
01001 10101     48   4.687500
11000 11001     28   2.734375
01101 10100     23   2.246094
00101 10110     22   2.148438
01100 11100     17   1.660156
10101 10010     16   1.562500
11100 11000     10   0.976562
11101 10000      9   0.878906
01110 01100      8   0.781250
11011 00001      6   0.585938
1     0          5   0.488281



