          count        pct
ARHGAP22                  
1          1292  63.085938
11110       299  14.599609
0           254  12.402344
01101       120   5.859375
01110        60   2.929688
             13   0.634766
001           7   0.341797
010           3   0.146484



            count        pct
Actin_BR                    
0            1055  51.513672
1             451  22.021484
01            158   7.714844
0101000010    113   5.517578
011           112   5.468750
010            54   2.636719
0010110101     54   2.636719
00001          30   1.464844
               13   0.634766
00101           8   0.390625



          count        pct
Actin_ST                  
1           817  39.892578
0           649  31.689453
01          158   7.714844
11110       130   6.347656
01111       113   5.517578
110          79   3.857422
10110        54   2.636719
10011        28   1.367188
             13   0.634766
101           7   0.341797



            count        pct
Arp2_3                      
0            1055  51.513672
1             451  22.021484
10            158   7.714844
1010000100    113   5.517578
110           112   5.468750
100            54   2.636719
0101101010     54   2.636719
00010          30   1.464844
               13   0.634766
01010           8   0.390625



    count        pct
CP                  
1    1038  50.683594
0     997  48.681641
       13   0.634766



       count        pct
Cdc42                  
0       1079  52.685547
1        956  46.679688
          13   0.634766



         count        pct
Cofilin                  
0         1373  67.041016
1          294  14.355469
01         158   7.714844
11011      103   5.029297
101         77   3.759766
01011       27   1.318359
            13   0.634766
100          3   0.146484



         count        pct
Coronin                  
0         1711  83.544922
1          254  12.402344
00100       60   2.929688
            13   0.634766
101          7   0.341797
011          3   0.146484



           count        pct
Cortactin                  
0           1309  63.916016
01000        299  14.599609
10100        120   5.859375
101          112   5.468750
1             63   3.076172
001           61   2.978516
01100         60   2.929688
              13   0.634766
111110000      5   0.244141
10010110       5   0.244141
00011110       1   0.048828



           count        pct
Dia1                       
0           1097  53.564453
1            519  25.341797
11101        113   5.517578
11010         93   4.541016
11110         83   4.052734
010           67   3.271484
11100         32   1.562500
011           13   0.634766
              13   0.634766
110            7   0.341797
111000011      5   0.244141
01011010       5   0.244141
01111000       1   0.048828



           count        pct
Dia2                       
1           1426  69.628906
11101        419  20.458984
101          119   5.810547
11100         60   2.929688
              13   0.634766
111110011      5   0.244141
11011110       5   0.244141
01111110       1   0.048828



          count        pct
Ena_Vasp                  
1          1979  96.630859
110          27   1.318359
0            22   1.074219
             13   0.634766
110101        7   0.341797



              count        pct
IRSp53_Cdc42                  
0              1079  52.685547
1               956  46.679688
                 13   0.634766



             count        pct
IRSp53_Rac1                  
0             2035  99.365234
                13   0.634766



       count        pct
LIMK                   
1       1711  83.544922
0        254  12.402344
11011     60   2.929688
          13   0.634766
010        7   0.341797
100        3   0.146484



           count        pct
NET1                       
0           1005  49.072266
1            971  47.412109
011           27   1.318359
001           27   1.318359
              13   0.634766
100000111      5   0.244141



           count        pct
PAK                        
1           1005  49.072266
0            971  47.412109
101           27   1.318359
001           27   1.318359
              13   0.634766
111110000      5   0.244141



      count        pct
PIP2                  
0      1038  50.683594
1       997  48.681641
         13   0.634766



       count        pct
PKD                    
1       1292  63.085938
11110    299  14.599609
0        254  12.402344
01101    120   5.859375
01110     60   2.929688
          13   0.634766
001        7   0.341797
010        3   0.146484



          count        pct
Profilin                  
1          1027  50.146484
0           649  31.689453
10          158   7.714844
11110       113   5.517578
01101        54   2.636719
110          27   1.318359
             13   0.634766
011           7   0.341797



       count        pct
ROCK                   
1       1292  63.085938
11101    299  14.599609
0        254  12.402344
11010    120   5.859375
11100     60   2.929688
          13   0.634766
010        7   0.341797
100        3   0.146484



           count        pct
ROS                        
0           1309  63.916016
01000        299  14.599609
101          122   5.957031
10100        120   5.859375
1             63   3.076172
01100         60   2.929688
001           51   2.490234
              13   0.634766
111110000      5   0.244141
10010110       5   0.244141
00011110       1   0.048828



           count        pct
Rac1                       
0           1309  63.916016
10000        299  14.599609
011          122   5.957031
01001        120   5.859375
1             63   3.076172
11000         60   2.929688
010           51   2.490234
              13   0.634766
111100001      5   0.244141
00101101       5   0.244141
00111100       1   0.048828



           count        pct
RhoA                       
1           1336  65.234375
11011        299  14.599609
10101        120   5.859375
001           95   4.638672
0             63   3.076172
11001         60   2.929688
101           51   2.490234
              13   0.634766
110000111      5   0.244141
10110100       5   0.244141
11110000       1   0.048828



       count        pct
SSH                    
0       1711  83.544922
1        254  12.402344
01000     60   2.929688
          13   0.634766
011        7   0.341797
110        3   0.146484



          count        pct
Thymosin                  
0           824  40.234375
1           632  30.859375
01          572  27.929688
             13   0.634766
10            7   0.341797



      count        pct
WASP                  
1       780  38.085938
0       649  31.689453
01      572  27.929688
101      27   1.318359
         13   0.634766
10        7   0.341797



      count        pct
WAVE                  
0      2035  99.365234
         13   0.634766



