                     count        pct
cycle_Actin_BR_norm                  
0                      402  39.257812
1                      400  39.062500
1011                    64   6.250000
0011                    64   6.250000
01                      42   4.101562
1000                    37   3.613281
10                      15   1.464844



                     count        pct
cycle_Actin_ST_norm                  
1                      419  40.917969
0                      289  28.222656
1101                   219  21.386719
0010                    44   4.296875
10                      39   3.808594
0011                    14   1.367188



                   count        pct
cycle_Arp2_3_norm                  
0                    402  39.257812
1                    400  39.062500
0111                  64   6.250000
0110                  64   6.250000
10                    42   4.101562
0001                  37   3.613281
01                    15   1.464844



               count        pct
cycle_CP_norm                  
1                498  48.632812
0                498  48.632812
10                28   2.734375



                  count        pct
cycle_Cdc42_norm                  
1                   524  51.171875
0                   500  48.828125



                    count        pct
cycle_Cofilin_norm                  
0                     748  73.046875
1                     124  12.109375
01                     61   5.957031
1101                   47   4.589844
0010                   44   4.296875



                    count    pct
cycle_Coronin_norm              
0                    1024  100.0



                      count        pct
cycle_Cortactin_norm                  
0                       518  50.585938
1100                    202  19.726562
0010                    171  16.699219
1110                     74   7.226562
10                       38   3.710938
1                        21   2.050781



                 count        pct
cycle_Dia1_norm                  
0                  508  49.609375
1                  260  25.390625
1001                95   9.277344
1011                82   8.007812
1000                54   5.273438
10                  25   2.441406



                 count        pct
cycle_Dia2_norm                  
1                  539  52.636719
1101               447  43.652344
10                  38   3.710938



                     count        pct
cycle_Ena_Vasp_norm                  
1                      848  82.812500
0111                   128  12.500000
10                      21   2.050781
0110                    20   1.953125
1000                     7   0.683594



                   count    pct
cycle_IRSp53_norm              
0                   1024  100.0



                 count        pct
cycle_LIMK_norm                  
1                  727  70.996094
1011               202  19.726562
1001                74   7.226562
0                   21   2.050781



                count    pct
cycle_PAK_norm              
1                1024  100.0



                 count        pct
cycle_PIP2_norm                  
1                  526  51.367188
0                  498  48.632812



                count        pct
cycle_PKD_norm                  
1                 518  50.585938
1100              202  19.726562
0111              171  16.699219
0100               74   7.226562
01                 38   3.710938
0                  21   2.050781



                     count        pct
cycle_Profilin_norm                  
1                      518  50.585938
0                      284  27.734375
0111                   137  13.378906
0100                    44   4.296875
10                      22   2.148438
01                      15   1.464844
1001                     4   0.390625



                 count        pct
cycle_ROCK_norm                  
1                  518  50.585938
1001               202  19.726562
1110               171  16.699219
1000                74   7.226562
10                  38   3.710938
0                   21   2.050781



                  count        pct
cycle_ROCK__norm                  
1                   518  50.585938
1100                202  19.726562
0111                171  16.699219
0100                 74   7.226562
01                   38   3.710938
0                    21   2.050781



                 count        pct
cycle_Rac1_norm                  
0                  518  50.585938
1001               202  19.726562
0100               171  16.699219
1101                74   7.226562
01                  38   3.710938
1                   21   2.050781



                 count        pct
cycle_RhoA_norm                  
1                  518  50.585938
0011               202  19.726562
1101               171  16.699219
0001                74   7.226562
01                  38   3.710938
0                   21   2.050781



                count        pct
cycle_SSH_norm                  
0                 727  70.996094
1000              202  19.726562
1100               74   7.226562
1                  21   2.050781



                     count        pct
cycle_Thymosin_norm                  
0                      394  38.476562
1                      333  32.519531
01                     297  29.003906



                 count        pct
cycle_WASP_norm                  
1                  394  38.476562
0                  333  32.519531
01                 297  29.003906



                 count        pct
cycle_WAVE_norm                  
0                  518  50.585938
1100               202  19.726562
0010               171  16.699219
1110                74   7.226562
10                  38   3.710938
1                   21   2.050781



