          count        pct
ARHGAP22                  
1           672  65.625000
0           172  16.796875
10111        80   7.812500
00111        37   3.613281
10110        32   3.125000
10001        23   2.246094
001           7   0.683594
010           1   0.097656



          count        pct
Actin_BR                  
0           483  47.167969
1           345  33.691406
01           94   9.179688
0001         48   4.687500
110          41   4.003906
010          12   1.171875
100           1   0.097656



          count        pct
Actin_ST                  
0           510  49.804688
1           212  20.703125
01           99   9.667969
1101         48   4.687500
10111        48   4.687500
00100        42   4.101562
110          22   2.148438
00101        22   2.148438
10001        12   1.171875
10011         9   0.878906



        count        pct
Arp2_3                  
0         483  47.167969
1         345  33.691406
10         94   9.179688
0010       48   4.687500
101        41   4.003906
100        12   1.171875
001         1   0.097656



      count        pct
CP                    
1       677  66.113281
0       249  24.316406
0001     48   4.687500
01       27   2.636719
110      22   2.148438
100       1   0.097656



       count       pct
Cdc42                 
1        520  50.78125
0        504  49.21875



         count        pct
Cofilin                  
0          624  60.937500
1          229  22.363281
01          72   7.031250
10111       42   4.101562
110         22   2.148438
10101       22   2.148438
11000       12   1.171875
100000       1   0.097656



         count        pct
Coronin                  
0          784  76.562500
1          172  16.796875
00010       37   3.613281
10001       23   2.246094
101          7   0.683594
011          1   0.097656



           count        pct
Cortactin                  
0            677  66.113281
1            121  11.816406
00010         80   7.812500
00110         60   5.859375
011           34   3.320312
01010         32   3.125000
001           19   1.855469
010            1   0.097656



      count        pct
Dia1                  
0       677  66.113281
1       249  24.316406
0111     48   4.687500
01       27   2.636719
100      22   2.148438
101       1   0.097656



       count        pct
Dia2                   
1        852  83.203125
01111    112  10.937500
01110     60   5.859375



          count    pct
Ena_Vasp              
0          1024  100.0



              count       pct
IRSp53_Cdc42                 
1               520  50.78125
0               504  49.21875



             count        pct
IRSp53_Rac1                  
0              677  66.113281
1              121  11.816406
00010           80   7.812500
011             42   4.101562
00110           37   3.613281
01010           32   3.125000
10011           23   2.246094
001             12   1.171875



       count        pct
LIMK                   
1        784  76.562500
0        172  16.796875
11101     37   3.613281
01110     23   2.246094
010        7   0.683594
100        1   0.097656



      count        pct
NET1                  
0       532  51.953125
1       438  42.773438
010      42   4.101562
011      12   1.171875



     count        pct
PAK                  
1      532  51.953125
0      438  42.773438
011     42   4.101562
001     12   1.171875



      count        pct
PIP2                  
0       522  50.976562
1       502  49.023438



       count        pct
PKD                    
1        672  65.625000
0        172  16.796875
10111     80   7.812500
00111     37   3.613281
10110     32   3.125000
10001     23   2.246094
001        7   0.683594
010        1   0.097656



          count        pct
Profilin                  
1           587  57.324219
0           283  27.636719
10           94   9.179688
1011         48   4.687500
110          12   1.171875



       count        pct
ROCK                   
1        672  65.625000
0        172  16.796875
01111     80   7.812500
01110     37   3.613281
01101     32   3.125000
00011     23   2.246094
010        7   0.683594
100        1   0.097656



       count        pct
ROS                    
0        677  66.113281
1        121  11.816406
00010     80   7.812500
011       42   4.101562
00110     37   3.613281
01010     32   3.125000
10011     23   2.246094
001       12   1.171875



       count        pct
Rac1                   
0        677  66.113281
1        121  11.816406
00100     80   7.812500
110       42   4.101562
01100     37   3.613281
10100     32   3.125000
00111     23   2.246094
010       12   1.171875



       count        pct
RhoA                   
1        689  67.285156
0        121  11.816406
11110     80   7.812500
011       42   4.101562
11100     37   3.613281
11010     32   3.125000
00110     23   2.246094



       count        pct
SSH                    
0        784  76.562500
1        172  16.796875
00100     37   3.613281
00011     23   2.246094
011        7   0.683594
110        1   0.097656



          count        pct
Thymosin                  
0           478  46.679688
1           281  27.441406
10          216  21.093750
01           49   4.785156



      count        pct
WASP                  
1       458  44.726562
0       283  27.636719
10      216  21.093750
01       49   4.785156
101      18   1.757812



       count        pct
WAVE                   
0        677  66.113281
1        163  15.917969
00011     80   7.812500
11011     55   5.371094
00111     37   3.613281
101       12   1.171875



