                    count        pct
Actin_BR Actin_ST                   
0        1            463  45.214844
         001111110    211  20.605469
                      166  16.210938
0        01111111     162  15.820312
         111111110     15   1.464844
         111011         5   0.488281
         111100000      1   0.097656
         110            1   0.097656



                     count        pct
Rac1      RhoA                       
011111000 111100001    312  30.468750
11110000  11000011     286  27.929688
11010010  01001011     218  21.289062
                       166  16.210938
110       011           42   4.101562



