          count    pct
ARHGAP22              
0          2048  100.0



          count        pct
Actin_BR                  
100         940  45.898438
0           707  34.521484
011         360  17.578125
1            41   2.001953



          count        pct
Actin_ST                  
0          1100  53.710938
1           771  37.646484
101         177   8.642578



        count        pct
Arp2_3                  
001       940  45.898438
0         707  34.521484
110       360  17.578125
1          41   2.001953



    count        pct
CP                  
1    1069  52.197266
0     967  47.216797
10     12   0.585938



       count    pct
Cdc42              
0       2048  100.0



         count        pct
Cofilin                  
1          720  35.156250
011        630  30.761719
0          543  26.513672
01         155   7.568359



         count        pct
Coronin                  
1         1367  66.748047
0          505  24.658203
01         176   8.593750



           count        pct
Cortactin                  
010          940  45.898438
0            707  34.521484
101          360  17.578125
1             41   2.001953



      count    pct
Dia1              
0      2048  100.0



      count        pct
Dia2                  
010     940  45.898438
0       707  34.521484
101     360  17.578125
1        41   2.001953



          count        pct
Ena_Vasp                  
1           936  45.703125
101         493  24.072266
0           443  21.630859
10          176   8.593750



              count    pct
IRSp53_Cdc42              
0              2048  100.0



             count        pct
IRSp53_Rac1                  
010            940  45.898438
0              707  34.521484
101            360  17.578125
1               41   2.001953



      count    pct
LIMK              
0      2048  100.0



      count        pct
NET1                  
110     940  45.898438
1       707  34.521484
001     360  17.578125
0        41   2.001953



     count        pct
PAK                  
010    940  45.898438
0      707  34.521484
101    360  17.578125
1       41   2.001953



      count        pct
PIP2                  
0      1069  52.197266
1       979  47.802734



     count    pct
PKD              
0     2048  100.0



          count        pct
Profilin                  
1           948  46.289062
0           607  29.638672
101         493  24.072266



      count    pct
ROCK              
0      2048  100.0



     count        pct
ROS                  
010    940  45.898438
0      707  34.521484
101    360  17.578125
1       41   2.001953



      count        pct
Rac1                  
100     940  45.898438
0       707  34.521484
011     360  17.578125
1        41   2.001953



      count    pct
RhoA              
0      2048  100.0



     count        pct
SSH                  
1     1367  66.748047
0      505  24.658203
10     176   8.593750



          count        pct
Thymosin                  
0          1447  70.654297
1           326  15.917969
01          275  13.427734



      count        pct
WASP                  
1       936  45.703125
011     493  24.072266
0       443  21.630859
01      176   8.593750



      count        pct
WAVE                  
011     940  45.898438
0       707  34.521484
1       401  19.580078



