                                         count        pct
cycle_Actin_BR_norm cycle_Actin_ST_norm                  
1                   0                      346  33.789062
                    1                      232  22.656250
0                   0                      210  20.507812
1                   1110                   160  15.625000
1011                0010                    31   3.027344
                    0                       16   1.562500
1                   10                      15   1.464844
101                 0                       10   0.976562
                    010                      4   0.390625



