                             count        pct
Actin_BR      Actin_ST                       
0             0               1815  88.623047
                                66   3.222656
001           0                 54   2.636719
0             101               28   1.367188
0010010001001 0011011101001     27   1.318359
101           0                 25   1.220703
              101               23   1.123047
1             0                 10   0.488281



                             count        pct
Rac1          RhoA                           
0             1               1815  88.623047
101           110               76   3.710938
                                66   3.222656
001           1                 54   2.636719
0011011011001 1111101101101     27   1.318359
1             0                 10   0.488281



