          count        pct
ARHGAP22                  
1           524  51.171875
01111       152  14.843750
11011       150  14.648438
0            84   8.203125
01011        53   5.175781
11010        52   5.078125
              8   0.781250
100           1   0.097656



          count       pct
Actin_BR                 
0          1016  99.21875
              8   0.78125



            count        pct
Actin_ST                    
1             738  72.070312
1111111101    150  14.648438
1110101111     52   5.078125
10111          29   2.832031
011111111      18   1.757812
10101          11   1.074219
01011111       10   0.976562
                8   0.781250
10010110        2   0.195312
011101          2   0.195312
00001111        2   0.195312
100             1   0.097656
011110000       1   0.097656



        count       pct
Arp2_3                 
0        1016  99.21875
            8   0.78125



    count       pct
CP                 
0    1016  99.21875
        8   0.78125



       count       pct
Cdc42                 
1        528  51.56250
0        488  47.65625
           8   0.78125



           count        pct
Cofilin                    
0            937  91.503906
1             46   4.492188
01101001      10   0.976562
01010000      10   0.976562
               8   0.781250
100000111      7   0.683594
11100001       3   0.292969
000001         2   0.195312
001            1   0.097656



         count        pct
Coronin                  
0          931  90.917969
1           84   8.203125
             8   0.781250
110          1   0.097656



           count        pct
Cortactin                  
0            524  51.171875
00100        152  14.843750
00001        150  14.648438
00101         53   5.175781
01001         52   5.078125
00111100      28   2.734375
111110000     26   2.539062
00101101      26   2.539062
               8   0.781250
110            2   0.195312
101            2   0.195312
100            1   0.097656



           count        pct
Dia1                       
1            524  51.171875
11110        152  14.843750
10111        150  14.648438
10110         53   5.175781
10101         52   5.078125
11110000      28   2.734375
111000011     26   2.539062
10110100      26   2.539062
               8   0.781250
011            3   0.292969
110            2   0.195312



           count        pct
Dia2                       
1            985  96.191406
111000011     26   2.539062
               8   0.781250
011            3   0.292969
110            2   0.195312



           count        pct
Ena_Vasp                   
1            994  97.070312
001111110     18   1.757812
               8   0.781250
10             2   0.195312
010            1   0.097656
0              1   0.097656



              count       pct
IRSp53_Cdc42                 
1               528  51.56250
0               488  47.65625
                  8   0.78125



             count        pct
IRSp53_Rac1                  
0              524  51.171875
00100          152  14.843750
00001          150  14.648438
00101           53   5.175781
01001           52   5.078125
00111100        28   2.734375
111110000       26   2.539062
00101101        26   2.539062
                 8   0.781250
110              3   0.292969
101              2   0.195312



      count        pct
LIMK                  
1       931  90.917969
0        84   8.203125
          8   0.781250
001       1   0.097656



           count        pct
NET1                       
0            528  51.562500
1            457  44.628906
100000111     26   2.539062
               8   0.781250
100            3   0.292969
001            2   0.195312



           count        pct
PAK                        
1            528  51.562500
0            457  44.628906
111110000     26   2.539062
               8   0.781250
110            3   0.292969
101            2   0.195312



      count        pct
PIP2                  
1       524  51.171875
0       492  48.046875
          8   0.781250



       count        pct
PKD                    
1        524  51.171875
01111    152  14.843750
11011    150  14.648438
0         84   8.203125
01011     53   5.175781
11010     52   5.078125
           8   0.781250
100        1   0.097656



            count        pct
Profilin                    
1             738  72.070312
1111111011    150  14.648438
1101011111     52   5.078125
01111          29   2.832031
111111110      18   1.757812
01011          11   1.074219
10111110       10   0.976562
                8   0.781250
111011          2   0.195312
00101101        2   0.195312
00011110        2   0.195312
111110000       1   0.097656
101             1   0.097656



       count        pct
ROCK                   
1        524  51.171875
11110    152  14.843750
10111    150  14.648438
0         84   8.203125
10110     53   5.175781
10101     52   5.078125
           8   0.781250
001        1   0.097656



           count        pct
ROS                        
0            524  51.171875
00100        152  14.843750
00001        150  14.648438
00101         53   5.175781
01001         52   5.078125
00111100      28   2.734375
111110000     26   2.539062
00101101      26   2.539062
               8   0.781250
110            3   0.292969
101            2   0.195312



           count        pct
Rac1                       
0            524  51.171875
01000        152  14.843750
00010        150  14.648438
01010         53   5.175781
10010         52   5.078125
01111000      28   2.734375
111100001     26   2.539062
01011010      26   2.539062
               8   0.781250
101            3   0.292969
011            2   0.195312



           count        pct
RhoA                       
1            524  51.171875
11101        152  14.843750
01111        150  14.648438
01101         53   5.175781
01011         52   5.078125
11100001      28   2.734375
110000111     26   2.539062
01101001      26   2.539062
               8   0.781250
110            3   0.292969
101            2   0.195312



     count        pct
SSH                  
0      931  90.917969
1       84   8.203125
         8   0.781250
101      1   0.097656



          count        pct
Thymosin                  
0           346  33.789062
1           313  30.566406
01          214  20.898438
10          143  13.964844
              8   0.781250



           count        pct
WASP                       
1            328  32.031250
0            313  30.566406
01           214  20.898438
10           143  13.964844
011111100     18   1.757812
               8   0.781250



      count       pct
WAVE                 
0      1016  99.21875
          8   0.78125



