                   count        pct
Actin_BR Actin_ST                  
0        0           922  45.019531
1        0           756  36.914062
01       0           241  11.767578
101      0            83   4.052734
010      0            46   2.246094



             count        pct
Rac1  RhoA                   
0     1       1273  62.158203
1     0        260  12.695312
00100 11110    177   8.642578
10100 11010     93   4.541016
101   110       83   4.052734
11001 10001     65   3.173828
10001 10011     51   2.490234
010   1         46   2.246094



