          count    pct
ARHGAP22              
0          1024  100.0



          count        pct
Actin_BR                  
1           494  48.242188
011         435  42.480469
0            62   6.054688
100          33   3.222656



           count        pct
Actin_ST                   
1            362  35.351562
010          294  28.710938
0            273  26.660156
110           39   3.808594
000001111     32   3.125000
11100111      24   2.343750



        count        pct
Arp2_3                  
1         494  48.242188
110       435  42.480469
0          62   6.054688
001        33   3.222656



     count        pct
CP                   
0      424  41.406250
011    294  28.710938
1      193  18.847656
01      80   7.812500
100     33   3.222656



       count        pct
Cdc42                  
0        514  50.195312
1        510  49.804688



         count        pct
Cofilin                  
1          668  65.234375
10         153  14.941406
011        141  13.769531
0           62   6.054688



         count    pct
Coronin              
1         1024  100.0



           count        pct
Cortactin                  
1            494  48.242188
101          441  43.066406
010           33   3.222656
100001111     32   3.125000
10000111      24   2.343750



           count        pct
Dia1                       
0            590  57.617188
100          317  30.957031
110           61   5.957031
000111110     32   3.125000
00011110      24   2.343750



           count        pct
Dia2                       
1            510  49.804688
110          259  25.292969
0            223  21.777344
000111110     32   3.125000



          count        pct
Ena_Vasp                  
1           906  88.476562
01           80   7.812500
0            38   3.710938



              count        pct
IRSp53_Cdc42                  
0               514  50.195312
1               510  49.804688



             count    pct
IRSp53_Rac1              
0             1024  100.0



      count    pct
LIMK              
0      1024  100.0



           count        pct
NET1                       
0            733  71.582031
001          259  25.292969
001111000     32   3.125000



           count        pct
PAK                        
1            733  71.582031
101          259  25.292969
100001111     32   3.125000



      count       pct
PIP2                 
0       520  50.78125
1       504  49.21875



     count    pct
PKD              
0     1024  100.0



           count       pct
Profilin                  
1            968  94.53125
110011111     32   3.12500
11001111      24   2.34375



      count    pct
ROCK              
0      1024  100.0



           count        pct
ROS                        
1            494  48.242188
101          441  43.066406
010           33   3.222656
100001111     32   3.125000
10000111      24   2.343750



           count        pct
Rac1                       
1            494  48.242188
011          441  43.066406
100           33   3.222656
000011111     32   3.125000
00001111      24   2.343750



           count        pct
RhoA                       
0            494  48.242188
101          292  28.515625
001          182  17.773438
001111100     32   3.125000
00111100      24   2.343750



     count    pct
SSH              
1     1024  100.0



          count        pct
Thymosin                  
0           809  79.003906
10          153  14.941406
1            62   6.054688



      count        pct
WASP                  
1       809  79.003906
10      153  14.941406
0        62   6.054688



           count        pct
WAVE                       
1            494  48.242188
101          441  43.066406
010           33   3.222656
100001111     32   3.125000
10000111      24   2.343750



