                    count        pct
Actin_BR Actin_ST                   
011      010          294  28.710938
1        0            273  26.660156
         1            221  21.582031
011      1            141  13.769531
100      110           33   3.222656
0        000001111     32   3.125000
         11100111      24   2.343750
         110            6   0.585938



                     count        pct
Rac1      RhoA                       
1         0            494  48.242188
011       101          259  25.292969
          001          182  17.773438
100       101           33   3.222656
000011111 001111100     32   3.125000
00001111  00111100      24   2.343750



