          count        pct
ARHGAP22                  
0           615  60.058594
100         238  23.242188
011110      160  15.625000
1            11   1.074219



          count        pct
Actin_BR                  
1           496  48.437500
100         251  24.511719
000010      160  15.625000
101          79   7.714844
0            26   2.539062
110          12   1.171875



          count        pct
Actin_ST                  
0           271  26.464844
1           218  21.289062
001         160  15.625000
10          129  12.597656
001110       76   7.421875
100101       63   6.152344
110111       49   4.785156
100          36   3.515625
000100       12   1.171875
001111       10   0.976562



        count        pct
Arp2_3                  
1         496  48.437500
001       251  24.511719
000100    160  15.625000
011        79   7.714844
0          26   2.539062
101        12   1.171875



        count        pct
CP                      
0         292  28.515625
1         253  24.707031
100       139  13.574219
000010    139  13.574219
10        129  12.597656
101        60   5.859375
100010     12   1.171875



       count       pct
Cdc42                 
1        520  50.78125
0        504  49.21875



         count        pct
Cofilin                  
1          420  41.015625
0          329  32.128906
01         129  12.597656
100         79   7.714844
100000      36   3.515625
011         19   1.855469
010100      12   1.171875



         count    pct
Coronin              
0         1024  100.0



           count        pct
Cortactin                  
1            496  48.437500
010          251  24.511719
001000       160  15.625000
110           79   7.714844
0             26   2.539062
011           12   1.171875



        count        pct
Dia1                    
0         615  60.058594
001       238  23.242188
111100    160  15.625000
1          11   1.074219



        count        pct
Dia2                    
1         531  51.855469
001       238  23.242188
111100    160  15.625000
0          95   9.277344



          count        pct
Ena_Vasp                  
1           603  58.886719
10          141  13.769531
010111       99   9.667969
001111       86   8.398438
101111       49   4.785156
0            35   3.417969
010          11   1.074219



              count    pct
IRSp53_Cdc42              
0              1024  100.0



             count        pct
IRSp53_Rac1                  
1              496  48.437500
010            251  24.511719
001000         160  15.625000
110             79   7.714844
0               26   2.539062
011             12   1.171875



        count        pct
LIMK                    
0         583  56.933594
1         264  25.781250
011111    160  15.625000
110        13   1.269531
001         4   0.390625



        count        pct
NET1                    
0         528  51.562500
110       238  23.242188
111011    160  15.625000
100        75   7.324219
010        12   1.171875
1          11   1.074219



        count        pct
PAK                     
1         528  51.562500
010       238  23.242188
001000    160  15.625000
110        75   7.324219
011        12   1.171875
0          11   1.074219



      count        pct
PIP2                  
1       518  50.585938
0       506  49.414062



        count        pct
PKD                     
0         615  60.058594
100       238  23.242188
011110    160  15.625000
1          11   1.074219



          count        pct
Profilin                  
1           672  65.625000
101         139  13.574219
101111      112  10.937500
011110       86   8.398438
0            15   1.464844



        count        pct
ROCK                    
0         615  60.058594
001       238  23.242188
111100    160  15.625000
1          11   1.074219



        count        pct
ROS                     
1         496  48.437500
010       251  24.511719
001000    160  15.625000
110        79   7.714844
0          26   2.539062
011        12   1.171875



        count        pct
Rac1                    
1         496  48.437500
100       251  24.511719
010000    160  15.625000
101        79   7.714844
0          26   2.539062
110        12   1.171875



        count        pct
RhoA                    
0         615  60.058594
010       238  23.242188
111001    160  15.625000
1          11   1.074219



     count        pct
SSH                  
1      496  48.437500
0      424  41.406250
110     79   7.714844
010     13   1.269531
011     12   1.171875



          count        pct
Thymosin                  
0           595  58.105469
10          160  15.625000
1           139  13.574219
01          130  12.695312



        count        pct
WASP                    
1         516  50.390625
01        254  24.804688
0         139  13.574219
011        79   7.714844
001010     36   3.515625



        count        pct
WAVE                    
1         587  57.324219
011       251  24.511719
001100    160  15.625000
0          26   2.539062



