                   count        pct
Actin_BR Actin_ST                  
1        0           253  24.707031
         10          129  12.597656
         1           114  11.132812
100      001         103  10.058594
000010   001110       76   7.421875
100      100101       63   6.152344
101      001          57   5.566406
100      1            49   4.785156
000010   110111       49   4.785156
100      100          36   3.515625
000010   1            25   2.441406
101      1            19   1.855469
0        0            15   1.464844
110      000100       12   1.171875
0        1            11   1.074219
000010   001111       10   0.976562
101      0             3   0.292969



               count        pct
Rac1   RhoA                    
1      0         496  48.437500
100    010       238  23.242188
010000 111001    160  15.625000
101    0          79   7.714844
0      0          15   1.464844
100    0          13   1.269531
110    0          12   1.171875
0      1          11   1.074219



