                                         count     pct
cycle_Actin_BR_norm cycle_Actin_ST_norm               
1                   0                     1686  0.3372
                    1                      863  0.1726
                    10                     691  0.1382
                    0001                   545  0.1090
                    0111                   440  0.0880
1101                0001                   354  0.0708
                    0                      213  0.0426
                    1001                    82  0.0164
0110                0001                    59  0.0118
1101                10                      38  0.0076
011                 0                       13  0.0026
01                  0                        8  0.0016
110                 100                      4  0.0008
011                 100                      4  0.0008



