          count        pct
ARHGAP22                  
0           671  65.527344
1           124  12.109375
100          97   9.472656
011110       90   8.789062
001          42   4.101562



          count        pct
Actin_BR                  
1           465  45.410156
0           193  18.847656
001         113  11.035156
100          97   9.472656
000010       90   8.789062
011          66   6.445312



          count    pct
Actin_ST              
0          1024  100.0



        count        pct
Arp2_3                  
1         465  45.410156
0         193  18.847656
010       113  11.035156
001        97   9.472656
000100     90   8.789062
110        66   6.445312



        count        pct
CP                      
1         526  51.367188
0         450  43.945312
000010     39   3.808594
001         7   0.683594
10          2   0.195312



       count        pct
Cdc42                  
0        519  50.683594
1        505  49.316406



         count        pct
Cofilin                  
1          527  51.464844
0          353  34.472656
110         60   5.859375
000100      58   5.664062
10          24   2.343750
001          2   0.195312



         count        pct
Coronin                  
1          629  61.425781
0          382  37.304688
01          13   1.269531



           count        pct
Cortactin                  
1            465  45.410156
0            185  18.066406
100          115  11.230469
010           97   9.472656
001000        90   8.789062
101           66   6.445312
000001111      6   0.585938



           count        pct
Dia1                       
0            812  79.296875
100          114  11.132812
111100        90   8.789062
000111100      6   0.585938
1              2   0.195312



           count        pct
Dia2                       
1            593  57.910156
110          181  17.675781
011           97   9.472656
111100        90   8.789062
0             57   5.566406
000111111      6   0.585938



          count        pct
Ena_Vasp                  
1           804  78.515625
111010       97   9.472656
011111       47   4.589844
011          37   3.613281
100111       17   1.660156
0            12   1.171875
100           8   0.781250
10            2   0.195312



              count        pct
IRSp53_Cdc42                  
0               519  50.683594
1               505  49.316406



             count        pct
IRSp53_Rac1                  
1              465  45.410156
0              185  18.066406
100            115  11.230469
010             97   9.472656
001000          90   8.789062
101             66   6.445312
000001111        6   0.585938



        count        pct
LIMK                    
0         629  61.425781
1         292  28.515625
011111     90   8.789062
10         13   1.269531



           count        pct
NET1                       
0            522  50.976562
1            128  12.500000
101          115  11.230469
110           97   9.472656
111011        90   8.789062
001           66   6.445312
011111000      6   0.585938



           count        pct
PAK                        
1            522  50.976562
0            128  12.500000
100          115  11.230469
010           97   9.472656
001000        90   8.789062
101           66   6.445312
000001111      6   0.585938



      count        pct
PIP2                  
0       526  51.367188
1       498  48.632812



        count        pct
PKD                     
0         671  65.527344
1         124  12.109375
100        97   9.472656
011110     90   8.789062
001        42   4.101562



          count    pct
Profilin              
0          1024  100.0



        count        pct
ROCK                    
0         671  65.527344
1         124  12.109375
001        97   9.472656
111100     90   8.789062
010        42   4.101562



           count        pct
ROS                        
1            465  45.410156
0            185  18.066406
100          115  11.230469
010           97   9.472656
001000        90   8.789062
101           66   6.445312
000001111      6   0.585938



           count        pct
Rac1                       
1            465  45.410156
0            185  18.066406
001          115  11.230469
100           97   9.472656
010000        90   8.789062
011           66   6.445312
000011110      6   0.585938



           count        pct
RhoA                       
0            588  57.421875
1            128  12.500000
100          115  11.230469
010           97   9.472656
111001        90   8.789062
001111000      6   0.585938



     count        pct
SSH                  
1      629  61.425781
0      382  37.304688
10      13   1.269531



          count        pct
Thymosin                  
0           648  63.281250
1           207  20.214844
10          169  16.503906



        count        pct
WASP                    
1         605  59.082031
0         211  20.605469
10        111  10.839844
010001     58   5.664062
110        39   3.808594



      count    pct
WAVE              
0      1024  100.0



