                   count        pct
Actin_BR Actin_ST                  
1        0           465  45.410156
0        0           193  18.847656
001      0           113  11.035156
100      0            97   9.472656
000010   0            90   8.789062
011      0            66   6.445312



                     count        pct
Rac1      RhoA                       
1         0            465  45.410156
0         1            128  12.500000
001       100          115  11.230469
100       010           97   9.472656
010000    111001        90   8.789062
011       0             66   6.445312
0         0             57   5.566406
000011110 001111000      6   0.585938



