                     count        pct
Actin_BR   Actin_ST                  
0          0           457  44.628906
1          0           341  33.300781
01         0            71   6.933594
1111111110 0            42   4.101562
1011101011 0            42   4.101562
110        0            33   3.222656
1101110111 0            15   1.464844
001        0            11   1.074219
11011      0             4   0.390625
01100      0             4   0.390625
10011      0             3   0.292969
                         1   0.097656



             count        pct
Rac1  RhoA                   
0     1        553  54.003906
1     0        146  14.257812
10000 11011    122  11.914062
10100 11010     43   4.199219
110   011       33   3.222656
00011 00111     30   2.929688
01010 01101     29   2.832031
11001 10001     28   2.734375
11000 11001     15   1.464844
00111 00110     13   1.269531
001   1         11   1.074219
                 1   0.097656



