          count        pct
ARHGAP22                  
0           580  56.640625
011110      190  18.554688
001         151  14.746094
100          90   8.789062
1            13   1.269531



          count        pct
Actin_BR                  
1           471  45.996094
001         171  16.699219
0           147  14.355469
100          90   8.789062
000010       80   7.812500
011          49   4.785156
101          16   1.562500



          count        pct
Actin_ST                  
0           301  29.394531
1           221  21.582031
01          122  11.914062
001111      110  10.742188
010         108  10.546875
000101       65   6.347656
011111       56   5.468750
000001       41   4.003906



        count        pct
Arp2_3                  
1         471  45.996094
010       171  16.699219
0         147  14.355469
001        90   8.789062
000100     80   7.812500
110        49   4.785156
011        16   1.562500



        count        pct
CP                      
0         554  54.101562
1         238  23.242188
100        96   9.375000
100000     65   6.347656
011        29   2.832031
001        25   2.441406
101000     16   1.562500
10          1   0.097656



       count        pct
Cdc42                  
0        516  50.390625
1        508  49.609375



         count        pct
Cofilin                  
0          385  37.597656
1          377  36.816406
01         123  12.011719
100         79   7.714844
000001      25   2.441406
011         19   1.855469
000101      16   1.562500



         count    pct
Coronin              
0         1024  100.0



           count        pct
Cortactin                  
1            471  45.996094
001000       190  18.554688
100          171  16.699219
010           90   8.789062
101           49   4.785156
0             37   3.613281
110           16   1.562500



        count        pct
Dia1                    
0         580  56.640625
111100    190  18.554688
010       151  14.746094
001        90   8.789062
1          13   1.269531



        count        pct
Dia2                    
1         521  50.878906
111100    190  18.554688
010       151  14.746094
001        90   8.789062
0          72   7.031250



          count        pct
Ena_Vasp                  
1           734  71.679688
001111      110  10.742188
111010       90   8.789062
101111       56   5.468750
10           17   1.660156
010          17   1.660156



              count        pct
IRSp53_Cdc42                  
0               516  50.390625
1               508  49.609375



             count        pct
IRSp53_Rac1                  
1              471  45.996094
001000         190  18.554688
100            171  16.699219
010             90   8.789062
101             49   4.785156
0               37   3.613281
110             16   1.562500



        count        pct
LIMK                    
0         535  52.246094
1         278  27.148438
011111    190  18.554688
110        20   1.953125
001         1   0.097656



        count        pct
NET1                    
0         516  50.390625
111011    190  18.554688
101       151  14.746094
110        90   8.789062
001        48   4.687500
100        16   1.562500
1          13   1.269531



        count        pct
PAK                     
1         516  50.390625
001000    190  18.554688
100       151  14.746094
010        90   8.789062
101        48   4.687500
110        16   1.562500
0          13   1.269531



      count        pct
PIP2                  
1       538  52.539062
0       486  47.460938



        count        pct
PKD                     
0         580  56.640625
011110    190  18.554688
001       151  14.746094
100        90   8.789062
1          13   1.269531



          count        pct
Profilin                  
1           488  47.656250
10          139  13.574219
011110      110  10.742188
101          79   7.714844
101110       65   6.347656
111110       56   5.468750
0            45   4.394531
001011       25   2.441406
100          17   1.660156



        count        pct
ROCK                    
0         580  56.640625
111100    190  18.554688
010       151  14.746094
001        90   8.789062
1          13   1.269531



        count        pct
ROS                     
1         471  45.996094
001000    190  18.554688
100       171  16.699219
010        90   8.789062
101        49   4.785156
0          37   3.613281
110        16   1.562500



        count        pct
Rac1                    
1         471  45.996094
010000    190  18.554688
001       171  16.699219
100        90   8.789062
011        49   4.785156
0          37   3.613281
101        16   1.562500



        count        pct
RhoA                    
0         580  56.640625
111001    190  18.554688
100       151  14.746094
010        90   8.789062
1          13   1.269531



     count        pct
SSH                  
1      471  45.996094
0      468  45.703125
101     49   4.785156
010     20   1.953125
110     16   1.562500



          count        pct
Thymosin                  
0           555  54.199219
01          288  28.125000
1           181  17.675781



        count        pct
WASP                    
1         476  46.484375
01        263  25.683594
0         181  17.675781
011        79   7.714844
010100     25   2.441406



      count    pct
WAVE              
0      1024  100.0



