          count        pct
ARHGAP22                  
1           754  73.632812
10111        96   9.375000
10101        51   4.980469
10100        33   3.222656
11001        27   2.636719
00100        21   2.050781
01001        18   1.757812
01100        16   1.562500
0             8   0.781250



          count        pct
Actin_BR                  
0           556  54.296875
1           308  30.078125
0100         87   8.496094
01           73   7.128906



          count        pct
Actin_ST                  
1           556  54.296875
0           308  30.078125
01          160  15.625000



        count        pct
Arp2_3                  
0         556  54.296875
1         308  30.078125
1000       87   8.496094
10         73   7.128906



      count        pct
CP                    
0       556  54.296875
1       308  30.078125
0100     87   8.496094
01       73   7.128906



       count        pct
Cdc42                  
0        518  50.585938
1        506  49.414062



            count        pct
Cofilin                     
0             769  75.097656
1              73   7.128906
11110          68   6.640625
0100           37   3.613281
10110          33   3.222656
01             26   2.539062
00110           8   0.781250
00100           6   0.585938
1010001010      4   0.390625



         count    pct
Coronin              
0         1024  100.0



           count        pct
Cortactin                  
0            754  73.632812
00010         96   9.375000
10010         51   4.980469
11010         33   3.222656
10001         27   2.636719
11110         21   2.050781
10101         18   1.757812
11100         16   1.562500
1              8   0.781250



      count        pct
Dia1                  
1       556  54.296875
0       308  30.078125
1101     87   8.496094
01       73   7.128906



      count        pct
Dia2                  
1      1018  99.414062
0         6   0.585938



          count    pct
Ena_Vasp              
0          1024  100.0



              count        pct
IRSp53_Cdc42                  
0               518  50.585938
1               506  49.414062



             count        pct
IRSp53_Rac1                  
0              754  73.632812
00010           96   9.375000
10010           51   4.980469
11010           33   3.222656
10001           27   2.636719
11110           21   2.050781
10101           18   1.757812
11100           16   1.562500
1                8   0.781250



       count        pct
LIMK                   
1        901  87.988281
10111     60   5.859375
10001     21   2.050781
01111     18   1.757812
10011     16   1.562500
0          8   0.781250



      count   pct
NET1             
1       512  50.0
0       512  50.0



     count   pct
PAK             
1      512  50.0
0      512  50.0



      count        pct
PIP2                  
0       515  50.292969
1       509  49.707031



       count        pct
PKD                    
1        754  73.632812
10111     96   9.375000
10101     51   4.980469
10100     33   3.222656
11001     27   2.636719
00100     21   2.050781
01001     18   1.757812
01100     16   1.562500
0          8   0.781250



          count        pct
Profilin                  
1           864  84.375000
1110         87   8.496094
10           73   7.128906



       count        pct
ROCK                   
1        754  73.632812
01111     96   9.375000
01011     51   4.980469
01001     33   3.222656
10011     27   2.636719
01000     21   2.050781
10010     18   1.757812
11000     16   1.562500
0          8   0.781250



       count        pct
ROS                    
0        754  73.632812
00010     96   9.375000
10010     51   4.980469
11010     33   3.222656
10001     27   2.636719
11110     21   2.050781
10101     18   1.757812
11100     16   1.562500
1          8   0.781250



       count        pct
Rac1                   
0        754  73.632812
00100     96   9.375000
00101     51   4.980469
10101     33   3.222656
00011     27   2.636719
11101     21   2.050781
01011     18   1.757812
11001     16   1.562500
1          8   0.781250



       count        pct
RhoA                   
1        754  73.632812
11110     96   9.375000
10110     51   4.980469
10010     33   3.222656
00111     27   2.636719
10000     21   2.050781
00101     18   1.757812
10001     16   1.562500
0          8   0.781250



       count        pct
SSH                    
0        901  87.988281
10000     60   5.859375
11100     21   2.050781
00001     18   1.757812
11000     16   1.562500
1          8   0.781250



          count        pct
Thymosin                  
0           382  37.304688
1           336  32.812500
10          201  19.628906
01          105  10.253906



      count        pct
WASP                  
1       382  37.304688
0       336  32.812500
10      201  19.628906
01      105  10.253906



       count        pct
WAVE                   
0        754  73.632812
00011     96   9.375000
1         80   7.812500
11110     67   6.542969
11001     27   2.636719



