                     count        pct
cycle_Actin_BR_norm                  
0                      379  37.011719
1                      338  33.007812
1011                   121  11.816406
0100                    73   7.128906
0110                    43   4.199219
10                      40   3.906250
01                      23   2.246094
01011                    4   0.390625
010                      3   0.292969



                     count        pct
cycle_Actin_ST_norm                  
1                      748  73.046875
1011                   175  17.089844
0                       42   4.101562
0010                    24   2.343750
01                      21   2.050781
111011                   5   0.488281
01000                    4   0.390625
011000                   3   0.292969
11101                    2   0.195312



                   count        pct
cycle_Arp2_3_norm                  
0                    379  37.011719
1                    338  33.007812
0111                 121  11.816406
1000                  73   7.128906
1100                  43   4.199219
01                    40   3.906250
10                    23   2.246094
10110                  4   0.390625
100                    3   0.292969



               count    pct
cycle_CP_norm              
0               1024  100.0



                  count        pct
cycle_Cdc42_norm                  
0                   529  51.660156
1                   495  48.339844



                    count    pct
cycle_Cofilin_norm              
0                    1024  100.0



                    count        pct
cycle_Coronin_norm                  
0                     627  61.230469
1000                  171  16.699219
1110                  124  12.109375
1                      93   9.082031
01                      9   0.878906



                      count        pct
cycle_Cortactin_norm                  
0                       469  45.800781
1001                    171  16.699219
0010                    133  12.988281
1110                    124  12.109375
1                        79   7.714844
01                       34   3.320312
111001                    8   0.781250
11101                     4   0.390625
10011                     2   0.195312



                 count        pct
cycle_Dia1_norm                  
1                  469  45.800781
0011               223  21.777344
1110               133  12.988281
0                   79   7.714844
1000                72   7.031250
01                  34   3.320312
100011               8   0.781250
00001                4   0.390625
00110                2   0.195312



                 count        pct
cycle_Dia2_norm                  
1                  548  53.515625
1110               428  41.796875
01                  34   3.320312
111011               8   0.781250
11101                6   0.585938



                     count        pct
cycle_Ena_Vasp_norm                  
1                      998  97.460938
1101                    18   1.757812
111100                   8   0.781250



                   count        pct
cycle_IRSp53_norm                  
1                    528  51.562500
0                    436  42.578125
1101                  52   5.078125
111001                 8   0.781250



                 count        pct
cycle_LIMK_norm                  
1                  627  61.230469
0111               171  16.699219
0001               124  12.109375
0                   93   9.082031
10                   9   0.878906



                count        pct
cycle_PAK_norm                  
1                 964  94.140625
1101               52   5.078125
111001              8   0.781250



                 count        pct
cycle_PIP2_norm                  
0                  515  50.292969
1                  509  49.707031



                count        pct
cycle_PKD_norm                  
1                 469  45.800781
1001              171  16.699219
0111              133  12.988281
0100              124  12.109375
0                  93   9.082031
10                 34   3.320312



                     count        pct
cycle_Profilin_norm                  
1                      748  73.046875
0111                   175  17.089844
0                       42   4.101562
0100                    24   2.343750
10                      21   2.050781
110111                   5   0.488281
10000                    4   0.390625
110000                   3   0.292969
11011                    2   0.195312



                 count        pct
cycle_ROCK_norm                  
1                  469  45.800781
0011               171  16.699219
1110               133  12.988281
1000               124  12.109375
0                   93   9.082031
01                  34   3.320312



                  count        pct
cycle_ROCK__norm                  
1                   469  45.800781
1001                171  16.699219
0111                133  12.988281
0100                124  12.109375
0                    93   9.082031
10                   34   3.320312



                 count        pct
cycle_Rac1_norm                  
0                  469  45.800781
0011               171  16.699219
0100               133  12.988281
1101               124  12.109375
1                   79   7.714844
10                  34   3.320312
110011               8   0.781250
11011                4   0.390625
00111                2   0.195312



                 count        pct
cycle_RhoA_norm                  
1                  469  45.800781
0110               223  21.777344
1101               133  12.988281
0                   79   7.714844
0001                72   7.031250
10                  34   3.320312
000111               8   0.781250
00010                4   0.390625
01100                2   0.195312



                count        pct
cycle_SSH_norm                  
0                 627  61.230469
0001              171  16.699219
1101              124  12.109375
1                  93   9.082031
10                  9   0.878906



                     count        pct
cycle_Thymosin_norm                  
01                     321  31.347656
0                      315  30.761719
1                      312  30.468750
10                      76   7.421875



                 count        pct
cycle_WASP_norm                  
01                 321  31.347656
1                  315  30.761719
0                  312  30.468750
10                  76   7.421875



                 count        pct
cycle_WAVE_norm                  
0                  469  45.800781
1001               171  16.699219
0010               133  12.988281
1110               124  12.109375
1                   79   7.714844
01                  34   3.320312
111001               8   0.781250
11101                4   0.390625
10011                2   0.195312



