          count        pct
ARHGAP22                  
0           661  64.550781
001111      226  22.070312
010         127  12.402344
1             8   0.781250
              2   0.195312



          count        pct
Actin_BR                  
0           334  32.617188
1           175  17.089844
101         161  15.722656
100         151  14.746094
000001      110  10.742188
010          91   8.886719
              2   0.195312



           count        pct
Actin_ST                   
1            196  19.140625
0            168  16.406250
01           157  15.332031
001          152  14.843750
100111       136  13.281250
010000        67   6.542969
101           61   5.957031
110111        55   5.371094
010100        24   2.343750
001110000      6   0.585938
               2   0.195312



        count        pct
Arp2_3                  
0         334  32.617188
1         175  17.089844
011       161  15.722656
001       151  14.746094
000010    110  10.742188
100        91   8.886719
            2   0.195312



        count        pct
CP                      
0         597  58.300781
101       119  11.621094
1         110  10.742188
100       105  10.253906
010        67   6.542969
000010     24   2.343750
            2   0.195312



       count        pct
Cdc42                  
1        539  52.636719
0        483  47.167969
           2   0.195312



         count        pct
Cofilin                  
1          384  37.500000
0          351  34.277344
01         129  12.597656
101         67   6.542969
010000      67   6.542969
000101      20   1.953125
010          4   0.390625
             2   0.195312



         count        pct
Coronin                  
1          607  59.277344
0          388  37.890625
01          27   2.636719
             2   0.195312



           count        pct
Cortactin                  
000100       226  22.070312
0            192  18.750000
1            175  17.089844
110          161  15.722656
010          151  14.746094
001          111  10.839844
001111000      6   0.585938
               2   0.195312



           count        pct
Dia1                       
0            582  56.835938
011110       226  22.070312
100          111  10.839844
001           89   8.691406
1              8   0.781250
111100000      6   0.585938
               2   0.195312



           count        pct
Dia2                       
1            547  53.417969
011110       226  22.070312
100          111  10.839844
001           89   8.691406
0             43   4.199219
111100000      6   0.585938
               2   0.195312



          count        pct
Ena_Vasp                  
1           674  65.820312
100111      136  13.281250
101011       91   8.886719
101111       55   5.371094
101          29   2.832031
10           20   1.953125
100          11   1.074219
0             6   0.585938
              2   0.195312



              count        pct
IRSp53_Cdc42                  
1               539  52.636719
0               483  47.167969
                  2   0.195312



             count        pct
IRSp53_Rac1                  
0             1022  99.804688
                 2   0.195312



        count        pct
LIMK                    
0         607  59.277344
101111    226  22.070312
1         162  15.820312
10         27   2.636719
            2   0.195312



           count        pct
NET1                       
0            556  54.296875
111101       226  22.070312
011          111  10.839844
110           89   8.691406
100           26   2.539062
1              8   0.781250
111000011      6   0.585938
               2   0.195312



           count        pct
PAK                        
1            556  54.296875
000100       226  22.070312
001          111  10.839844
010           89   8.691406
110           26   2.539062
0              8   0.781250
001111000      6   0.585938
               2   0.195312



      count        pct
PIP2                  
0       540  52.734375
1       482  47.070312
          2   0.195312



        count        pct
PKD                     
0         661  64.550781
001111    226  22.070312
010       127  12.402344
1           8   0.781250
            2   0.195312



           count        pct
Profilin                   
1            486  47.460938
10           137  13.378906
001111       136  13.281250
110010        67   6.542969
101111        55   5.371094
0             47   4.589844
111010        44   4.296875
101           33   3.222656
001           11   1.074219
011110000      6   0.585938
               2   0.195312



        count        pct
ROCK                    
0         661  64.550781
011110    226  22.070312
100       127  12.402344
1           8   0.781250
            2   0.195312



           count        pct
ROS                        
000100       226  22.070312
0            192  18.750000
1            175  17.089844
110          161  15.722656
010          151  14.746094
001          111  10.839844
001111000      6   0.585938
               2   0.195312



           count        pct
Rac1                       
001000       226  22.070312
0            192  18.750000
1            175  17.089844
101          161  15.722656
100          151  14.746094
010          111  10.839844
011110000      6   0.585938
               2   0.195312



           count        pct
RhoA                       
0            582  56.835938
111100       226  22.070312
001          111  10.839844
010           89   8.691406
1              8   0.781250
111000001      6   0.585938
               2   0.195312



     count        pct
SSH                  
1      607  59.277344
0      388  37.890625
10      27   2.636719
         2   0.195312



          count        pct
Thymosin                  
0           513  50.097656
01          305  29.785156
1           204  19.921875
              2   0.195312



        count        pct
WASP                    
1         480  46.875000
01        238  23.242188
0         204  19.921875
000101     67   6.542969
011        33   3.222656
            2   0.195312



      count        pct
WAVE                  
0      1022  99.804688
          2   0.195312



