                    count        pct
Actin_BR Actin_ST                   
0        01           137  13.378906
         100111       136  13.281250
101      001          119  11.621094
1        0            110  10.742188
010      010000        67   6.542969
1        1             65   6.347656
100      101           61   5.957031
000001   110111        55   5.371094
0        0             47   4.589844
100      1             46   4.492188
101      1             42   4.101562
000001   1             35   3.417969
100      001           33   3.222656
010      010100        24   2.343750
000001   01            20   1.953125
100      0             11   1.074219
0        1              8   0.781250
         001110000      6   0.585938
                        2   0.195312



                     count        pct
Rac1      RhoA                       
001000    111100       226  22.070312
0         0            184  17.968750
1         0            175  17.089844
101       0            161  15.722656
010       001          111  10.839844
100       010           89   8.691406
          0             62   6.054688
0         1              8   0.781250
011110000 111000001      6   0.585938
                         2   0.195312



