          count        pct
ARHGAP22                  
0           711  69.433594
100111      161  15.722656
010         146  14.257812
1             6   0.585938



          count        pct
Actin_BR                  
1           577  56.347656
010         198  19.335938
100000      161  15.722656
110          82   8.007812
0             6   0.585938



          count        pct
Actin_ST                  
1           870  84.960938
011          84   8.203125
110011       70   6.835938



        count        pct
Arp2_3                  
1         577  56.347656
100       198  19.335938
000001    161  15.722656
101        82   8.007812
0           6   0.585938



    count    pct
CP              
0    1024  100.0



       count        pct
Cdc42                  
1        565  55.175781
0        459  44.824219



         count        pct
Cofilin                  
1          641  62.597656
0          178  17.382812
110         70   6.835938
100000      70   6.835938
010         65   6.347656



         count        pct
Coronin                  
1          711  69.433594
0          313  30.566406



           count        pct
Cortactin                  
1            577  56.347656
001          198  19.335938
000010       161  15.722656
011           82   8.007812
0              6   0.585938



        count        pct
Dia1                    
0         659  64.355469
100       198  19.335938
001111    161  15.722656
1           6   0.585938



        count        pct
Dia2                    
1         571  55.761719
100       198  19.335938
001111    161  15.722656
0          94   9.179688



          count        pct
Ena_Vasp                  
1           935  91.308594
110011       70   6.835938
011          19   1.855469



              count        pct
IRSp53_Cdc42                  
1               565  55.175781
0               459  44.824219



             count        pct
IRSp53_Rac1                  
1              577  56.347656
001            198  19.335938
000010         161  15.722656
011             82   8.007812
0                6   0.585938



        count        pct
LIMK                    
0         711  69.433594
110111    161  15.722656
1         152  14.843750



        count        pct
NET1                    
0         577  56.347656
011       198  19.335938
111110    161  15.722656
010        82   8.007812
1           6   0.585938



        count        pct
PAK                     
1         577  56.347656
001       198  19.335938
000010    161  15.722656
011        82   8.007812
0           6   0.585938



      count        pct
PIP2                  
1       539  52.636719
0       485  47.363281



        count        pct
PKD                     
0         711  69.433594
100111    161  15.722656
010       146  14.257812
1           6   0.585938



          count        pct
Profilin                  
1           870  84.960938
110          84   8.203125
100111       70   6.835938



        count        pct
ROCK                    
0         711  69.433594
001111    161  15.722656
100       146  14.257812
1           6   0.585938



        count        pct
ROS                     
1         577  56.347656
001       198  19.335938
000010    161  15.722656
011        82   8.007812
0           6   0.585938



        count        pct
Rac1                    
1         577  56.347656
010       198  19.335938
000100    161  15.722656
110        82   8.007812
0           6   0.585938



        count        pct
RhoA                    
0         659  64.355469
001       198  19.335938
011110    161  15.722656
1           6   0.585938



     count        pct
SSH                  
1      711  69.433594
0      313  30.566406



          count    pct
Thymosin              
0          1024  100.0



        count        pct
WASP                    
1         867  84.667969
101        84   8.203125
000011     70   6.835938
0           3   0.292969



        count        pct
WAVE                    
1         659  64.355469
101       198  19.335938
000011    161  15.722656
0           6   0.585938



