                   count        pct
Actin_BR Actin_ST                  
1        1           577  56.347656
010      1           114  11.132812
100000   1            91   8.886719
010      011          84   8.203125
110      1            82   8.007812
100000   110011       70   6.835938
0        1             6   0.585938



               count        pct
Rac1   RhoA                    
1      0         577  56.347656
010    001       198  19.335938
000100 011110    161  15.722656
110    0          82   8.007812
0      1           6   0.585938



