          count        pct
ARHGAP22                  
1           514  50.195312
01111       127  12.402344
11101        99   9.667969
0            97   9.472656
10101        49   4.785156
01101        49   4.785156
             47   4.589844
11100        41   4.003906
001           1   0.097656



            count        pct
Actin_BR                    
0             603  58.886719
1             172  16.796875
0000010000     65   6.347656
01             47   4.589844
               47   4.589844
11101          41   4.003906
0000010100     37   3.613281
0010           12   1.171875



            count        pct
Actin_ST                    
1             622  60.742188
0             103  10.058594
1111011111     65   6.347656
01             47   4.589844
               47   4.589844
1111010111     37   3.613281
00001          24   2.343750
01111          20   1.953125
10             12   1.171875
001111111      12   1.171875
11101011       11   1.074219
110            10   0.976562
11010           7   0.683594
00011110        3   0.292969
101011          2   0.195312
10010110        2   0.195312



            count        pct
Arp2_3                      
0             603  58.886719
1             172  16.796875
0000100000     65   6.347656
10             47   4.589844
               47   4.589844
11011          41   4.003906
0000101000     37   3.613281
0100           12   1.171875



       count        pct
CP                     
0        791  77.246094
1        103  10.058594
01        47   4.589844
          47   4.589844
11101     24   2.343750
0010      12   1.171875



       count        pct
Cdc42                  
1        496  48.437500
0        481  46.972656
          47   4.589844



         count        pct
Cofilin                  
0          681  66.503906
1          183  17.871094
01          47   4.589844
            47   4.589844
11101       24   2.343750
00011       17   1.660156
10          12   1.171875
0010        12   1.171875
100000       1   0.097656



         count        pct
Coronin                  
0          838  81.835938
1           97   9.472656
            47   4.589844
01000       41   4.003906
101          1   0.097656



           count        pct
Cortactin                  
0            977  95.410156
              47   4.589844



            count        pct
Dia1                        
1             491  47.949219
11011         122  11.914062
0             103  10.058594
               47   4.589844
01001011       47   4.589844
11010          37   3.613281
0101000101     34   3.320312
01011          26   2.539062
00001          24   2.343750
111110000      20   1.953125
10000111       18   1.757812
01110          17   1.660156
1110           12   1.171875
0100000101     12   1.171875
101            11   1.074219
110             2   0.195312
01              1   0.097656



           count        pct
Dia2                       
1            944  92.187500
              47   4.589844
111110000     20   1.953125
101           11   1.074219
110            2   0.195312



           count        pct
Ena_Vasp                   
1            953  93.066406
              47   4.589844
000111110     12   1.171875
101           10   0.976562
110101         1   0.097656
01             1   0.097656



              count        pct
IRSp53_Cdc42                  
1               496  48.437500
0               481  46.972656
                 47   4.589844



             count        pct
IRSp53_Rac1                  
0              514  50.195312
00100          127  12.402344
10000           99   9.667969
10100           49   4.785156
10010           49   4.785156
11010010        47   4.589844
                47   4.589844
11000           41   4.003906
001111100       20   1.953125
11100001        18   1.757812
011             11   1.074219
101              2   0.195312



       count        pct
LIMK                   
1        838  81.835938
0         97   9.472656
          47   4.589844
10111     41   4.003906
010        1   0.097656



           count        pct
NET1                       
0            496  48.437500
1            448  43.750000
              47   4.589844
111000001     20   1.953125
010           11   1.074219
001            2   0.195312



           count        pct
PAK                        
1            496  48.437500
0            448  43.750000
              47   4.589844
001111100     20   1.953125
011           11   1.074219
101            2   0.195312



      count        pct
PIP2                  
1       494  48.242188
0       483  47.167969
         47   4.589844



       count        pct
PKD                    
1        514  50.195312
01111    127  12.402344
11101     99   9.667969
0         97   9.472656
10101     49   4.785156
01101     49   4.785156
          47   4.589844
11100     41   4.003906
001        1   0.097656



            count        pct
Profilin                    
1             759  74.121094
1110111111     65   6.347656
10             47   4.589844
               47   4.589844
1110101111     37   3.613281
11110          20   1.953125
011111110      12   1.171875
0111           12   1.171875
11010111       11   1.074219
10101           7   0.683594
00111100        3   0.292969
011111          2   0.195312
00101101        2   0.195312



       count        pct
ROCK                   
1        514  50.195312
11110    127  12.402344
11011     99   9.667969
0         97   9.472656
11010     49   4.785156
01011     49   4.785156
          47   4.589844
11001     41   4.003906
010        1   0.097656



           count        pct
ROS                        
0            514  50.195312
00100        127  12.402344
10000         99   9.667969
10100         49   4.785156
10010         49   4.785156
11010010      47   4.589844
              47   4.589844
11000         41   4.003906
001111100     20   1.953125
11100001      18   1.757812
011           11   1.074219
101            2   0.195312



           count        pct
Rac1                       
0            514  50.195312
01000        127  12.402344
00001         99   9.667969
01001         49   4.785156
00101         49   4.785156
10100101      47   4.589844
              47   4.589844
10001         41   4.003906
011111000     20   1.953125
11000011      18   1.757812
110           11   1.074219
011            2   0.195312



           count        pct
RhoA                       
1            514  50.195312
11101        127  12.402344
10111         99   9.667969
10110         49   4.785156
10101         49   4.785156
10010110      47   4.589844
              47   4.589844
10011         41   4.003906
111100001     20   1.953125
00001111      18   1.757812
011           11   1.074219
101            2   0.195312



       count        pct
SSH                    
0        838  81.835938
1         97   9.472656
          47   4.589844
10000     41   4.003906
011        1   0.097656



          count        pct
Thymosin                  
0           373  36.425781
1           299  29.199219
10          157  15.332031
01          148  14.453125
             47   4.589844



           count        pct
WASP                       
1            351  34.277344
0            299  29.199219
10           157  15.332031
01           148  14.453125
              47   4.589844
001111100     12   1.171875
011           10   0.976562



      count        pct
WAVE                  
0       977  95.410156
         47   4.589844



