          count        pct
ARHGAP22                  
11011       389  37.988281
01011       223  21.777344
11110       189  18.457031
1           113  11.035156
0           109  10.644531
              1   0.097656



          count        pct
Actin_BR                  
0          1023  99.902344
              1   0.097656



            count        pct
Actin_ST                    
1             412  40.234375
1111101111    237  23.144531
11101         198  19.335938
11001          75   7.324219
11110111       43   4.199219
1101111101     30   2.929688
11101011       13   1.269531
01110101        9   0.878906
00100101        5   0.488281
00000111        1   0.097656
                1   0.097656



        count        pct
Arp2_3                  
0        1023  99.902344
            1   0.097656



    count        pct
CP                  
0    1023  99.902344
        1   0.097656



       count        pct
Cdc42                  
0        534  52.148438
1        489  47.753906
           1   0.097656



          count        pct
Cofilin                   
0           924  90.234375
00010100     41   4.003906
1            39   3.808594
10110100     10   0.976562
11110000      9   0.878906
              1   0.097656



         count        pct
Coronin                  
0          914  89.257812
1          109  10.644531
             1   0.097656



           count        pct
Cortactin                  
00001        389  37.988281
00101        223  21.777344
01000        189  18.457031
0            113  11.035156
10010110      64   6.250000
10000111      45   4.394531
               1   0.097656



          count        pct
Dia1                      
10111       389  37.988281
10110       223  21.777344
11101       189  18.457031
1           113  11.035156
01011010     64   6.250000
00011110     45   4.394531
              1   0.097656



          count        pct
Dia2                      
1           541  52.832031
11101       295  28.808594
10110       123  12.011719
01011010     35   3.417969
00111100     29   2.832031
              1   0.097656



            count        pct
Ena_Vasp                    
1             623  60.839844
01111         162  15.820312
0111111111     78   7.617188
10101          75   7.324219
1010111111     30   2.929688
01             22   2.148438
10111111       15   1.464844
11000111       12   1.171875
0               6   0.585938
                1   0.097656



              count        pct
IRSp53_Cdc42                  
0               534  52.148438
1               489  47.753906
                  1   0.097656



             count        pct
IRSp53_Rac1                  
00001          389  37.988281
00101          223  21.777344
01000          189  18.457031
0              113  11.035156
10010110        64   6.250000
10000111        45   4.394531
                 1   0.097656



      count        pct
LIMK                  
1       914  89.257812
0       109  10.644531
          1   0.097656



      count        pct
NET1                  
0      1023  99.902344
          1   0.097656



     count        pct
PAK                  
0     1023  99.902344
         1   0.097656



      count        pct
PIP2                  
1       520  50.781250
0       503  49.121094
          1   0.097656



       count        pct
PKD                    
11011    389  37.988281
01011    223  21.777344
11110    189  18.457031
1        113  11.035156
0        109  10.644531
           1   0.097656



            count        pct
Profilin                    
1             425  41.503906
11011         273  26.660156
1111011111    267  26.074219
11101111       58   5.664062
                1   0.097656



       count        pct
ROCK                   
10111    389  37.988281
10110    223  21.777344
11101    189  18.457031
1        113  11.035156
0        109  10.644531
           1   0.097656



          count        pct
ROS                       
00001       389  37.988281
00101       223  21.777344
01000       189  18.457031
0           113  11.035156
10010110     64   6.250000
10000111     45   4.394531
              1   0.097656



          count        pct
Rac1                      
00010       389  37.988281
01010       223  21.777344
10000       189  18.457031
0           113  11.035156
00101101     64   6.250000
00001111     45   4.394531
              1   0.097656



          count        pct
RhoA                      
01111       389  37.988281
01101       223  21.777344
11011       189  18.457031
1           113  11.035156
10110100     64   6.250000
00111100     45   4.394531
              1   0.097656



     count        pct
SSH                  
0      914  89.257812
1      109  10.644531
         1   0.097656



          count        pct
Thymosin                  
0           354  34.570312
1           321  31.347656
10          267  26.074219
01           81   7.910156
              1   0.097656



          count        pct
WASP                      
1           327  31.933594
0           321  31.347656
10          267  26.074219
01           81   7.910156
01111111     15   1.464844
10001111     12   1.171875
              1   0.097656



          count        pct
WAVE                      
10001       389  37.988281
10111       223  21.777344
01100       189  18.457031
0           113  11.035156
11011111     64   6.250000
11000111     45   4.394531
              1   0.097656



