          count        pct
ARHGAP22                  
0          1022  99.804688
              2   0.195312



          count        pct
Actin_BR                  
1           434  42.382812
100         173  16.894531
0           160  15.625000
110         105  10.253906
101          75   7.324219
010          75   7.324219
              2   0.195312



          count        pct
Actin_ST                  
0           378  36.914062
1           321  31.347656
100         156  15.234375
011111       71   6.933594
010          35   3.417969
011          33   3.222656
10           28   2.734375
              2   0.195312



        count        pct
Arp2_3                  
1         434  42.382812
001       173  16.894531
0         160  15.625000
101       105  10.253906
100        75   7.324219
011        75   7.324219
            2   0.195312



        count        pct
CP                      
0         543  53.027344
1         264  25.781250
100        91   8.886719
011        65   6.347656
010        27   2.636719
010000     23   2.246094
101         8   0.781250
            2   0.195312
10          1   0.097656



       count        pct
Cdc42                  
0        514  50.195312
1        508  49.609375
           2   0.195312



         count        pct
Cofilin                  
1          429  41.894531
0          343  33.496094
001        121  11.816406
010000      79   7.714844
01          36   3.515625
110         14   1.367188
             2   0.195312



         count        pct
Coronin                  
0          495  48.339844
1          476  46.484375
001         44   4.296875
101          7   0.683594
             2   0.195312



           count        pct
Cortactin                  
1            434  42.382812
010          180  17.578125
0            160  15.625000
011          129  12.597656
001          119  11.621094
               2   0.195312



      count        pct
Dia1                  
0      1022  99.804688
          2   0.195312



      count        pct
Dia2                  
1       868  84.765625
101     136  13.281250
0        18   1.757812
          2   0.195312



          count        pct
Ena_Vasp                  
1           967  94.433594
011111       31   3.027344
101          19   1.855469
10            3   0.292969
0             2   0.195312
              2   0.195312



              count        pct
IRSp53_Cdc42                  
0               514  50.195312
1               508  49.609375
                  2   0.195312



             count        pct
IRSp53_Rac1                  
1              434  42.382812
010            173  16.894531
0              160  15.625000
011            105  10.253906
110             75   7.324219
001             75   7.324219
                 2   0.195312



      count        pct
LIMK                  
1       495  48.339844
0       476  46.484375
110      44   4.296875
010       7   0.683594
          2   0.195312



      count        pct
NET1                  
0       526  51.367188
110     152  14.843750
010     136  13.281250
1       133  12.988281
011      75   7.324219
          2   0.195312



     count        pct
PAK                  
1      526  51.367188
010    152  14.843750
011    136  13.281250
0      133  12.988281
001     75   7.324219
         2   0.195312



      count        pct
PIP2                  
0       528  51.562500
1       494  48.242188
          2   0.195312



     count        pct
PKD                  
0      476  46.484375
1      358  34.960938
110    137  13.378906
001     51   4.980469
         2   0.195312



          count        pct
Profilin                  
1           682  66.601562
101         124  12.109375
0           113  11.035156
111110       48   4.687500
01           28   2.734375
110          27   2.636719
              2   0.195312



      count        pct
ROCK                  
0       476  46.484375
1       358  34.960938
101     137  13.378906
010      51   4.980469
          2   0.195312



     count        pct
ROS                  
1      434  42.382812
010    173  16.894531
0      160  15.625000
011    105  10.253906
110     75   7.324219
001     75   7.324219
         2   0.195312



      count        pct
Rac1                  
1       434  42.382812
100     173  16.894531
0       160  15.625000
110     105  10.253906
101      75   7.324219
010      75   7.324219
          2   0.195312



      count        pct
RhoA                  
0       434  42.382812
1       387  37.792969
011     157  15.332031
100      44   4.296875
          2   0.195312



     count        pct
SSH                  
0      495  48.339844
1      476  46.484375
010     44   4.296875
011      7   0.683594
         2   0.195312



          count        pct
Thymosin                  
0           655  63.964844
01          211  20.605469
1           156  15.234375
              2   0.195312



        count        pct
WASP                    
1         568  55.468750
01        184  17.968750
0         158  15.429688
011        85   8.300781
000101     27   2.636719
            2   0.195312



      count        pct
WAVE                  
1       614  59.960938
011     173  16.894531
0       160  15.625000
101      75   7.324219
          2   0.195312



