          count        pct
ARHGAP22                  
0           655  63.964844
001111      237  23.144531
010         127  12.402344
1             5   0.488281



          count        pct
Actin_BR                  
010         462  45.117188
0           253  24.707031
000001      237  23.144531
101          54   5.273438
1            18   1.757812



           count        pct
Actin_ST                   
011          249  24.316406
0            245  23.925781
100111       237  23.144531
010          213  20.800781
1             44   4.296875
000001110     36   3.515625



        count        pct
Arp2_3                  
100       462  45.117188
0         253  24.707031
000010    237  23.144531
011        54   5.273438
1          18   1.757812



    count    pct
CP              
0    1024  100.0



       count        pct
Cdc42                  
0        524  51.171875
1        500  48.828125



         count        pct
Cofilin                  
0          597  58.300781
1          264  25.781250
010        148  14.453125
101         10   0.976562
10           5   0.488281



         count        pct
Coronin                  
1          507  49.511719
0          480  46.875000
01          37   3.613281



           count        pct
Cortactin                  
001          462  45.117188
000100       237  23.144531
0            217  21.191406
110           54   5.273438
000001111     36   3.515625
1             18   1.757812



           count        pct
Dia1                       
0            533  52.050781
011110       237  23.144531
100          213  20.800781
000111100     36   3.515625
1              5   0.488281



           count        pct
Dia2                       
1            505  49.316406
011110       237  23.144531
100          213  20.800781
000111100     36   3.515625
0             33   3.222656



          count        pct
Ena_Vasp                  
1           505  49.316406
100111      237  23.144531
0           155  15.136719
001         127  12.402344



              count        pct
IRSp53_Cdc42                  
0               524  51.171875
1               500  48.828125



             count        pct
IRSp53_Rac1                  
001            462  45.117188
000100         237  23.144531
0              217  21.191406
110             54   5.273438
000001111       36   3.515625
1               18   1.757812



        count        pct
LIMK                    
0         507  49.511719
1         243  23.730469
101111    237  23.144531
10         37   3.613281



           count        pct
NET1                       
0            514  50.195312
111101       237  23.144531
011          213  20.800781
011111000     36   3.515625
100           19   1.855469
1              5   0.488281



           count        pct
PAK                        
1            514  50.195312
000100       237  23.144531
001          213  20.800781
000001111     36   3.515625
110           19   1.855469
0              5   0.488281



      count        pct
PIP2                  
1       539  52.636719
0       485  47.363281



        count        pct
PKD                     
0         655  63.964844
001111    237  23.144531
010       127  12.402344
1           5   0.488281



           count        pct
Profilin                   
110          462  45.117188
001111       237  23.144531
0            212  20.703125
1             77   7.519531
110011111     36   3.515625



        count        pct
ROCK                    
0         655  63.964844
011110    237  23.144531
100       127  12.402344
1           5   0.488281



           count        pct
ROS                        
001          462  45.117188
000100       237  23.144531
0            217  21.191406
110           54   5.273438
000001111     36   3.515625
1             18   1.757812



           count        pct
Rac1                       
010          462  45.117188
001000       237  23.144531
0            217  21.191406
101           54   5.273438
000011110     36   3.515625
1             18   1.757812



           count        pct
RhoA                       
0            533  52.050781
111100       237  23.144531
001          213  20.800781
001111000     36   3.515625
1              5   0.488281



     count        pct
SSH                  
1      507  49.511719
0      480  46.875000
10      37   3.613281



          count        pct
Thymosin                  
1           597  58.300781
0           264  25.781250
110         148  14.453125
001          10   0.976562
10            5   0.488281



      count    pct
WASP              
0      1024  100.0



           count        pct
WAVE                       
101          462  45.117188
000110       237  23.144531
0            217  21.191406
1             72   7.031250
100001111     36   3.515625



