                    count        pct
Actin_BR Actin_ST                   
010      011          249  24.316406
000001   100111       237  23.144531
010      010          213  20.800781
0        0            212  20.703125
         000001110     36   3.515625
101      1             35   3.417969
         0             19   1.855469
1        0             14   1.367188
0        1              5   0.488281
1        1              4   0.390625



                     count        pct
Rac1      RhoA                       
010       0            249  24.316406
001000    111100       237  23.144531
010       001          213  20.800781
0         0            212  20.703125
101       0             54   5.273438
000011110 001111000     36   3.515625
1         0             18   1.757812
0         1              5   0.488281



