                     count        pct
cycle_Actin_BR_norm                  
0                      406  39.648438
1                      399  38.964844
0010                    71   6.933594
1001                    53   5.175781
01                      33   3.222656
10                      25   2.441406
011                     20   1.953125
1101                    17   1.660156



                     count        pct
cycle_Actin_ST_norm                  
1                      369  36.035156
0                      270  26.367188
0111                   255  24.902344
10                      71   6.933594
0001                    21   2.050781
110                     20   1.953125
101111                   6   0.585938
01111                    6   0.585938
011000                   3   0.292969
00010                    3   0.292969



                   count        pct
cycle_Arp2_3_norm                  
0                    406  39.648438
1                    399  38.964844
0100                  71   6.933594
0011                  53   5.175781
10                    33   3.222656
01                    25   2.441406
110                   20   1.953125
1011                  17   1.660156



               count        pct
cycle_CP_norm                  
1                519  50.683594
0                505  49.316406



                  count        pct
cycle_Cdc42_norm                  
0                   516  50.390625
1                   508  49.609375



                    count        pct
cycle_Cofilin_norm                  
0                     582  56.835938
1                     277  27.050781
0010                   87   8.496094
1100                   42   4.101562
01                     30   2.929688
10                      6   0.585938



                    count        pct
cycle_Coronin_norm                  
0                     659  64.355469
0100                  215  20.996094
1                      91   8.886719
1110                   52   5.078125
01                      7   0.683594



                      count    pct
cycle_Cortactin_norm              
0                      1024  100.0



                 count        pct
cycle_Dia1_norm                  
0                  553  54.003906
1                  233  22.753906
1001               110  10.742188
1101                71   6.933594
1000                20   1.953125
01                  19   1.855469
111000               9   0.878906
10001                6   0.585938
11000                3   0.292969



                 count        pct
cycle_Dia2_norm                  
1                  544  53.125000
1101               419  40.917969
01                  23   2.246094
101                 20   1.953125
111110               9   0.878906
11101                6   0.585938
11110                3   0.292969



                     count        pct
cycle_Ena_Vasp_norm                  
1                     1015  99.121094
011111                   6   0.585938
111100                   3   0.292969



                   count        pct
cycle_IRSp53_norm                  
1                    539  52.636719
0                    459  44.824219
0111                  17   1.660156
011110                 9   0.878906



                 count        pct
cycle_LIMK_norm                  
1                  659  64.355469
1011               215  20.996094
0                   91   8.886719
0001                52   5.078125
10                   7   0.683594



                count        pct
cycle_PAK_norm                  
1                 998  97.460938
0111               17   1.660156
011110              9   0.878906



                 count        pct
cycle_PIP2_norm                  
0                  519  50.683594
1                  505  49.316406



                count        pct
cycle_PKD_norm                  
1                 491  47.949219
1100              215  20.996094
1110              152  14.843750
0                  91   8.886719
0100               52   5.078125
10                 23   2.246094



                     count        pct
cycle_Profilin_norm                  
1                      554  54.101562
0                      270  26.367188
1110                   129  12.597656
01                      32   3.125000
0010                    21   2.050781
11110                    6   0.585938
011111                   6   0.585938
110000                   3   0.292969
00100                    3   0.292969



                 count        pct
cycle_ROCK_norm                  
1                  491  47.949219
1001               215  20.996094
1101               152  14.843750
0                   91   8.886719
1000                52   5.078125
01                  23   2.246094



                  count        pct
cycle_ROCK__norm                  
1                   491  47.949219
1100                215  20.996094
1110                152  14.843750
0                    91   8.886719
0100                 52   5.078125
10                   23   2.246094



                 count        pct
cycle_Rac1_norm                  
0                  491  47.949219
1001               215  20.996094
1000               152  14.843750
1                   53   5.175781
1101                52   5.078125
10                  23   2.246094
011                 20   1.953125
111100               9   0.878906
11001                6   0.585938
11100                3   0.292969



                 count        pct
cycle_RhoA_norm                  
1                  491  47.949219
0011               232  22.656250
1011               152  14.843750
0                   53   5.175781
0001                35   3.417969
10                  23   2.246094
010                 20   1.953125
110001               9   0.878906
00011                6   0.585938
10001                3   0.292969



                count        pct
cycle_SSH_norm                  
0                 659  64.355469
1000              215  20.996094
1                  91   8.886719
1101               52   5.078125
10                  7   0.683594



                     count        pct
cycle_Thymosin_norm                  
0                      436  42.578125
1                      299  29.199219
01                     237  23.144531
10                      52   5.078125



                 count        pct
cycle_WASP_norm                  
1                  436  42.578125
0                  299  29.199219
01                 237  23.144531
10                  52   5.078125



                 count        pct
cycle_WAVE_norm                  
0                  491  47.949219
1100               215  20.996094
0100               152  14.843750
1                   53   5.175781
1110                52   5.078125
01                  23   2.246094
101                 20   1.953125
011110               9   0.878906
11100                6   0.585938
01110                3   0.292969



