          count    pct
ARHGAP22              
0          1024  100.0



          count        pct
Actin_BR                  
1           624  60.937500
011         239  23.339844
001         137  13.378906
0            24   2.343750



          count        pct
Actin_ST                  
1           431  42.089844
0           353  34.472656
001         216  21.093750
11110111     16   1.562500
00000111      8   0.781250



        count        pct
Arp2_3                  
1         624  60.937500
110       239  23.339844
010       137  13.378906
0          24   2.343750



     count        pct
CP                   
0      455  44.433594
1      308  30.078125
001    137  13.378906
011     79   7.714844
10      45   4.394531



       count        pct
Cdc42                  
1        526  51.367188
0        498  48.632812



         count        pct
Cofilin                  
1          730  71.289062
011        160  15.625000
01         110  10.742188
0           24   2.343750



         count    pct
Coronin              
1         1024  100.0



           count        pct
Cortactin                  
1            624  60.937500
101          239  23.339844
100          137  13.378906
10000111      24   2.343750



          count        pct
Dia1                      
0           703  68.652344
100         297  29.003906
00011110     24   2.343750



          count        pct
Dia2                      
1           526  51.367188
100         239  23.339844
110         137  13.378906
0           114  11.132812
00011110      8   0.781250



          count        pct
Ena_Vasp                  
1           834  81.445312
011         137  13.378906
10           45   4.394531
0             8   0.781250



              count        pct
IRSp53_Cdc42                  
1               526  51.367188
0               498  48.632812



             count        pct
IRSp53_Rac1                  
1              624  60.937500
101            239  23.339844
100            137  13.378906
10000111        24   2.343750



      count    pct
LIMK              
0      1024  100.0



      count    pct
NET1              
0      1024  100.0



          count        pct
PAK                       
1           640  62.500000
101         239  23.339844
100         137  13.378906
10000111      8   0.781250



      count        pct
PIP2                  
0       524  51.171875
1       500  48.828125



     count    pct
PKD              
0     1024  100.0



          count        pct
Profilin                  
1           863  84.277344
011         137  13.378906
11101111     24   2.343750



      count    pct
ROCK              
0      1024  100.0



          count        pct
ROS                       
1           624  60.937500
101         239  23.339844
100         137  13.378906
10000111     24   2.343750



          count        pct
Rac1                      
1           624  60.937500
011         239  23.339844
001         137  13.378906
00001111     24   2.343750



          count        pct
RhoA                      
0           624  60.937500
001         239  23.339844
101         137  13.378906
00111100     24   2.343750



     count    pct
SSH              
1     1024  100.0



          count        pct
Thymosin                  
0           890  86.914062
01          110  10.742188
1            24   2.343750



      count        pct
WASP                  
1       753  73.535156
110     137  13.378906
01      110  10.742188
0        24   2.343750



          count        pct
WAVE                      
1           863  84.277344
110         137  13.378906
11000111     24   2.343750



