                   count        pct
Actin_BR Actin_ST                  
1        1           514  50.195312
0        0           155  15.136719
001      1           118  11.523438
         101         112  10.937500
110      1            84   8.203125
0        1            33   3.222656
         10            7   0.683594
1        0             1   0.097656



           count        pct
Rac1 RhoA                  
1    0       515  50.292969
001  0       230  22.460938
0    0       195  19.042969
110  0        84   8.203125



