                   count        pct
Actin_BR Actin_ST                  
011      010         156  15.234375
         1           120  11.718750
000100   011101      114  11.132812
010001   010001       64   6.250000
001101   001          64   6.250000
000100   1            61   5.957031
010      1            56   5.468750
100      101          49   4.785156
000100   011111       48   4.687500
001101   1            47   4.589844
010      110          44   4.296875
100      1            37   3.613281
1        0            27   2.636719
010001   1            24   2.343750
001101   101          19   1.855469
010001   101          17   1.660156
100      011111       16   1.562500
0        1            12   1.171875
010001   011111       12   1.171875
         001011       11   1.074219
1        1             6   0.585938
0100     1101          5   0.488281
01       01            5   0.488281
         0             4   0.390625
         1             4   0.390625
0100     1             1   0.097656
0        01            1   0.097656



               count        pct
Rac1   RhoA                    
011    100       276  26.953125
100000 111011    223  21.777344
101001 110010    130  12.695312
001010 101110    128  12.500000
010    101       100   9.765625
100    011        86   8.398438
1      0          33   3.222656
10     10         20   1.953125
110    001        16   1.562500
0      1          12   1.171875



