                     count     pct
cycle_Actin_BR_norm               
1                     8233  0.8233
1011                   876  0.0876
0011                   476  0.0476
10                      88  0.0088
001000                  79  0.0079
01111                   66  0.0066
0100                    66  0.0066
0                       64  0.0064
10011                   52  0.0052



                     count     pct
cycle_Actin_ST_norm               
1                     4735  0.4735
10                    2019  0.2019
1110                  1268  0.1268
0                     1186  0.1186
0011                   595  0.0595
100011                  79  0.0079
00001                   66  0.0066
11000                   52  0.0052



                   count     pct
cycle_Arp2_3_norm               
1                   8233  0.8233
0111                 876  0.0876
0110                 476  0.0476
01                    88  0.0088
010000                79  0.0079
11110                 66  0.0066
1000                  66  0.0066
0                     64  0.0064
00111                 52  0.0052



               count     pct
cycle_CP_norm               
1               5026  0.5026
0               4974  0.4974



                  count     pct
cycle_Cdc42_norm               
0                  5005  0.5005
1                  4995  0.4995



                    count     pct
cycle_Cofilin_norm               
0                    7477  0.7477
1                     881  0.0881
0111                  622  0.0622
10                    390  0.0390
1000                  220  0.0220
1001                  175  0.0175
000100                 79  0.0079
0101000101             66  0.0066
1000100010             52  0.0052
01                     38  0.0038



                    count     pct
cycle_Coronin_norm               
0                    6299  0.6299
0010                 2054  0.2054
1                     923  0.0923
1101                  653  0.0653
01                     71  0.0071



                      count     pct
cycle_Cortactin_norm               
1                      7842  0.7842
1110                   2054  0.2054
110111                  104  0.0104



                 count     pct
cycle_Dia1_norm               
0                 5242  0.5242
1                 2364  0.2364
1100              1139  0.1139
1011               665  0.0665
0010               175  0.0175
10                 169  0.0169
001110             104  0.0104
00100               66  0.0066
11000               46  0.0046
00011               30  0.0030



                 count     pct
cycle_Dia2_norm               
1                 5232  0.5232
1110              4260  0.4260
01                 262  0.0262
101111             104  0.0104
10111              103  0.0103
11110               39  0.0039



                     count     pct
cycle_Ena_Vasp_norm               
1                     9896  0.9896
111011                  79  0.0079
110011                  25  0.0025



                   count     pct
cycle_IRSp53_norm               
1                   5277  0.5277
0                   4338  0.4338
1011                 281  0.0281
100111               104  0.0104



                 count     pct
cycle_LIMK_norm               
1                 6299  0.6299
1101              2054  0.2054
0                  923  0.0923
0010               653  0.0653
10                  71  0.0071



                count     pct
cycle_PAK_norm               
1                9615  0.9615
1011              281  0.0281
100111            104  0.0104



                 count     pct
cycle_PIP2_norm               
0                 5026  0.5026
1                 4974  0.4974



                count     pct
cycle_PKD_norm               
1                4667  0.4667
0110             2054  0.2054
1110             1441  0.1441
0                 923  0.0923
1000              653  0.0653
10                262  0.0262



                     count     pct
cycle_Profilin_norm               
1                     5695  0.5695
01                    2000  0.2000
0                     1186  0.1186
0110                   595  0.0595
1011                   327  0.0327
000111                  79  0.0079
00010                   66  0.0066
10001                   52  0.0052



                 count     pct
cycle_ROCK_norm               
1                 4667  0.4667
1100              2054  0.2054
1101              1441  0.1441
0                  923  0.0923
0001               653  0.0653
01                 262  0.0262



                  count     pct
cycle_ROCK__norm               
1                  4667  0.4667
0110               2054  0.2054
1110               1441  0.1441
0                   923  0.0923
1000                653  0.0653
10                  262  0.0262



                 count     pct
cycle_Rac1_norm               
0                 4667  0.4667
1100              2069  0.2069
1000              1441  0.1441
1011               750  0.0750
1                  565  0.0565
10                 262  0.0262
001111             104  0.0104
01111               66  0.0066
11100               46  0.0046
10011               30  0.0030



                 count     pct
cycle_RhoA_norm               
1                 4667  0.4667
1001              2350  0.2350
1011              1441  0.1441
0                  565  0.0565
0010               469  0.0469
10                 262  0.0262
011100             104  0.0104
01000               66  0.0066
10001               46  0.0046
00110               30  0.0030



                count     pct
cycle_SSH_norm               
0                6299  0.6299
0100             2054  0.2054
1                 923  0.0923
1011              653  0.0653
10                 71  0.0071



                     count     pct
cycle_Thymosin_norm               
0                     4481  0.4481
01                    4355  0.4355
1                     1164  0.1164



                 count     pct
cycle_WASP_norm               
1                 4481  0.4481
01                4355  0.4355
0                 1164  0.1164



                 count  pct
cycle_WAVE_norm            
0                10000  1.0



