                                         count    pct
cycle_Actin_BR_norm cycle_Actin_ST_norm              
1                   1                     4623  46.23
                    10                    1516  15.16
                    1110                  1165  11.65
                    0                      929   9.29
1011                10                     354   3.54
                    0011                   307   3.07
0011                0011                   288   2.88
                    0                      188   1.88
1011                1                      112   1.12
                    1110                   103   1.03
10                  10                      83   0.83
001000              100011                  79   0.79
01111               00001                   66   0.66
0100                10                      66   0.66
0                   0                       64   0.64
10011               11000                   52   0.52
10                  0                        5   0.05



