          count        pct
ARHGAP22                  
1          1173  57.275391
11011       373  18.212891
01011       193   9.423828
10010       107   5.224609
11001        92   4.492188
00110        67   3.271484
00010        33   1.611328
0            10   0.488281



          count   pct
Actin_BR             
1          1024  50.0
0          1024  50.0



          count        pct
Actin_ST                  
1          1209  59.033203
0           494  24.121094
11011       345  16.845703



        count   pct
Arp2_3             
1        1024  50.0
0        1024  50.0



    count        pct
CP                  
0    1047  51.123047
1    1001  48.876953



       count        pct
Cdc42                  
0       1029  50.244141
1       1019  49.755859



         count        pct
Cofilin                  
0         1543  75.341797
11011      190   9.277344
01101       83   4.052734
1           82   4.003906
01001       62   3.027344
11100       42   2.050781
10001       30   1.464844
01000       16   0.781250



         count    pct
Coronin              
0         2048  100.0



           count        pct
Cortactin                  
0           1173  57.275391
00001        373  18.212891
00101        193   9.423828
01011        107   5.224609
10001         92   4.492188
01110         67   3.271484
01111         33   1.611328
1             10   0.488281



       count        pct
Dia1                   
0       1009  49.267578
1        597  29.150391
10111    183   8.935547
10101    110   5.371094
10011     50   2.441406
00101     45   2.197266
01100     37   1.806641
00100     17   0.830078



       count        pct
Dia2                   
1       1183  57.763672
10111    706  34.472656
01110    159   7.763672



          count    pct
Ena_Vasp              
1          2048  100.0



              count        pct
IRSp53_Cdc42                  
0              1029  50.244141
1              1019  49.755859



             count        pct
IRSp53_Rac1                  
0             1173  57.275391
00001          373  18.212891
00101          193   9.423828
01011          107   5.224609
10001           92   4.492188
01110           67   3.271484
01111           33   1.611328
1               10   0.488281



      count    pct
LIMK              
1      2048  100.0



      count   pct
NET1             
1      1024  50.0
0      1024  50.0



     count   pct
PAK             
1     1024  50.0
0     1024  50.0



      count        pct
PIP2                  
1      1047  51.123047
0      1001  48.876953



       count        pct
PKD                    
1       1173  57.275391
11011    373  18.212891
01011    193   9.423828
10010    107   5.224609
11001     92   4.492188
00110     67   3.271484
00010     33   1.611328
0         10   0.488281



          count        pct
Profilin                  
1          1554  75.878906
0           494  24.121094



       count        pct
ROCK                   
1       1173  57.275391
10111    373  18.212891
10110    193   9.423828
00101    107   5.224609
10011     92   4.492188
01100     67   3.271484
00100     33   1.611328
0         10   0.488281



       count        pct
ROS                    
0       1173  57.275391
00001    373  18.212891
00101    193   9.423828
01011    107   5.224609
10001     92   4.492188
01110     67   3.271484
01111     33   1.611328
1         10   0.488281



       count        pct
Rac1                   
0       1173  57.275391
00010    373  18.212891
01010    193   9.423828
10110    107   5.224609
00011     92   4.492188
11100     67   3.271484
11110     33   1.611328
1         10   0.488281



       count        pct
RhoA                   
1       1173  57.275391
01111    373  18.212891
01101    193   9.423828
01010    107   5.224609
00111     92   4.492188
11000     67   3.271484
01000     33   1.611328
0         10   0.488281



     count    pct
SSH              
0     2048  100.0



          count    pct
Thymosin              
0          2048  100.0



      count        pct
WASP                  
1      1554  75.878906
0       494  24.121094



       count        pct
WAVE                   
0       1173  57.275391
10001    373  18.212891
01111    260  12.695312
1        150   7.324219
11001     92   4.492188



