                   count        pct
Actin_BR Actin_ST                  
1        1           679  33.154297
0        1           530  25.878906
         0           494  24.121094
1        11011       345  16.845703



             count        pct
Rac1  RhoA                   
0     1       1173  57.275391
00010 01111    373  18.212891
01010 01101    193   9.423828
10110 01010    107   5.224609
00011 00111     92   4.492188
11100 11000     67   3.271484
11110 01000     33   1.611328
1     0         10   0.488281



