          count        pct
ARHGAP22                  
0           648  63.281250
010         172  16.796875
1           109  10.644531
011110       95   9.277344



          count        pct
Actin_BR                  
1           382  37.304688
010         245  23.925781
110         191  18.652344
0           111  10.839844
000010       95   9.277344



          count        pct
Actin_ST                  
1           715  69.824219
0           108  10.546875
101         101   9.863281
001         100   9.765625



        count        pct
Arp2_3                  
1         382  37.304688
100       245  23.925781
101       191  18.652344
0         111  10.839844
000100     95   9.277344



    count        pct
CP                  
1     518  50.585938
0     506  49.414062



       count      pct
Cdc42                
0        528  51.5625
1        496  48.4375



         count        pct
Cofilin                  
1          510  49.804688
0          301  29.394531
011        138  13.476562
001         75   7.324219



         count       pct
Coronin                 
1          648  63.28125
0          376  36.71875



           count        pct
Cortactin                  
1            382  37.304688
001          245  23.925781
011          191  18.652344
0            111  10.839844
001000        95   9.277344



        count        pct
Dia1                    
0         795  77.636719
100       131  12.792969
111100     95   9.277344
1           3   0.292969



        count        pct
Dia2                    
1         493  48.144531
101       419  40.917969
111100     95   9.277344
001        17   1.660156



          count        pct
Ena_Vasp                  
1          1000  97.656250
011          22   2.148438
0             2   0.195312



              count      pct
IRSp53_Cdc42                
0               528  51.5625
1               496  48.4375



             count    pct
IRSp53_Rac1              
0             1024  100.0



        count        pct
LIMK                    
0         648  63.281250
1         281  27.441406
011111     95   9.277344



        count        pct
NET1                    
0         507  49.511719
011       228  22.265625
1         111  10.839844
111011     95   9.277344
001        83   8.105469



        count        pct
PAK                     
1         507  49.511719
001       228  22.265625
0         111  10.839844
001000     95   9.277344
101        83   8.105469



      count        pct
PIP2                  
0       518  50.585938
1       506  49.414062



        count        pct
PKD                     
0         648  63.281250
010       172  16.796875
1         109  10.644531
011110     95   9.277344



          count        pct
Profilin                  
1           819  79.980469
0           108  10.546875
011          97   9.472656



        count        pct
ROCK                    
0         648  63.281250
100       172  16.796875
1         109  10.644531
111100     95   9.277344



        count        pct
ROS                     
1         382  37.304688
001       245  23.925781
011       191  18.652344
0         111  10.839844
001000     95   9.277344



        count        pct
Rac1                    
1         382  37.304688
010       245  23.925781
110       191  18.652344
0         111  10.839844
010000     95   9.277344



        count        pct
RhoA                    
0         590  57.617188
001       228  22.265625
1         111  10.839844
111001     95   9.277344



     count       pct
SSH                 
1      648  63.28125
0      376  36.71875



          count    pct
Thymosin              
0          1024  100.0



      count        pct
WASP                  
1       819  79.980469
0       108  10.546875
110      97   9.472656



        count        pct
WAVE                    
1         382  37.304688
001       245  23.925781
011       191  18.652344
0         111  10.839844
001000     95   9.277344



