                   count        pct
Actin_BR Actin_ST                  
1        1           382  37.304688
010      1           145  14.160156
0        0           108  10.546875
110      101         101   9.863281
010      001         100   9.765625
000010   1            95   9.277344
110      1            90   8.789062
0        1             3   0.292969



               count        pct
Rac1   RhoA                    
1      0         382  37.304688
010    001       228  22.265625
110    0         191  18.652344
0      1         111  10.839844
010000 111001     95   9.277344
010    0          17   1.660156



