                   count        pct
Actin_BR Actin_ST                  
1        1           493  48.144531
0        0           191  18.652344
001      1           129  12.597656
         0            93   9.082031
011      101          44   4.296875
         1            42   4.101562
0        1            24   2.343750
         01            7   0.683594
1        0             1   0.097656



           count        pct
Rac1 RhoA                  
1    0       494  48.242188
001  0       222  21.679688
0    0       222  21.679688
011  0        86   8.398438



