          count        pct
ARHGAP22                  
0           563  54.980469
1           220  21.484375
010         121  11.816406
100         120  11.718750



          count        pct
Actin_BR                  
1           468  45.703125
0           233  22.753906
010         123  12.011719
100         120  11.718750
011          42   4.101562
101          38   3.710938



          count        pct
Actin_ST                  
1           577  56.347656
0           225  21.972656
110100      120  11.718750
100          62   6.054688
111011       21   2.050781
110101       17   1.660156
110           2   0.195312



        count        pct
Arp2_3                  
1         468  45.703125
0         233  22.753906
100       123  12.011719
001       120  11.718750
110        42   4.101562
011        38   3.710938



        count        pct
CP                      
1         507  49.511719
0         417  40.722656
000010     64   6.250000
000101     21   2.050781
010        11   1.074219
01          3   0.292969
011         1   0.097656



       count        pct
Cdc42                  
0        547  53.417969
1        477  46.582031



         count        pct
Cofilin                  
0          874  85.351562
001         77   7.519531
000100      73   7.128906



         count    pct
Coronin              
0         1024  100.0



           count        pct
Cortactin                  
1            468  45.703125
0            233  22.753906
001          123  12.011719
010          120  11.718750
101           42   4.101562
110           38   3.710938



      count    pct
Dia1              
0      1024  100.0



      count        pct
Dia2                  
1       688  67.187500
101     163  15.917969
110     158  15.429688
0        13   1.269531
010       2   0.195312



          count        pct
Ena_Vasp                  
1           844  82.421875
111010      120  11.718750
01           42   4.101562
001          17   1.660156
0             1   0.097656



              count        pct
IRSp53_Cdc42                  
0               547  53.417969
1               477  46.582031



             count        pct
IRSp53_Rac1                  
1              468  45.703125
0              233  22.753906
001            123  12.011719
010            120  11.718750
101             42   4.101562
110             38   3.710938



      count        pct
LIMK                  
1       946  92.382812
110      40   3.906250
011      38   3.710938



      count        pct
NET1                  
0       485  47.363281
1       220  21.484375
011     121  11.816406
110     120  11.718750
001      40   3.906250
100      38   3.710938



     count        pct
PAK                  
1      485  47.363281
0      220  21.484375
001    121  11.816406
010    120  11.718750
101     40   3.906250
110     38   3.710938



      count        pct
PIP2                  
1       517  50.488281
0       507  49.511719



     count        pct
PKD                  
0      563  54.980469
1      220  21.484375
010    121  11.816406
100    120  11.718750



          count        pct
Profilin                  
1           615  60.058594
0           225  21.972656
101         184  17.968750



      count        pct
ROCK                  
0       563  54.980469
1       220  21.484375
100     121  11.816406
001     120  11.718750



     count        pct
ROS                  
1      468  45.703125
0      233  22.753906
001    123  12.011719
010    120  11.718750
101     42   4.101562
110     38   3.710938



      count        pct
Rac1                  
1       468  45.703125
0       233  22.753906
010     123  12.011719
100     120  11.718750
011      42   4.101562
101      38   3.710938



      count        pct
RhoA                  
0       563  54.980469
1       220  21.484375
001     121  11.816406
010     120  11.718750



     count    pct
SSH              
0     1024  100.0



          count        pct
Thymosin                  
0           409  39.941406
01          281  27.441406
1           176  17.187500
10          158  15.429688



        count        pct
WASP                    
1         353  34.472656
01        281  27.441406
0         176  17.187500
10        102   9.960938
011        56   5.468750
010001     56   5.468750



      count        pct
WAVE                  
1       548  53.515625
0       233  22.753906
101     123  12.011719
011     120  11.718750



