                   count        pct
Actin_BR Actin_ST                  
1        1          1076  52.539062
0        0           425  20.751953
         1           253  12.353516
101      1           111   5.419922
010      011          65   3.173828
01       1            59   2.880859
         01           50   2.441406
0        01            9   0.439453



           count        pct
Rac1 RhoA                  
1    0      1057  51.611328
0    1       815  39.794922
101  110     111   5.419922
010  1        65   3.173828



