          count        pct
ARHGAP22                  
0           660  64.453125
010         157  15.332031
1           109  10.644531
110011       98   9.570312



          count        pct
Actin_BR                  
1           505  49.316406
010         220  21.484375
0           126  12.304688
010000       98   9.570312
101          75   7.324219



          count        pct
Actin_ST                  
1           676  66.015625
0           122  11.914062
100         106  10.351562
100111       42   4.101562
011          36   3.515625
011010       30   2.929688
000110       11   1.074219
01            1   0.097656



        count        pct
Arp2_3                  
1         505  49.316406
100       220  21.484375
0         126  12.304688
100000     98   9.570312
011        75   7.324219



        count        pct
CP                      
1         511  49.902344
0         477  46.582031
010000     30   2.929688
01          4   0.390625
010         2   0.195312



       count      pct
Cdc42                
0        528  51.5625
1        496  48.4375



         count        pct
Cofilin                  
1          558  54.492188
0          147  14.355469
010        125  12.207031
000010     101   9.863281
101         65   6.347656
01          28   2.734375



         count        pct
Coronin                  
1          652  63.671875
0          369  36.035156
10           3   0.292969



           count        pct
Cortactin                  
1            505  49.316406
001          220  21.484375
0            126  12.304688
000001        98   9.570312
110           75   7.324219



        count        pct
Dia1                    
0         808  78.906250
100       114  11.132812
100111     98   9.570312
1           4   0.390625



        count        pct
Dia2                    
1         620  60.546875
101       295  28.808594
100111     98   9.570312
0          11   1.074219



          count        pct
Ena_Vasp                  
1           892  87.109375
101111       42   4.101562
011          37   3.613281
011101       30   2.929688
011110       11   1.074219
0             6   0.585938
01            4   0.390625
001           2   0.195312



              count      pct
IRSp53_Cdc42                
0               528  51.5625
1               496  48.4375



             count        pct
IRSp53_Rac1                  
1              505  49.316406
001            220  21.484375
0              126  12.304688
000001          98   9.570312
110             75   7.324219



      count    pct
LIMK              
0      1024  100.0



        count        pct
NET1                    
0         516  50.390625
011       220  21.484375
1         115  11.230469
011111     98   9.570312
100        75   7.324219



        count        pct
PAK                     
1         516  50.390625
001       220  21.484375
0         115  11.230469
000001     98   9.570312
110        75   7.324219



      count        pct
PIP2                  
1       513  50.097656
0       511  49.902344



        count        pct
PKD                     
0         660  64.453125
010       157  15.332031
1         109  10.644531
110011     98   9.570312



          count        pct
Profilin                  
1           712  69.531250
0           120  11.718750
101         106  10.351562
001111       42   4.101562
110          30   2.929688
001100       11   1.074219
010           2   0.195312
10            1   0.097656



        count        pct
ROCK                    
0         660  64.453125
100       157  15.332031
1         109  10.644531
100111     98   9.570312



        count        pct
ROS                     
1         505  49.316406
001       220  21.484375
0         126  12.304688
000001     98   9.570312
110        75   7.324219



        count        pct
Rac1                    
1         505  49.316406
010       220  21.484375
0         126  12.304688
000010     98   9.570312
101        75   7.324219



        count        pct
RhoA                    
0         591  57.714844
001       220  21.484375
1         115  11.230469
001111     98   9.570312



     count        pct
SSH                  
1      652  63.671875
0      369  36.035156
01       3   0.292969



          count        pct
Thymosin                  
0           795  77.636719
1           127  12.402344
10           72   7.031250
01           30   2.929688



      count        pct
WASP                  
1       683  66.699219
0       133  12.988281
011     106  10.351562
10       72   7.031250
01       30   2.929688



        count        pct
WAVE                    
1         580  56.640625
101       220  21.484375
0         126  12.304688
100001     98   9.570312



