                     count   pct
cycle_Actin_BR_norm             
0                      510  51.0
0010                   285  28.5
0110                    97   9.7
1                       44   4.4
1110                    30   3.0
011                     19   1.9
01                      15   1.5



                     count   pct
cycle_Actin_ST_norm             
1                      422  42.2
0                      259  25.9
0111                   175  17.5
01                      59   5.9
0001                    33   3.3
110                     19   1.9
1100111101              11   1.1
111110                   6   0.6
000011                   6   0.6
111001                   4   0.4
1001                     4   0.4
10000                    2   0.2



                   count   pct
cycle_Arp2_3_norm             
0                    510  51.0
0100                 285  28.5
1100                  97   9.7
1                     44   4.4
1101                  30   3.0
110                   19   1.9
10                    15   1.5



               count   pct
cycle_CP_norm             
0                503  50.3
1                492  49.2
10                 5   0.5



                  count   pct
cycle_Cdc42_norm             
0                   507  50.7
1                   493  49.3



                    count   pct
cycle_Cofilin_norm             
0                     713  71.3
0100                  106  10.6
1                      82   8.2
0110                   56   5.6
10                     21   2.1
0001000100             11   1.1
100010                  6   0.6
000010                  4   0.4
01                      1   0.1



                    count   pct
cycle_Coronin_norm             
0                     670  67.0
0100                  196  19.6
1                     102  10.2
1011                   30   3.0
01                      2   0.2



                      count   pct
cycle_Cortactin_norm             
0                       481  48.1
1100                    206  20.6
0001                    176  17.6
1                        44   4.4
1011                     30   3.0
101                      19   1.9
111000                   16   1.6
01                       15   1.5
10011                    13   1.3



                 count   pct
cycle_Dia1_norm             
0                  516  51.6
1                  239  23.9
1001               105  10.5
1101                81   8.1
100011              16   1.6
01                  15   1.5
0010                15   1.5
00110               13   1.3



                 count   pct
cycle_Dia2_norm             
1                  525  52.5
1101               412  41.2
101                 19   1.9
111011              16   1.6
01                  15   1.5
10111               13   1.3



                     count   pct
cycle_Ena_Vasp_norm             
1                      809  80.9
1110                   141  14.1
0011                    16   1.6
01                      15   1.5
10                      11   1.1
0                        8   0.8



                   count    pct
cycle_IRSp53_norm              
0                   1000  100.0



                 count   pct
cycle_LIMK_norm             
1                  670  67.0
1011               196  19.6
0                  102  10.2
0100                30   3.0
10                   2   0.2



                count   pct
cycle_PAK_norm             
1                 959  95.9
0111               25   2.5
111001             16   1.6



                 count   pct
cycle_PIP2_norm             
1                  508  50.8
0                  492  49.2



                count   pct
cycle_PKD_norm             
1                 481  48.1
1100              196  19.6
1011              176  17.6
0                 102  10.2
0001               30   3.0
10                 15   1.5



                     count   pct
cycle_Profilin_norm             
1                      516  51.6
0                      254  25.4
1110                   127  12.7
10                      37   3.7
0010                    33   3.3
11011                   11   1.1
111101                  10   1.0
000110                   6   0.6
0011                     4   0.4
00001                    2   0.2



                 count   pct
cycle_ROCK_norm             
1                  481  48.1
1001               196  19.6
0111               176  17.6
0                  102  10.2
0010                30   3.0
01                  15   1.5



                  count   pct
cycle_ROCK__norm             
1                   481  48.1
1100                196  19.6
1011                176  17.6
0                   102  10.2
0001                 30   3.0
10                   15   1.5



                 count   pct
cycle_Rac1_norm             
0                  481  48.1
1001               196  19.6
0010               176  17.6
1                   44   4.4
1110                40   4.0
011                 19   1.9
110011              16   1.6
10                  15   1.5
00111               13   1.3



                 count   pct
cycle_RhoA_norm             
1                  481  48.1
0011               221  22.1
1110               176  17.6
0                   44   4.4
010                 19   1.9
000111              16   1.6
10                  15   1.5
0100                15   1.5
01100               13   1.3



                count   pct
cycle_SSH_norm             
0                 670  67.0
1000              196  19.6
1                 102  10.2
0111               30   3.0
10                  2   0.2



                     count   pct
cycle_Thymosin_norm             
0                      393  39.3
1                      301  30.1
10                     229  22.9
01                      77   7.7



                 count   pct
cycle_WASP_norm             
1                  393  39.3
0                  301  30.1
10                 229  22.9
01                  77   7.7



                 count   pct
cycle_WAVE_norm             
0                  481  48.1
1100               196  19.6
0001               176  17.6
1                   44   4.4
0111                40   4.0
101                 19   1.9
111001              16   1.6
01                  15   1.5
10011               13   1.3



