                   count        pct
Actin_BR Actin_ST                  
1        1           730  35.644531
0        1           462  22.558594
         0           455  22.216797
1        11110       218  10.644531
101      1            80   3.906250
1        11100        75   3.662109
010      011          18   0.878906
101      011          10   0.488281



             count        pct
Rac1  RhoA                   
0     1       1052  51.367188
00010 01111    299  14.599609
1     0        271  13.232422
10100 11010    155   7.568359
10001 10011    105   5.126953
101   110       90   4.394531
01110 01100     58   2.832031
010   1         18   0.878906



