          count        pct
ARHGAP22                  
1          1045  51.025391
11110       371  18.115234
0           318  15.527344
10110       182   8.886719
00011        61   2.978516
10011        55   2.685547
001          16   0.781250



          count        pct
Actin_BR                  
1           979  47.802734
0           916  44.726562
101         118   5.761719
010          35   1.708984



          count        pct
Actin_ST                  
1          1202  58.691406
0           465  22.705078
10111       266  12.988281
011          65   3.173828
10011        50   2.441406



        count        pct
Arp2_3                  
1         979  47.802734
0         916  44.726562
011       118   5.761719
100        35   1.708984



    count        pct
CP                  
1    1036  50.585938
0    1012  49.414062



       count        pct
Cdc42                  
0       1044  50.976562
1       1004  49.023438



         count        pct
Cofilin                  
0         1267  61.865234
1          417  20.361328
11011      201   9.814453
11010       65   3.173828
101         59   2.880859
10001       39   1.904297



         count        pct
Coronin                  
0         1598  78.027344
1          318  15.527344
00011       61   2.978516
00001       55   2.685547
101         16   0.781250



           count        pct
Cortactin                  
0           1056  51.562500
01000        371  18.115234
01010        182   8.886719
1            170   8.300781
00011        116   5.664062
110          102   4.980469
001           51   2.490234



       count        pct
Dia1                   
0       1139  55.615234
1        497  24.267578
11101    170   8.300781
10101    117   5.712891
00110     39   1.904297
011       37   1.806641
11001     27   1.318359
010       22   1.074219



       count        pct
Dia2                   
1       1319  64.404297
11101    553  27.001953
00111    116   5.664062
110       60   2.929688



          count        pct
Ena_Vasp                  
1          2012  98.242188
110          27   1.318359
0             9   0.439453



              count        pct
IRSp53_Cdc42                  
0              1044  50.976562
1              1004  49.023438



             count    pct
IRSp53_Rac1              
0             2048  100.0



       count        pct
LIMK                   
1       1598  78.027344
0        318  15.527344
11100     61   2.978516
11110     55   2.685547
010       16   0.781250



      count        pct
NET1                  
0      1041  50.830078
1       914  44.628906
001      76   3.710938
011      17   0.830078



     count        pct
PAK                  
1     1041  50.830078
0      914  44.628906
101     76   3.710938
001     17   0.830078



      count        pct
PIP2                  
0      1036  50.585938
1      1012  49.414062



       count        pct
PKD                    
1       1045  51.025391
11110    371  18.115234
0        318  15.527344
10110    182   8.886719
00011     61   2.978516
10011     55   2.685547
001       16   0.781250



          count        pct
Profilin                  
1          1556  75.976562
0           465  22.705078
110          27   1.318359



       count        pct
ROCK                   
1       1045  51.025391
11101    371  18.115234
0        318  15.527344
01101    182   8.886719
00110     61   2.978516
00111     55   2.685547
010       16   0.781250



       count        pct
ROS                    
0       1056  51.562500
01000    371  18.115234
01010    182   8.886719
1        170   8.300781
110      118   5.761719
00111     61   2.978516
00011     55   2.685547
001       35   1.708984



       count        pct
Rac1                   
0       1056  51.562500
10000    371  18.115234
10100    182   8.886719
1        170   8.300781
101      118   5.761719
01110     61   2.978516
00110     55   2.685547
010       35   1.708984



       count        pct
RhoA                   
1       1073  52.392578
11011    371  18.115234
11010    182   8.886719
0        170   8.300781
101       94   4.589844
01100     61   2.978516
01110     55   2.685547
100       42   2.050781



       count        pct
SSH                    
0       1598  78.027344
1        318  15.527344
00110     61   2.978516
00010     55   2.685547
011       16   0.781250



          count    pct
Thymosin              
0          2048  100.0



      count        pct
WASP                  
1      1556  75.976562
0       465  22.705078
101      27   1.318359



       count        pct
WAVE                   
0       1056  51.562500
01000    371  18.115234
01010    182   8.886719
1        170   8.300781
110      118   5.761719
00111     61   2.978516
00011     55   2.685547
001       35   1.708984



