                   count        pct
Actin_BR Actin_ST                  
1        1           663  32.373047
0        0           465  22.705078
         1           451  22.021484
1        10111       266  12.988281
101      1            88   4.296875
1        10011        50   2.441406
010      011          35   1.708984
101      011          30   1.464844



             count        pct
Rac1  RhoA                   
0     1       1056  51.562500
10000 11011    371  18.115234
10100 11010    182   8.886719
1     0        170   8.300781
101   101       76   3.710938
01110 01100     61   2.978516
00110 01110     55   2.685547
101   100       42   2.050781
010   101       18   0.878906
      1         17   0.830078



