          count        pct
ARHGAP22                  
1           793  77.441406
01111        75   7.324219
10101        54   5.273438
00111        31   3.027344
10100        27   2.636719
10001        14   1.367188
01010        13   1.269531
01000         8   0.781250
00100         5   0.488281
0             4   0.390625



          count        pct
Actin_BR                  
0           568  55.468750
1           247  24.121094
0100        119  11.621094
01           90   8.789062



          count        pct
Actin_ST                  
1           568  55.468750
0           247  24.121094
01          209  20.410156



        count        pct
Arp2_3                  
0         568  55.468750
1         247  24.121094
1000      119  11.621094
10         90   8.789062



      count        pct
CP                    
0       568  55.468750
1       247  24.121094
0100    119  11.621094
01       90   8.789062



       count        pct
Cdc42                  
1        517  50.488281
0        507  49.511719



            count        pct
Cofilin                     
0             790  77.148438
0100           58   5.664062
11110          47   4.589844
01             38   3.710938
10110          32   3.125000
11100          15   1.464844
10010          15   1.464844
1              12   1.171875
00110           7   0.683594
1000000010      6   0.585938
00100           2   0.195312
0000000100      2   0.195312



         count    pct
Coronin              
0         1024  100.0



           count        pct
Cortactin                  
0            793  77.441406
00100         75   7.324219
10010         54   5.273438
00110         31   3.027344
11010         27   2.636719
10011         14   1.367188
01101         13   1.269531
11101          8   0.781250
11110          5   0.488281
1              4   0.390625



      count        pct
Dia1                  
1       568  55.468750
0       247  24.121094
1101    119  11.621094
01       90   8.789062



      count        pct
Dia2                  
1      1022  99.804688
0         2   0.195312



          count    pct
Ena_Vasp              
0          1024  100.0



              count        pct
IRSp53_Cdc42                  
1               517  50.488281
0               507  49.511719



             count        pct
IRSp53_Rac1                  
0              793  77.441406
00100           75   7.324219
10010           54   5.273438
00110           31   3.027344
11010           27   2.636719
10011           14   1.367188
01101           13   1.269531
11101            8   0.781250
11110            5   0.488281
1                4   0.390625



      count    pct
LIMK              
1      1024  100.0



      count        pct
NET1                  
0       519  50.683594
1       505  49.316406



     count        pct
PAK                  
1      519  50.683594
0      505  49.316406



      count        pct
PIP2                  
0       525  51.269531
1       499  48.730469



       count        pct
PKD                    
1        793  77.441406
01111     75   7.324219
10101     54   5.273438
00111     31   3.027344
10100     27   2.636719
10001     14   1.367188
01010     13   1.269531
01000      8   0.781250
00100      5   0.488281
0          4   0.390625



          count        pct
Profilin                  
1           815  79.589844
1110        119  11.621094
10           90   8.789062



       count        pct
ROCK                   
1        793  77.441406
11110     75   7.324219
01011     54   5.273438
01110     31   3.027344
01001     27   2.636719
00011     14   1.367188
10100     13   1.269531
10000      8   0.781250
01000      5   0.488281
0          4   0.390625



       count        pct
ROS                    
0        793  77.441406
00100     75   7.324219
10010     54   5.273438
00110     31   3.027344
11010     27   2.636719
10011     14   1.367188
01101     13   1.269531
11101      8   0.781250
11110      5   0.488281
1          4   0.390625



       count        pct
Rac1                   
0        793  77.441406
01000     75   7.324219
00101     54   5.273438
01100     31   3.027344
10101     27   2.636719
00111     14   1.367188
11010     13   1.269531
11011      8   0.781250
11101      5   0.488281
1          4   0.390625



       count        pct
RhoA                   
1        793  77.441406
11101     75   7.324219
10110     54   5.273438
11100     31   3.027344
10010     27   2.636719
00110     14   1.367188
01001     13   1.269531
00001      8   0.781250
10000      5   0.488281
0          4   0.390625



     count    pct
SSH              
0     1024  100.0



          count        pct
Thymosin                  
1           341  33.300781
0           334  32.617188
10          212  20.703125
01          137  13.378906



      count        pct
WASP                  
0       341  33.300781
1       334  32.617188
10      212  20.703125
01      137  13.378906



       count        pct
WAVE                   
0        793  77.441406
00110     75   7.324219
11011     68   6.640625
1         57   5.566406
00111     31   3.027344



