                   count        pct
Actin_BR Actin_ST                  
0        1           568  55.468750
1        0           247  24.121094
0100     01          119  11.621094
01       01           90   8.789062



             count        pct
Rac1  RhoA                   
0     1        793  77.441406
01000 11101     75   7.324219
00101 10110     54   5.273438
01100 11100     31   3.027344
10101 10010     27   2.636719
00111 00110     14   1.367188
11010 01001     13   1.269531
11011 00001      8   0.781250
11101 10000      5   0.488281
1     0          4   0.390625



