          count       pct
Actin_BR                 
0            64  50.00000
001          35  27.34375
011          18  14.06250
010          11   8.59375



          count       pct
Actin_ST                 
1            46  35.93750
0            39  30.46875
010          16  12.50000
110          12   9.37500
010011       11   8.59375
10            4   3.12500



        count       pct
Arp2_3                 
0          64  50.00000
010        35  27.34375
110        18  14.06250
100        11   8.59375



     count       pct
CP                  
1       70  54.68750
0       57  44.53125
001      1   0.78125



       count     pct
Cdc42               
0         68  53.125
1         60  46.875



         count       pct
Cofilin                 
0           68  53.12500
1           28  21.87500
110         21  16.40625
010000      11   8.59375



         count       pct
Coronin                 
0           75  58.59375
1           49  38.28125
01           4   3.12500



           count       pct
Cortactin                 
0             64  50.00000
100           35  27.34375
101           18  14.06250
001           11   8.59375



      count    pct
Dia1              
0       128  100.0



      count       pct
Dia2                 
1        33  25.78125
0        31  24.21875
110      30  23.43750
100      23  17.96875
101      11   8.59375



          count       pct
Ena_Vasp                 
1           111  86.71875
101011       11   8.59375
011           4   3.12500
010           2   1.56250



        count     pct
IRSp53               
0          68  53.125
1          60  46.875



      count       pct
LIMK                 
1        75  58.59375
0        49  38.28125
10        4   3.12500



      count       pct
NET1                 
1        60  46.87500
0        33  25.78125
110      12   9.37500
010      12   9.37500
100      11   8.59375



     count       pct
PAK                 
1       60  46.87500
0       33  25.78125
101     12   9.37500
100     12   9.37500
001     11   8.59375



      count      pct
PIP2                
0        70  54.6875
1        58  45.3125



     count       pct
PKD                 
0       80  62.50000
1       32  25.00000
010     11   8.59375
100      5   3.90625



          count       pct
Profilin                 
1            69  53.90625
0            39  30.46875
100110       11   8.59375
011           4   3.12500
01            4   3.12500
001           1   0.78125



      count       pct
ROCK                 
0        80  62.50000
1        32  25.00000
100      11   8.59375
001       5   3.90625



       count       pct
ROCK_                 
0         80  62.50000
1         32  25.00000
010       11   8.59375
100        5   3.90625



     count       pct
ROS                 
0       64  50.00000
100     35  27.34375
101     18  14.06250
001     11   8.59375



      count       pct
Rac1                 
0        64  50.00000
001      35  27.34375
011      18  14.06250
010      11   8.59375



      count       pct
RhoA                 
0        72  56.25000
1        33  25.78125
100      12   9.37500
001      11   8.59375



     count       pct
SSH                 
0       75  58.59375
1       49  38.28125
10       4   3.12500



          count       pct
Thymosin                 
0            73  57.03125
01           30  23.43750
1            25  19.53125



        count       pct
WASP                   
1          69  53.90625
0          25  19.53125
01         19  14.84375
000101     11   8.59375
110         4   3.12500



      count       pct
WAVE                 
0        64  50.00000
100      35  27.34375
101      18  14.06250
001      11   8.59375



