          count        pct
ARHGAP22                  
1           663  64.746094
01111       149  14.550781
01011        64   6.250000
10110        56   5.468750
11100        32   3.125000
10010        23   2.246094
00100        16   1.562500
00011        16   1.562500
0             5   0.488281



            count        pct
Actin_BR                    
0             538  52.539062
1             245  23.925781
0010           92   8.984375
10010          70   6.835938
0010100001     63   6.152344
00100          15   1.464844
01              1   0.097656



            count        pct
Actin_ST                    
1             659  64.355469
0             124  12.109375
1011111111    119  11.621094
10             92   8.984375
11110          29   2.832031
01              1   0.097656



            count        pct
Arp2_3                      
0             538  52.539062
1             245  23.925781
0100           92   8.984375
00101          70   6.835938
0101000010     63   6.152344
01000          15   1.464844
10              1   0.097656



      count        pct
CP                    
0       807  78.808594
1       124  12.109375
0010     92   8.984375
01        1   0.097656



       count        pct
Cdc42                  
1        523  51.074219
0        501  48.925781



         count        pct
Cofilin                  
0          809  79.003906
0010        92   8.984375
11101       35   3.417969
10101       28   2.734375
10011       17   1.660156
1           14   1.367188
01010       11   1.074219
10000        9   0.878906
00110        8   0.781250
01           1   0.097656



         count    pct
Coronin              
0         1024  100.0



           count        pct
Cortactin                  
0            663  64.746094
00100        149  14.550781
00101         64   6.250000
01010         56   5.468750
11000         32   3.125000
01011         23   2.246094
11110         16   1.562500
00111         16   1.562500
1              5   0.488281



       count        pct
Dia1                   
1        556  54.296875
0        127  12.402344
1110      92   8.984375
11110     63   6.152344
01101     56   5.468750
11011     51   4.980469
10110     36   3.515625
10011     15   1.464844
01010     12   1.171875
00110      8   0.781250
01000      7   0.683594
01         1   0.097656



      count        pct
Dia2                  
1      1021  99.707031
0         3   0.292969



          count    pct
Ena_Vasp              
1          1024  100.0



              count        pct
IRSp53_Cdc42                  
1               523  51.074219
0               501  48.925781



             count    pct
IRSp53_Rac1              
0             1024  100.0



      count    pct
LIMK              
1      1024  100.0



      count        pct
NET1                  
0       526  51.367188
1       498  48.632812



     count        pct
PAK                  
1      526  51.367188
0      498  48.632812



      count        pct
PIP2                  
0       516  50.390625
1       508  49.609375



       count        pct
PKD                    
1        663  64.746094
01111    149  14.550781
01011     64   6.250000
10110     56   5.468750
11100     32   3.125000
10010     23   2.246094
00100     16   1.562500
00011     16   1.562500
0          5   0.488281



            count        pct
Profilin                    
1             783  76.464844
0111111111    119  11.621094
0111           92   8.984375
11101          29   2.832031
10              1   0.097656



       count        pct
ROCK                   
1        663  64.746094
11110    149  14.550781
10110     64   6.250000
01101     56   5.468750
11001     32   3.125000
00101     23   2.246094
01000     16   1.562500
00110     16   1.562500
0          5   0.488281



       count        pct
ROS                    
0        663  64.746094
00100    149  14.550781
00101     64   6.250000
01010     56   5.468750
11000     32   3.125000
01011     23   2.246094
11110     16   1.562500
00111     16   1.562500
1          5   0.488281



       count        pct
Rac1                   
0        663  64.746094
01000    149  14.550781
01010     64   6.250000
10100     56   5.468750
10001     32   3.125000
10110     23   2.246094
11101     16   1.562500
01110     16   1.562500
1          5   0.488281



       count        pct
RhoA                   
1        663  64.746094
11101    149  14.550781
01101     64   6.250000
11010     56   5.468750
10011     32   3.125000
01010     23   2.246094
10000     16   1.562500
01100     16   1.562500
0          5   0.488281



     count    pct
SSH              
0     1024  100.0



          count        pct
Thymosin                  
1           350  34.179688
0           340  33.203125
10          211  20.605469
01          123  12.011719



      count        pct
WASP                  
0       350  34.179688
1       340  33.203125
10      211  20.605469
01      123  12.011719



       count        pct
WAVE                   
0        663  64.746094
00100    149  14.550781
00101     64   6.250000
01010     56   5.468750
11000     32   3.125000
01011     23   2.246094
11110     16   1.562500
00111     16   1.562500
1          5   0.488281



