          count        pct
ARHGAP22                  
0           594  58.007812
100         176  17.187500
001111      159  15.527344
001          85   8.300781
1            10   0.976562



          count        pct
Actin_BR                  
1           497  48.535156
100         199  19.433594
000001      159  15.527344
001          85   8.300781
011          66   6.445312
0            18   1.757812



          count        pct
Actin_ST                  
1           326  31.835938
0           280  27.343750
100         181  17.675781
000111       83   8.105469
011001       65   6.347656
101111       43   4.199219
110          23   2.246094
010000       14   1.367188
001111        9   0.878906



        count        pct
Arp2_3                  
1         497  48.535156
001       199  19.433594
000010    159  15.527344
010        85   8.300781
110        66   6.445312
0          18   1.757812



        count        pct
CP                      
0         409  39.941406
1         269  26.269531
100       148  14.453125
000001    148  14.453125
101        35   3.417969
001010     14   1.367188
10          1   0.097656



       count        pct
Cdc42                  
1        524  51.171875
0        500  48.828125



         count        pct
Cofilin                  
1          400  39.062500
0          336  32.812500
01         130  12.695312
100        110  10.742188
100000      20   1.953125
011         14   1.367188
010001      14   1.367188



         count    pct
Coronin              
0         1024  100.0



           count        pct
Cortactin                  
1            497  48.535156
010          199  19.433594
000100       159  15.527344
100           85   8.300781
101           66   6.445312
0             18   1.757812



        count        pct
Dia1                    
0         594  58.007812
001       176  17.187500
011110    159  15.527344
010        85   8.300781
1          10   0.976562



      count    pct
Dia2              
0      1024  100.0



          count        pct
Ena_Vasp                  
1           769  75.097656
100111       92   8.984375
101110       85   8.300781
011111       43   4.199219
010          18   1.757812
10           15   1.464844
0             2   0.195312



              count        pct
IRSp53_Cdc42                  
1               524  51.171875
0               500  48.828125



             count        pct
IRSp53_Rac1                  
1              497  48.535156
010            199  19.433594
000100         159  15.527344
100             85   8.300781
101             66   6.445312
0               18   1.757812



        count        pct
LIMK                    
0         560  54.687500
1         279  27.246094
101111    159  15.527344
110        23   2.246094
010         3   0.292969



        count        pct
NET1                    
0         531  51.855469
110       176  17.187500
111101    159  15.527344
101        85   8.300781
001        63   6.152344
1          10   0.976562



        count        pct
PAK                     
1         531  51.855469
010       176  17.187500
000100    159  15.527344
100        85   8.300781
101        63   6.152344
0          10   0.976562



      count        pct
PIP2                  
0       527  51.464844
1       497  48.535156



        count        pct
PKD                     
0         594  58.007812
100       176  17.187500
001111    159  15.527344
001        85   8.300781
1          10   0.976562



          count        pct
Profilin                  
1           645  62.988281
101         171  16.699219
111011      108  10.546875
001111       92   8.984375
0             8   0.781250



        count        pct
ROCK                    
0         594  58.007812
001       176  17.187500
011110    159  15.527344
010        85   8.300781
1          10   0.976562



        count        pct
ROS                     
1         497  48.535156
010       199  19.433594
000100    159  15.527344
100        85   8.300781
101        66   6.445312
0          18   1.757812



        count        pct
Rac1                    
1         497  48.535156
100       199  19.433594
001000    159  15.527344
001        85   8.300781
011        66   6.445312
0          18   1.757812



        count        pct
RhoA                    
0         594  58.007812
010       176  17.187500
111100    159  15.527344
100        85   8.300781
1          10   0.976562



     count        pct
SSH                  
1      497  48.535156
0      438  42.773438
101     66   6.445312
010     23   2.246094



          count        pct
Thymosin                  
0           598  58.398438
01          273  26.660156
1           153  14.941406



        count        pct
WASP                    
1         488  47.656250
01        253  24.707031
0         153  14.941406
011       110  10.742188
001010     20   1.953125



        count        pct
WAVE                    
1         563  54.980469
011       199  19.433594
000110    159  15.527344
110        85   8.300781
0          18   1.757812



