          count        pct
ARHGAP22                  
1           455  44.433594
11011       162  15.820312
0           148  14.453125
10111       120  11.718750
01011        79   7.714844
11010        60   5.859375



          count    pct
Actin_BR              
0          1024  100.0



            count        pct
Actin_ST                    
0             523  51.074219
1             184  17.968750
11101         162  15.820312
1110111001     79   7.714844
01100          33   3.222656
11001111       20   1.953125
10101111        9   0.878906
00000110        8   0.781250
1101            6   0.585938



        count    pct
Arp2_3              
0        1024  100.0



    count        pct
CP                  
1     523  51.074219
0     501  48.925781



       count    pct
Cdc42              
0       1024  100.0



          count        pct
Cofilin                   
0           884  86.328125
1            73   7.128906
01010000     35   3.417969
10110100     16   1.562500
00111100     16   1.562500



         count        pct
Coronin                  
0          876  85.546875
1          148  14.453125



           count        pct
Cortactin                  
0            528  51.562500
00001        162  15.820312
00010        120  11.718750
00101         79   7.714844
01001         60   5.859375
10000111      42   4.101562
10010110      33   3.222656



          count        pct
Dia1                      
0           523  51.074219
10111       162  15.820312
01111       120  11.718750
10110        79   7.714844
10101        60   5.859375
00011110     42   4.101562
01011010     33   3.222656
1             5   0.488281



          count        pct
Dia2                      
1           528  51.562500
10111       241  23.535156
01111       180  17.578125
10011111     42   4.101562
11011110     33   3.222656



            count        pct
Ena_Vasp                    
1             634  61.914062
1110111111    162  15.820312
0              81   7.910156
1111110101     79   7.714844
10             35   3.417969
11101          25   2.441406
01011           8   0.781250



              count    pct
IRSp53_Cdc42              
0              1024  100.0



             count        pct
IRSp53_Rac1                  
0              528  51.562500
00001          162  15.820312
00010          120  11.718750
00101           79   7.714844
01001           60   5.859375
10000111        42   4.101562
10010110        33   3.222656



      count        pct
LIMK                  
1       876  85.546875
0       148  14.453125



      count    pct
NET1              
1      1024  100.0



     count    pct
PAK              
0     1024  100.0



      count        pct
PIP2                  
0       523  51.074219
1       501  48.925781



       count        pct
PKD                    
1        455  44.433594
11011    162  15.820312
0        148  14.453125
10111    120  11.718750
01011     79   7.714844
11010     60   5.859375



          count        pct
Profilin                  
0           523  51.074219
11011       241  23.535156
1           184  17.968750
10111111     35   3.417969
11000        25   2.441406
10110         8   0.781250
00001100      5   0.488281
00101101      3   0.292969



       count        pct
ROCK                   
1        455  44.433594
10111    162  15.820312
0        148  14.453125
01111    120  11.718750
10110     79   7.714844
10101     60   5.859375



          count        pct
ROS                       
0           528  51.562500
00001       162  15.820312
00010       120  11.718750
00101        79   7.714844
01001        60   5.859375
10000111     42   4.101562
10010110     33   3.222656



          count        pct
Rac1                      
0           528  51.562500
00010       162  15.820312
00100       120  11.718750
01010        79   7.714844
10010        60   5.859375
00001111     42   4.101562
00101101     33   3.222656



          count        pct
RhoA                      
1           528  51.562500
01111       162  15.820312
11110       120  11.718750
01101        79   7.714844
01011        60   5.859375
00111100     42   4.101562
10110100     33   3.222656



     count        pct
SSH                  
0      876  85.546875
1      148  14.453125



          count        pct
Thymosin                  
1           491  47.949219
0           256  25.000000
10          241  23.535156
01           36   3.515625



      count        pct
WASP                  
0       564  55.078125
10      241  23.535156
1       183  17.871094
01       36   3.515625



          count        pct
WAVE                      
0           528  51.562500
10001       162  15.820312
00011       120  11.718750
10111        79   7.714844
11101        60   5.859375
11000111     42   4.101562
11011111     33   3.222656



