                   count        pct
Actin_BR Actin_ST                  
1        0           539  52.636719
010      0           231  22.558594
0        0           123  12.011719
110      0            80   7.812500
000010   0            51   4.980469



               count        pct
Rac1   RhoA                    
1      0         539  52.636719
010    001       231  22.558594
0      1         103  10.058594
110    0          80   7.812500
010000 111001     51   4.980469
0      0          20   1.953125



