                   count        pct
Actin_BR Actin_ST                  
0        0           810  79.101562
00001    0           124  12.109375
01001    0            58   5.664062
100      0            19   1.855469
         100           8   0.781250
101      0             5   0.488281



                     count        pct
Rac1      RhoA                       
0         1            759  74.121094
01000     11101        124  12.109375
01010     01101         58   5.664062
101       110           16   1.562500
000011111 001111100     16   1.562500
00001111  00111100      12   1.171875
101       100           10   0.976562
100       1             10   0.976562
01011010  01101001      10   0.976562
100       110            9   0.878906



