                     count        pct
Actin_BR   Actin_ST                  
0          0          1042  50.878906
1          0           623  30.419922
01         0           137   6.689453
1111111101 0            81   3.955078
1110101110 0            76   3.710938
1101110111 0            39   1.904297
00011      0            25   1.220703
11110      0            19   0.927734
11001      0             6   0.292969



             count        pct
Rac1  RhoA                   
0     1       1271  62.060547
00010 01111    274  13.378906
01010 01101    180   8.789062
00011 00111     73   3.564453
01101 10100     72   3.515625
11110 01000     39   1.904297
11000 11001     39   1.904297
01110 01100     39   1.904297
10110 01010     36   1.757812
00111 00110     17   0.830078
1     0          8   0.390625



