          count        pct
ARHGAP22                  
0           647  63.183594
1           118  11.523438
010         102   9.960938
111001      100   9.765625
100          39   3.808594
             18   1.757812



          count        pct
Actin_BR                  
1           453  44.238281
0           216  21.093750
100         198  19.335938
001000      100   9.765625
101          39   3.808594
             18   1.757812



           count        pct
Actin_ST                   
1            558  54.492188
0            218  21.289062
001          116  11.328125
100111        53   5.175781
100110        39   3.808594
              18   1.757812
000011        15   1.464844
01             4   0.390625
100000001      3   0.292969



        count        pct
Arp2_3                  
1         453  44.238281
0         216  21.093750
001       198  19.335938
010000    100   9.765625
011        39   3.808594
           18   1.757812



        count        pct
CP                      
1         513  50.097656
0         445  43.457031
000100     39   3.808594
           18   1.757812
001         9   0.878906



       count        pct
Cdc42                  
1        528  51.562500
0        478  46.679688
          18   1.757812



         count        pct
Cofilin                  
1          563  54.980469
0          404  39.453125
01          39   3.808594
            18   1.757812



         count        pct
Coronin                  
1          617  60.253906
0          374  36.523438
            18   1.757812
01          15   1.464844



           count        pct
Cortactin                  
0           1006  98.242188
              18   1.757812



           count        pct
Dia1                       
0            794  77.539062
001          109  10.644531
110011       100   9.765625
              18   1.757812
000011110      3   0.292969



           count        pct
Dia2                       
1            583  56.933594
110          199  19.433594
110011       100   9.765625
0             82   8.007812
011           39   3.808594
              18   1.757812
100011111      3   0.292969



          count        pct
Ena_Vasp                  
1           678  66.210938
001          99   9.667969
101111       53   5.175781
0            51   4.980469
10           45   4.394531
010111       39   3.808594
011          26   2.539062
             18   1.757812
001111       15   1.464844



              count        pct
IRSp53_Cdc42                  
0              1006  98.242188
                 18   1.757812



             count        pct
IRSp53_Rac1                  
1              453  44.238281
0              212  20.703125
010            199  19.433594
100000         100   9.765625
110             39   3.808594
                18   1.757812
100000111        3   0.292969



        count        pct
LIMK                    
0         617  60.253906
1         274  26.757812
111101    100   9.765625
           18   1.757812
10         15   1.464844



           count        pct
NET1                       
0            535  52.246094
110          199  19.433594
1            130  12.695312
101111       100   9.765625
100           39   3.808594
              18   1.757812
001111100      3   0.292969



           count        pct
PAK                        
1            535  52.246094
010          199  19.433594
0            130  12.695312
100000       100   9.765625
110           39   3.808594
              18   1.757812
100000111      3   0.292969



      count        pct
PIP2                  
0       513  50.097656
1       493  48.144531
         18   1.757812



        count        pct
PKD                     
0         647  63.183594
1         118  11.523438
010       102   9.960938
111001    100   9.765625
100        39   3.808594
           18   1.757812



           count        pct
Profilin                   
1            586  57.226562
0            206  20.117188
110           90   8.789062
001111        53   5.175781
101           39   3.808594
              18   1.757812
000110        15   1.464844
001           10   0.976562
10             4   0.390625
000000011      3   0.292969



        count        pct
ROCK                    
0         647  63.183594
1         118  11.523438
100       102   9.960938
110011    100   9.765625
001        39   3.808594
           18   1.757812



           count        pct
ROS                        
1            453  44.238281
0            212  20.703125
010          199  19.433594
100000       100   9.765625
110           39   3.808594
              18   1.757812
100000111      3   0.292969



           count        pct
Rac1                       
1            453  44.238281
0            212  20.703125
100          199  19.433594
000001       100   9.765625
101           39   3.808594
              18   1.757812
000001111      3   0.292969



           count        pct
RhoA                       
0            574  56.054688
010          199  19.433594
1            130  12.695312
100111       100   9.765625
              18   1.757812
000111100      3   0.292969



     count        pct
SSH                  
1      617  60.253906
0      374  36.523438
        18   1.757812
10      15   1.464844



          count        pct
Thymosin                  
0           622  60.742188
1           247  24.121094
10           92   8.984375
01           45   4.394531
             18   1.757812



      count        pct
WASP                  
1       560  54.687500
0       259  25.292969
10       92   8.984375
01       45   4.394531
110      26   2.539062
100      24   2.343750
         18   1.757812



           count        pct
WAVE                       
1            492  48.046875
0            212  20.703125
011          199  19.433594
110000       100   9.765625
              18   1.757812
110000111      3   0.292969



