          count        pct
ARHGAP22                  
0           500  48.828125
1           262  25.585938
011110      229  22.363281
010          19   1.855469
100          14   1.367188



          count    pct
Actin_BR              
0          1024  100.0



          count        pct
Actin_ST                  
0           443  43.261719
1           343  33.496094
001111      101   9.863281
10           94   9.179688
000011       29   2.832031
100110       14   1.367188



        count    pct
Arp2_3              
0        1024  100.0



    count        pct
CP                  
0     522  50.976562
1     502  49.023438



       count        pct
Cdc42                  
0        524  51.171875
1        500  48.828125



         count    pct
Cofilin              
0         1024  100.0



         count    pct
Coronin              
0         1024  100.0



           count        pct
Cortactin                  
0            762  74.414062
001000       229  22.363281
001           19   1.855469
010           14   1.367188



        count        pct
Dia1                    
0         756  73.828125
111100    229  22.363281
100        19   1.855469
001        14   1.367188
1           6   0.585938



        count        pct
Dia2                    
0         500  48.828125
1         262  25.585938
111100    229  22.363281
101        19   1.855469
011        14   1.367188



          count        pct
Ena_Vasp                  
1           871  85.058594
101111      101   9.863281
001111       29   2.832031
010111       14   1.367188
001           9   0.878906



              count        pct
IRSp53_Cdc42                  
0               524  51.171875
1               500  48.828125



             count        pct
IRSp53_Rac1                  
0              762  74.414062
001000         229  22.363281
001             19   1.855469
010             14   1.367188



        count        pct
LIMK                    
1         795  77.636719
011111    229  22.363281



        count        pct
NET1                    
0         500  48.828125
1         262  25.585938
111011    229  22.363281
011        19   1.855469
110        14   1.367188



        count        pct
PAK                     
1         500  48.828125
0         262  25.585938
001000    229  22.363281
001        19   1.855469
010        14   1.367188



      count        pct
PIP2                  
1       522  50.976562
0       502  49.023438



        count        pct
PKD                     
0         500  48.828125
1         262  25.585938
011110    229  22.363281
010        19   1.855469
100        14   1.367188



          count        pct
Profilin                  
0           434  42.382812
1           343  33.496094
011110      101   9.863281
01           94   9.179688
000110       29   2.832031
101          14   1.367188
010           9   0.878906



        count        pct
ROCK                    
0         500  48.828125
1         262  25.585938
111100    229  22.363281
100        19   1.855469
001        14   1.367188



        count        pct
ROS                     
0         762  74.414062
001000    229  22.363281
001        19   1.855469
010        14   1.367188



        count        pct
Rac1                    
0         762  74.414062
010000    229  22.363281
010        19   1.855469
100        14   1.367188



        count        pct
RhoA                    
0         500  48.828125
1         262  25.585938
111001    229  22.363281
001        19   1.855469
010        14   1.367188



     count    pct
SSH              
0     1024  100.0



          count        pct
Thymosin                  
1           342  33.398438
0           339  33.105469
10          228  22.265625
01          115  11.230469



      count        pct
WASP                  
0       342  33.398438
1       339  33.105469
10      228  22.265625
01      115  11.230469



        count        pct
WAVE                    
0         762  74.414062
001100    229  22.363281
101        19   1.855469
011        14   1.367188



