          count    pct
ARHGAP22              
0          1024  100.0



          count        pct
Actin_BR                  
1           545  53.222656
010         201  19.628906
0           187  18.261719
101          91   8.886719



          count    pct
Actin_ST              
0          1024  100.0



        count        pct
Arp2_3                  
1         545  53.222656
100       201  19.628906
0         187  18.261719
011        91   8.886719



    count        pct
CP                  
1     516  50.390625
0     507  49.511719
10      1   0.097656



       count        pct
Cdc42                  
1        550  53.710938
0        474  46.289062



         count        pct
Cofilin                  
1          587  57.324219
0          155  15.136719
101        153  14.941406
01         129  12.597656



         count        pct
Coronin                  
1          845  82.519531
0          138  13.476562
10          41   4.003906



           count        pct
Cortactin                  
1            545  53.222656
001          201  19.628906
0            187  18.261719
110           91   8.886719



      count    pct
Dia1              
0      1024  100.0



      count        pct
Dia2                  
1       545  53.222656
001     201  19.628906
0       187  18.261719
110      91   8.886719



          count        pct
Ena_Vasp                  
1           801  78.222656
0            92   8.984375
011          91   8.886719
10           40   3.906250



              count        pct
IRSp53_Cdc42                  
1               550  53.710938
0               474  46.289062



             count        pct
IRSp53_Rac1                  
1              545  53.222656
001            201  19.628906
0              187  18.261719
110             91   8.886719



      count        pct
LIMK                  
0      1006  98.242188
10        9   0.878906
1         9   0.878906



      count    pct
NET1              
0      1024  100.0



     count        pct
PAK                  
1      565  55.175781
001    201  19.628906
0      167  16.308594
110     91   8.886719



      count        pct
PIP2                  
0       515  50.292969
1       509  49.707031



     count    pct
PKD              
0     1024  100.0



          count    pct
Profilin              
0          1024  100.0



      count    pct
ROCK              
0      1024  100.0



     count        pct
ROS                  
1      545  53.222656
001    201  19.628906
0      187  18.261719
110     91   8.886719



      count        pct
Rac1                  
1       545  53.222656
010     201  19.628906
0       187  18.261719
101      91   8.886719



      count    pct
RhoA              
0      1024  100.0



     count        pct
SSH                  
1      845  82.519531
0      138  13.476562
01      41   4.003906



          count        pct
Thymosin                  
0           777  75.878906
01          150  14.648438
1            97   9.472656



      count        pct
WASP                  
1       682  66.601562
01      142  13.867188
0       109  10.644531
110      91   8.886719



      count        pct
WAVE                  
1       636  62.109375
101     201  19.628906
0       187  18.261719



