                   count        pct
Actin_BR Actin_ST                  
010      0           295  28.808594
1        0           265  25.878906
011      0           196  19.140625
0        0           188  18.359375
010000   0            80   7.812500



               count        pct
Rac1   RhoA                    
1      0         265  25.878906
010    001       257  25.097656
011    0         196  19.140625
0      1         105  10.253906
       0          83   8.105469
000010 001111     80   7.812500
010    0          38   3.710938



