          count        pct
ARHGAP22                  
0           587  57.324219
001         273  26.660156
001111      156  15.234375
1             8   0.781250



          count        pct
Actin_BR                  
1           508  49.609375
001         273  26.660156
000001      156  15.234375
011          79   7.714844
0             8   0.781250



          count        pct
Actin_ST                  
1           479  46.777344
0           263  25.683594
001         194  18.945312
110001       88   8.593750



        count        pct
Arp2_3                  
1         508  49.609375
010       273  26.660156
000010    156  15.234375
110        79   7.714844
0           8   0.781250



        count        pct
CP                      
0         479  46.777344
1         263  25.683594
100       144  14.062500
010000     88   8.593750
101        50   4.882812



       count        pct
Cdc42                  
0        523  51.074219
1        501  48.925781



         count        pct
Cofilin                  
1          558  54.492188
0          205  20.019531
100        144  14.062500
010000      88   8.593750
011         29   2.832031



         count    pct
Coronin              
0         1024  100.0



           count        pct
Cortactin                  
1            508  49.609375
100          273  26.660156
000100       156  15.234375
101           79   7.714844
0              8   0.781250



        count        pct
Dia1                    
0         587  57.324219
010       273  26.660156
011110    156  15.234375
1           8   0.781250



        count        pct
Dia2                    
1         509  49.707031
010       273  26.660156
011110    156  15.234375
0          86   8.398438



          count       pct
Ena_Vasp                 
1           936  91.40625
111001       88   8.59375



              count        pct
IRSp53_Cdc42                  
0               523  51.074219
1               501  48.925781



             count        pct
IRSp53_Rac1                  
1              508  49.609375
100            273  26.660156
000100         156  15.234375
101             79   7.714844
0                8   0.781250



        count        pct
LIMK                    
0         587  57.324219
1         281  27.441406
101111    156  15.234375



        count        pct
NET1                    
0         508  49.609375
101       273  26.660156
111101    156  15.234375
001        79   7.714844
1           8   0.781250



        count        pct
PAK                     
1         508  49.609375
100       273  26.660156
000100    156  15.234375
101        79   7.714844
0           8   0.781250



      count       pct
PIP2                 
0       552  53.90625
1       472  46.09375



        count        pct
PKD                     
0         587  57.324219
001       273  26.660156
001111    156  15.234375
1           8   0.781250



          count       pct
Profilin                 
1           792  77.34375
101         144  14.06250
110011       88   8.59375



        count        pct
ROCK                    
0         587  57.324219
010       273  26.660156
011110    156  15.234375
1           8   0.781250



        count        pct
ROS                     
1         508  49.609375
100       273  26.660156
000100    156  15.234375
101        79   7.714844
0           8   0.781250



        count        pct
Rac1                    
1         508  49.609375
001       273  26.660156
001000    156  15.234375
011        79   7.714844
0           8   0.781250



        count        pct
RhoA                    
0         587  57.324219
100       273  26.660156
111100    156  15.234375
1           8   0.781250



     count        pct
SSH                  
1      508  49.609375
0      437  42.675781
101     79   7.714844



          count    pct
Thymosin              
0          1024  100.0



        count        pct
WASP                    
1         785  76.660156
011       144  14.062500
100001     88   8.593750
0           7   0.683594



        count        pct
WAVE                    
1         587  57.324219
110       273  26.660156
000110    156  15.234375
0           8   0.781250



