                   count        pct
Actin_BR Actin_ST                  
1        0           263  25.683594
         1           245  23.925781
001      001         144  14.062500
         1           129  12.597656
000001   110001       88   8.593750
         1            68   6.640625
011      001          50   4.882812
         1            29   2.832031
0        1             8   0.781250



               count        pct
Rac1   RhoA                    
1      0         508  49.609375
001    100       273  26.660156
001000 111100    156  15.234375
011    0          79   7.714844
0      1           8   0.781250



