                     count        pct
cycle_Actin_BR_norm                  
0                      341  33.300781
1                      324  31.640625
1110                   101   9.863281
1100                    92   8.984375
01                      69   6.738281
0010                    65   6.347656
011                     20   1.953125
001000                   7   0.683594
001                      5   0.488281



                     count        pct
cycle_Actin_ST_norm                  
1                      456  44.531250
0                      250  24.414062
1110                   194  18.945312
01                      41   4.003906
0010                    40   3.906250
0110                    23   2.246094
010111                   8   0.781250
001110                   7   0.683594
001                      5   0.488281



                   count        pct
cycle_Arp2_3_norm                  
0                    341  33.300781
1                    324  31.640625
1101                 101   9.863281
1001                  92   8.984375
10                    69   6.738281
0100                  65   6.347656
110                   20   1.953125
010000                 7   0.683594
010                    5   0.488281



               count        pct
cycle_CP_norm                  
1                523  51.074219
0                455  44.433594
10                30   2.929688
01                13   1.269531
011                3   0.292969



                  count        pct
cycle_Cdc42_norm                  
1                   515  50.292969
0                   509  49.707031



                    count    pct
cycle_Cofilin_norm              
0                    1024  100.0



                    count        pct
cycle_Coronin_norm                  
0                     632  61.718750
0100                  194  18.945312
1                     106  10.351562
1011                   88   8.593750
01                      4   0.390625



                      count        pct
cycle_Cortactin_norm                  
0                       448  43.750000
1100                    194  18.945312
0010                    165  16.113281
1011                     88   8.593750
1                        74   7.226562
101                      25   2.441406
01                       23   2.246094
111100                    7   0.683594



                 count        pct
cycle_Dia1_norm                  
0                  568  55.468750
1                  220  21.484375
1001               102   9.960938
1110                78   7.617188
0001                37   3.613281
01                  19   1.855469



                 count        pct
cycle_Dia2_norm                  
1                  522  50.976562
1110               447  43.652344
101                 25   2.441406
01                  23   2.246094
111101               7   0.683594



                     count        pct
cycle_Ena_Vasp_norm                  
1                      713  69.628906
1101                   187  18.261719
01                      76   7.421875
0110                    31   3.027344
0                       17   1.660156



                   count    pct
cycle_IRSp53_norm              
0                   1024  100.0



                 count        pct
cycle_LIMK_norm                  
1                  632  61.718750
1011               194  18.945312
0                  106  10.351562
0100                88   8.593750
10                   4   0.390625



                count        pct
cycle_PAK_norm                  
1                 976  95.312500
1011               41   4.003906
111100              7   0.683594



                 count        pct
cycle_PIP2_norm                  
0                  521  50.878906
1                  503  49.121094



                count        pct
cycle_PKD_norm                  
1                 448  43.750000
1100              194  18.945312
0111              165  16.113281
0                 106  10.351562
0001               88   8.593750
10                 23   2.246094



                     count        pct
cycle_Profilin_norm                  
1                      460  44.921875
0                      244  23.828125
1101                   203  19.824219
10                      47   4.589844
0100                    40   3.906250
0110                    10   0.976562
111110                   8   0.781250
011110                   7   0.683594
011                      5   0.488281



                 count        pct
cycle_ROCK_norm                  
1                  448  43.750000
1001               194  18.945312
1110               165  16.113281
0                  106  10.351562
0010                88   8.593750
01                  23   2.246094



                  count        pct
cycle_ROCK__norm                  
1                   448  43.750000
1100                194  18.945312
0111                165  16.113281
0                   106  10.351562
0001                 88   8.593750
10                   23   2.246094



                 count        pct
cycle_Rac1_norm                  
0                  448  43.750000
1001               194  18.945312
0100               165  16.113281
0111                88   8.593750
1                   74   7.226562
011                 25   2.441406
10                  23   2.246094
111001               7   0.683594



                 count        pct
cycle_RhoA_norm                  
1                  448  43.750000
0011               235  22.949219
1101               165  16.113281
0                   74   7.226562
0001                47   4.589844
010                 25   2.441406
10                  23   2.246094
100011               7   0.683594



                count        pct
cycle_SSH_norm                  
0                 632  61.718750
1000              194  18.945312
1                 106  10.351562
0111               88   8.593750
10                  4   0.390625



                     count        pct
cycle_Thymosin_norm                  
10                     407  39.746094
0                      309  30.175781
1                      308  30.078125



                 count        pct
cycle_WASP_norm                  
10                 407  39.746094
1                  309  30.175781
0                  308  30.078125



                 count        pct
cycle_WAVE_norm                  
0                  448  43.750000
1100               194  18.945312
0010               165  16.113281
1011                88   8.593750
1                   74   7.226562
101                 25   2.441406
01                  23   2.246094
111100               7   0.683594



