          count        pct
ARHGAP22                  
010         381  37.207031
0           339  33.105469
011110      296  28.906250
1             8   0.781250



          count        pct
Actin_BR                  
000010      296  28.906250
010         264  25.781250
100         262  25.585938
110         154  15.039062
1            33   3.222656
0            15   1.464844



           count        pct
Actin_ST                   
010          347  33.886719
1            302  29.492188
001110       137  13.378906
110010       101   9.863281
111110        80   7.812500
001111        25   2.441406
0             25   2.441406
000001110      7   0.683594



        count        pct
Arp2_3                  
000100    296  28.906250
100       264  25.781250
001       262  25.585938
101       154  15.039062
1          33   3.222656
0          15   1.464844



        count        pct
CP                      
0         414  40.429688
000010    238  23.242188
010       163  15.917969
001       107  10.449219
011        77   7.519531
1          23   2.246094
10          2   0.195312



       count    pct
Cdc42              
0       1024  100.0



         count        pct
Cofilin                  
0          521  50.878906
1          181  17.675781
010000     163  15.917969
110        149  14.550781
100          8   0.781250
01           2   0.195312



         count        pct
Coronin                  
0          685  66.894531
1          339  33.105469



           count        pct
Cortactin                  
001000       296  28.906250
001          264  25.781250
010          262  25.585938
011          154  15.039062
1             33   3.222656
0              8   0.781250
000001111      7   0.683594



           count        pct
Dia1                       
111100       296  28.906250
100          264  25.781250
001          262  25.585938
0            187  18.261719
1              8   0.781250
000111100      7   0.683594



           count        pct
Dia2                       
111100       296  28.906250
100          264  25.781250
001          262  25.585938
0            187  18.261719
1              8   0.781250
000111100      7   0.683594



          count        pct
Ena_Vasp                  
1           410  40.039062
011101      264  25.781250
001111      162  15.820312
111101       80   7.812500
011          73   7.128906
001          26   2.539062
0             7   0.683594
10            2   0.195312



              count    pct
IRSp53_Cdc42              
0              1024  100.0



             count        pct
IRSp53_Rac1                  
001000         296  28.906250
001            264  25.781250
010            262  25.585938
011            154  15.039062
1               33   3.222656
0                8   0.781250
000001111        7   0.683594



        count        pct
LIMK                    
1         389  37.988281
0         339  33.105469
011111    296  28.906250



           count        pct
NET1                       
111011       296  28.906250
011          264  25.781250
110          262  25.585938
010          154  15.039062
0             33   3.222656
1              8   0.781250
011111000      7   0.683594



           count        pct
PAK                        
001000       296  28.906250
001          264  25.781250
010          262  25.585938
011          154  15.039062
1             33   3.222656
0              8   0.781250
000001111      7   0.683594



      count        pct
PIP2                  
1       532  51.953125
0       492  48.046875



        count        pct
PKD                     
010       381  37.207031
0         339  33.105469
011110    296  28.906250
1           8   0.781250



           count        pct
Profilin                   
1            404  39.453125
111101       181  17.675781
110          163  15.917969
011110       162  15.820312
011          107  10.449219
110011111      7   0.683594



        count        pct
ROCK                    
100       381  37.207031
0         339  33.105469
111100    296  28.906250
1           8   0.781250



           count        pct
ROS                        
001000       296  28.906250
001          264  25.781250
010          262  25.585938
011          154  15.039062
1             33   3.222656
0              8   0.781250
000001111      7   0.683594



           count        pct
Rac1                       
010000       296  28.906250
010          264  25.781250
100          262  25.585938
110          154  15.039062
1             33   3.222656
0              8   0.781250
000011110      7   0.683594



           count        pct
RhoA                       
111001       296  28.906250
001          264  25.781250
010          262  25.585938
0            187  18.261719
1              8   0.781250
001111000      7   0.683594



     count        pct
SSH                  
0      685  66.894531
1      339  33.105469



          count        pct
Thymosin                  
0           477  46.582031
10          348  33.984375
1           199  19.433594



        count        pct
WASP                    
1         396  38.671875
0         199  19.433594
10        185  18.066406
000101    163  15.917969
110        81   7.910156



           count        pct
WAVE                       
001100       296  28.906250
101          264  25.781250
011          262  25.585938
1            187  18.261719
0              8   0.781250
100001111      7   0.683594



