          count       pct
Actin_BR                 
1            64  50.00000
010          35  27.34375
000010       19  14.84375
011           5   3.90625
0             5   3.90625



          count       pct
Actin_ST                 
1            94  73.43750
001111       15  11.71875
010011        7   5.46875
110           6   4.68750
0             5   3.90625
010           1   0.78125



        count       pct
Arp2_3                 
1          64  50.00000
100        35  27.34375
000100     19  14.84375
110         5   3.90625
0           5   3.90625



    count    pct
CP              
0     128  100.0



       count      pct
Cdc42                
1         66  51.5625
0         62  48.4375



         count       pct
Cofilin                 
1           71  55.46875
0           37  28.90625
110         14  10.93750
010000       5   3.90625
01           1   0.78125



         count      pct
Coronin                
1           86  67.1875
0           42  32.8125



           count       pct
Cortactin                 
1             64  50.00000
001           35  27.34375
001000        19  14.84375
101            5   3.90625
0              5   3.90625



        count       pct
Dia1                   
0          73  57.03125
100        35  27.34375
111100     19  14.84375
1           1   0.78125



        count       pct
Dia2                   
1          65  50.78125
101        40  31.25000
111100     19  14.84375
0           4   3.12500



          count       pct
Ena_Vasp                 
1            98  76.56250
001111       11   8.59375
101011        7   5.46875
101           6   4.68750
011111        4   3.12500
001           2   1.56250



              count      pct
IRSp53_Cdc42                
1                66  51.5625
0                62  48.4375



             count       pct
IRSp53_Rac1                 
1               64  50.00000
001             35  27.34375
001000          19  14.84375
101              5   3.90625
0                5   3.90625



        count       pct
LIMK                   
0          86  67.18750
1          23  17.96875
011111     19  14.84375



        count       pct
NET1                   
1          68  53.12500
100        35  27.34375
000100     19  14.84375
110         5   3.90625
0           1   0.78125



        count       pct
PAK                    
1          68  53.12500
001        35  27.34375
001000     19  14.84375
101         5   3.90625
0           1   0.78125



      count     pct
PIP2               
0        68  53.125
1        60  46.875



        count       pct
PKD                    
0          90  70.31250
011110     19  14.84375
010        18  14.06250
1           1   0.78125



          count       pct
Profilin                 
1            94  73.43750
011110       15  11.71875
110           7   5.46875
101           7   5.46875
0             4   3.12500
010           1   0.78125



        count       pct
ROCK                   
0          90  70.31250
111100     19  14.84375
100        18  14.06250
1           1   0.78125



        count       pct
ROCK_                  
0          90  70.31250
011110     19  14.84375
010        18  14.06250
1           1   0.78125



        count       pct
ROS                    
1          64  50.00000
001        35  27.34375
001000     19  14.84375
101         5   3.90625
0           5   3.90625



        count       pct
Rac1                   
1          64  50.00000
010        35  27.34375
010000     19  14.84375
011         5   3.90625
0           5   3.90625



        count       pct
RhoA                   
0          73  57.03125
001        35  27.34375
111001     19  14.84375
1           1   0.78125



     count      pct
SSH                
1       86  67.1875
0       42  32.8125



          count       pct
Thymosin                 
0            99  77.34375
1            17  13.28125
01           12   9.37500



        count       pct
WASP                   
1          93  72.65625
0          17  13.28125
01          7   5.46875
011         6   4.68750
000101      5   3.90625



        count       pct
WAVE                   
1          69  53.90625
101        35  27.34375
001100     19  14.84375
0           5   3.90625



