                   count       pct
Actin_BR Actin_ST                 
010      1            47  36.71875
000001   100111       19  14.84375
010      010011       15  11.71875
101      1            13  10.15625
0        0             8   6.25000
000001   1             7   5.46875
0        1             5   3.90625
         01            5   3.90625
1        1             3   2.34375
010      101           2   1.56250
000001   000001        2   1.56250
010      010           1   0.78125
         0             1   0.78125



               count       pct
Rac1   RhoA                   
010    0          38  29.68750
       001        28  21.87500
001000 111100     28  21.87500
0      0          17  13.28125
101    0          13  10.15625
1      0           3   2.34375
0      1           1   0.78125



