                     count    pct
cycle_Actin_BR_norm              
1                     4291  85.82
1110                   615  12.30
1100                    61   1.22
001                     13   0.26
10                      10   0.20
01011                   10   0.20



                     count    pct
cycle_Actin_ST_norm              
1                     2447  48.94
1101                  1440  28.80
10                     620  12.40
0                      329   6.58
0100                   141   2.82
001100                  13   0.26
01000                   10   0.20



                   count    pct
cycle_Arp2_3_norm              
1                   4291  85.82
1101                 615  12.30
1001                  61   1.22
010                   13   0.26
10110                 10   0.20
01                    10   0.20



               count    pct
cycle_CP_norm              
1               2578  51.56
0               2422  48.44



                  count    pct
cycle_Cdc42_norm              
1                  2541  50.82
0                  2459  49.18



                    count    pct
cycle_Cofilin_norm              
0                    1913  38.26
1                    1803  36.06
10                   1159  23.18
0111                   94   1.88
0001                   31   0.62



                    count    pct
cycle_Coronin_norm              
0                    3045  60.90
1000                  878  17.56
1011                  569  11.38
1                     470   9.40
01                     38   0.76



                      count    pct
cycle_Cortactin_norm              
1                      4109  82.18
1011                    878  17.56
111110                   13   0.26



                 count    pct
cycle_Dia1_norm              
0                 2775  55.50
1                 1049  20.98
0011               534  10.68
0111               332   6.64
0100               179   3.58
10                 108   2.16
110001              13   0.26
00001               10   0.20



                 count    pct
cycle_Dia2_norm              
1                 2623  52.46
1011              2191  43.82
01                 163   3.26
111101              13   0.26
11101               10   0.20



                     count    pct
cycle_Ena_Vasp_norm              
1                     4941  98.82
1101                    46   0.92
011110                  13   0.26



                   count    pct
cycle_IRSp53_norm              
1                   2781  55.62
0                   1981  39.62
1011                 225   4.50
111100                13   0.26



                 count    pct
cycle_LIMK_norm              
0                 5000  100.0



                count    pct
cycle_PAK_norm              
1                4762  95.24
1011              225   4.50
111100             13   0.26



                 count    pct
cycle_PIP2_norm              
0                 2578  51.56
1                 2422  48.44



                count    pct
cycle_PKD_norm              
1                2176  43.52
1001              878  17.56
1101              744  14.88
0001              569  11.38
0                 470   9.40
10                163   3.26



                     count    pct
cycle_Profilin_norm              
1                     3310  66.20
1011                   693  13.86
01                     504  10.08
0                      329   6.58
1000                   141   2.82
011000                  13   0.26
10000                   10   0.20



                 count    pct
cycle_ROCK_norm              
1                 2176  43.52
0011               878  17.56
1011               744  14.88
0010               569  11.38
0                  470   9.40
01                 163   3.26



                  count    pct
cycle_ROCK__norm              
1                  2176  43.52
1001                878  17.56
1101                744  14.88
0001                569  11.38
0                   470   9.40
10                  163   3.26



                 count    pct
cycle_Rac1_norm              
0                 2176  43.52
0011               878  17.56
0001               744  14.88
0111               569  11.38
1                  447   8.94
10                 163   3.26
111001              13   0.26
11011               10   0.20



                 count    pct
cycle_RhoA_norm              
1                 2176  43.52
0110              1103  22.06
0111               744  14.88
0                  447   8.94
1000               344   6.88
10                 163   3.26
100011              13   0.26
00010               10   0.20



                count    pct
cycle_SSH_norm              
0                3045  60.90
0001              878  17.56
0111              569  11.38
1                 470   9.40
10                 38   0.76



                     count    pct
cycle_Thymosin_norm              
0                     2692  53.84
10                    1469  29.38
1                      503  10.06
01                     336   6.72



                 count    pct
cycle_WASP_norm              
1                 2692  53.84
10                1469  29.38
0                  503  10.06
01                 336   6.72



                 count    pct
cycle_WAVE_norm              
0                 2176  43.52
1001               878  17.56
1000               744  14.88
1011               569  11.38
1                  447   8.94
01                 163   3.26
111100              13   0.26
11101               10   0.20



