                                         count    pct
cycle_Actin_BR_norm cycle_Actin_ST_norm              
1                   1                     2391  47.82
                    1101                   961  19.22
                    10                     610  12.20
1110                1101                   479   9.58
1                   0                      329   6.58
1110                0100                    80   1.60
1100                0100                    61   1.22
1110                1                       56   1.12
001                 001100                  13   0.26
10                  10                      10   0.20
01011               01000                   10   0.20



