                    count        pct
Actin_BR Actin_ST                   
1        0            414  40.429688
         1            317  30.957031
011      010          201  19.628906
         1             52   5.078125
0        111100000     24   2.343750
         11110111      10   0.976562
         011            6   0.585938



                     count        pct
Rac1      RhoA                       
1         0            731  71.386719
011       101          259  25.292969
111100001 110000111     24   2.343750
00001111  00111100      10   0.976562



