          count        pct
ARHGAP22                  
0           675  65.917969
011110      225  21.972656
010         115  11.230469
1             9   0.878906



          count        pct
Actin_BR                  
001         401  39.160156
0           398  38.867188
000010      225  21.972656



           count        pct
Actin_ST                   
0            293  28.613281
001          286  27.929688
100111       121  11.816406
101          115  11.230469
001110       104  10.156250
000000111     96   9.375000
1              9   0.878906



        count        pct
Arp2_3                  
010       401  39.160156
0         398  38.867188
000100    225  21.972656



        count        pct
CP                      
0         634  61.914062
001       286  27.929688
000010    104  10.156250



       count        pct
Cdc42                  
1        518  50.585938
0        506  49.414062



         count    pct
Cofilin              
0         1024  100.0



         count        pct
Coronin                  
1          479  46.777344
0          478  46.679688
10          67   6.542969



           count        pct
Cortactin                  
100          401  39.160156
0            302  29.492188
001000       225  21.972656
100000111     96   9.375000



           count        pct
Dia1                       
0            518  50.585938
111100       225  21.972656
100          176  17.187500
000011110     96   9.375000
1              9   0.878906



           count        pct
Dia2                       
1            527  51.464844
111100       225  21.972656
100          176  17.187500
000011110     96   9.375000



          count        pct
Ena_Vasp                  
1           527  51.464844
001111      225  21.972656
0           157  15.332031
001         115  11.230469



              count        pct
IRSp53_Cdc42                  
1               518  50.585938
0               506  49.414062



             count        pct
IRSp53_Rac1                  
100            401  39.160156
0              302  29.492188
001000         225  21.972656
100000111       96   9.375000



        count        pct
LIMK                    
0         479  46.777344
1         253  24.707031
011111    225  21.972656
01         67   6.542969



           count        pct
NET1                       
0            518  50.585938
111011       225  21.972656
011          176  17.187500
001111100     96   9.375000
1              9   0.878906



           count        pct
PAK                        
1            518  50.585938
001000       225  21.972656
001          176  17.187500
100000111     96   9.375000
0              9   0.878906



      count        pct
PIP2                  
0       517  50.488281
1       507  49.511719



        count        pct
PKD                     
0         675  65.917969
011110    225  21.972656
010       115  11.230469
1           9   0.878906



           count        pct
Profilin                   
011          401  39.160156
0            293  28.613281
011110       225  21.972656
111001111     96   9.375000
1              9   0.878906



        count        pct
ROCK                    
0         675  65.917969
111100    225  21.972656
100       115  11.230469
1           9   0.878906



           count        pct
ROS                        
100          401  39.160156
0            302  29.492188
001000       225  21.972656
100000111     96   9.375000



           count        pct
Rac1                       
001          401  39.160156
0            302  29.492188
010000       225  21.972656
000001111     96   9.375000



           count        pct
RhoA                       
0            518  50.585938
111001       225  21.972656
001          176  17.187500
000111100     96   9.375000
1              9   0.878906



     count        pct
SSH                  
1      479  46.777344
0      478  46.679688
01      67   6.542969



          count    pct
Thymosin              
1          1024  100.0



      count    pct
WASP              
0      1024  100.0



           count        pct
WAVE                       
110          401  39.160156
0            302  29.492188
001100       225  21.972656
110000111     96   9.375000



