                    count        pct
Actin_BR Actin_ST                   
1        1            209  20.410156
         0            209  20.410156
0        0            207  20.214844
001      0            114  11.132812
         1             59   5.761719
000010   001111        50   4.882812
         1             39   3.808594
001      101001        33   3.222656
101      1             29   2.832031
000010   000011        25   2.441406
101      0             22   2.148438
                       18   1.757812
0        1              4   0.390625
         01             4   0.390625
         000000100      2   0.195312



                     count        pct
Rac1      RhoA                       
1         0            418  40.820312
001       100          206  20.117188
0         1            144  14.062500
010000    111001       114  11.132812
0         0             71   6.933594
101       0             51   4.980469
                        18   1.757812
000111100 011110000      2   0.195312



