          count    pct
ARHGAP22              
0          1024  100.0



          count        pct
Actin_BR                  
1           778  75.976562
011         139  13.574219
110         105  10.253906
100           2   0.195312



          count        pct
Actin_ST                  
0           480  46.875000
1           351  34.277344
001         154  15.039062
111110       30   2.929688
101           9   0.878906



        count        pct
Arp2_3                  
1         778  75.976562
110       139  13.574219
101       105  10.253906
001         2   0.195312



        count        pct
CP                      
1         390  38.085938
0         351  34.277344
101       152  14.843750
10         90   8.789062
000010     30   2.929688
100        11   1.074219



       count        pct
Cdc42                  
0        519  50.683594
1        505  49.316406



         count        pct
Cofilin                  
0          893  87.207031
000100      75   7.324219
100         56   5.468750



         count    pct
Coronin              
0         1024  100.0



           count        pct
Cortactin                  
1            778  75.976562
101          139  13.574219
011          105  10.253906
010            2   0.195312



        count        pct
Dia1                    
0         785  76.660156
001       177  17.285156
110        32   3.125000
101100     30   2.929688



      count        pct
Dia2                  
1       505  49.316406
0       303  29.589844
110     111  10.839844
101     105  10.253906



          count        pct
Ena_Vasp                  
1           688  67.187500
10          120  11.718750
111011      105  10.253906
0            88   8.593750
110          23   2.246094



              count        pct
IRSp53_Cdc42                  
0               519  50.683594
1               505  49.316406



             count        pct
IRSp53_Rac1                  
1              778  75.976562
101            139  13.574219
011            105  10.253906
010              2   0.195312



      count    pct
LIMK              
1      1024  100.0



      count        pct
NET1                  
0       808  78.906250
001     111  10.839844
010     105  10.253906



     count        pct
PAK                  
1      808  78.906250
101    111  10.839844
011    105  10.253906



      count        pct
PIP2                  
0       525  51.269531
1       499  48.730469



     count        pct
PKD                  
0      778  75.976562
011    113  11.035156
110    105  10.253906
010     28   2.734375



          count        pct
Profilin                  
1          1022  99.804688
101           2   0.195312



      count        pct
ROCK                  
0       778  75.976562
110     113  11.035156
101     105  10.253906
100      28   2.734375



     count        pct
ROS                  
1      778  75.976562
101    139  13.574219
011    105  10.253906
010      2   0.195312



      count        pct
Rac1                  
1       778  75.976562
011     139  13.574219
110     105  10.253906
100       2   0.195312



      count        pct
RhoA                  
0       778  75.976562
101     113  11.035156
011     105  10.253906
001      28   2.734375



     count    pct
SSH              
0     1024  100.0



          count        pct
Thymosin                  
01          463  45.214844
0           391  38.183594
1           170  16.601562



      count        pct
WASP                  
01      463  45.214844
1       391  38.183594
0       170  16.601562



      count        pct
WAVE                  
1      1022  99.804688
011       2   0.195312



