                   count        pct
Actin_BR Actin_ST                  
1        0           480  46.875000
         1           298  29.101562
011      001          77   7.519531
110      001          75   7.324219
011      1            53   5.175781
110      111110       30   2.929688
011      101           9   0.878906
100      001           2   0.195312



           count        pct
Rac1 RhoA                  
1    0       778  75.976562
011  101     111  10.839844
110  011     105  10.253906
011  001      28   2.734375
100  101       2   0.195312



