          count        pct
ARHGAP22                  
1          1012  49.414062
11110       425  20.751953
0           288  14.062500
11010       176   8.593750
01011       143   6.982422
              4   0.195312



          count        pct
Actin_BR                  
0          1027  50.146484
00010       425  20.751953
101         191   9.326172
01010       176   8.593750
01001       143   6.982422
001          45   2.197266
1            37   1.806641
              4   0.195312



            count        pct
Actin_ST                    
0             945  46.142578
1             546  26.660156
01111         230  11.230469
1110111001    143   6.982422
011            75   3.662109
00011          60   2.929688
001            45   2.197266
                4   0.195312



        count        pct
Arp2_3                  
0        1027  50.146484
00100     425  20.751953
011       191   9.326172
10100     176   8.593750
10010     143   6.982422
010        45   2.197266
1          37   1.806641
            4   0.195312



            count        pct
CP                          
1            1038  50.683594
0             831  40.576172
0000000001    143   6.982422
10             17   0.830078
00100          15   0.732422
                4   0.195312



       count        pct
Cdc42                  
0       2044  99.804688
           4   0.195312



         count        pct
Cofilin                  
0         1757  85.791016
1          154   7.519531
011        116   5.664062
01          17   0.830078
             4   0.195312



         count        pct
Coronin                  
0         1756  85.742188
1          288  14.062500
             4   0.195312



           count        pct
Cortactin                  
0           1027  50.146484
01000        425  20.751953
110          191   9.326172
01001        176   8.593750
00101        143   6.982422
100           45   2.197266
1             37   1.806641
               4   0.195312



            count        pct
Dia1                        
0            1064  51.953125
11101         425  20.751953
10101         161   7.861328
0011010110    143   6.982422
1             120   5.859375
100           116   5.664062
11000          15   0.732422
                4   0.195312



       count        pct
Dia2                   
1       1064  51.953125
10111    373  18.212891
11101    371  18.115234
110      236  11.523438
           4   0.195312



            count        pct
Ena_Vasp                    
1            1533  74.853516
0111111111    230  11.230469
1111110101    143   6.982422
01111          45   2.197266
011            45   2.197266
10             17   0.830078
0              16   0.781250
10110          15   0.732422
                4   0.195312



              count        pct
IRSp53_Cdc42                  
0              2044  99.804688
                  4   0.195312



             count        pct
IRSp53_Rac1                  
0             1027  50.146484
01000          425  20.751953
110            191   9.326172
01001          176   8.593750
00101          143   6.982422
100             45   2.197266
1               37   1.806641
                 4   0.195312



      count        pct
LIMK                  
1      1756  85.742188
0       288  14.062500
          4   0.195312



      count        pct
NET1                  
0      2044  99.804688
          4   0.195312



       count        pct
PAK                    
0       1027  50.146484
01000    425  20.751953
110      191   9.326172
01001    176   8.593750
00101    143   6.982422
100       45   2.197266
1         37   1.806641
           4   0.195312



      count        pct
PIP2                  
0      1037  50.634766
1      1007  49.169922
          4   0.195312



       count        pct
PKD                    
1       1012  49.414062
11110    425  20.751953
0        288  14.062500
11010    176   8.593750
01011    143   6.982422
           4   0.195312



          count        pct
Profilin                  
0           945  46.142578
1           621  30.322266
11011       373  18.212891
00110        60   2.929688
011          45   2.197266
              4   0.195312



       count        pct
ROCK                   
1       1012  49.414062
11101    425  20.751953
0        288  14.062500
10101    176   8.593750
10110    143   6.982422
           4   0.195312



       count        pct
ROS                    
0       1027  50.146484
01000    425  20.751953
110      191   9.326172
01001    176   8.593750
00101    143   6.982422
100       45   2.197266
1         37   1.806641
           4   0.195312



       count        pct
Rac1                   
0       1027  50.146484
10000    425  20.751953
101      191   9.326172
10010    176   8.593750
01010    143   6.982422
001       45   2.197266
1         37   1.806641
           4   0.195312



       count        pct
RhoA                   
1       1027  50.146484
11011    425  20.751953
100      191   9.326172
01011    176   8.593750
01101    143   6.982422
101       45   2.197266
0         37   1.806641
           4   0.195312



     count        pct
SSH                  
0     1756  85.742188
1      288  14.062500
         4   0.195312



          count        pct
Thymosin                  
1           990  48.339844
0           615  30.029297
10          439  21.435547
              4   0.195312



      count        pct
WASP                  
0      1005  49.072266
1       555  27.099609
10      439  21.435547
110      45   2.197266
          4   0.195312



       count        pct
WAVE                   
0       1027  50.146484
01100    425  20.751953
1        228  11.132812
11101    176   8.593750
10111    143   6.982422
110       45   2.197266
           4   0.195312



