          count        pct
ARHGAP22                  
1          1514  73.925781
0           220  10.742188
10111       210  10.253906
10101        64   3.125000
01110        40   1.953125



          count        pct
Actin_BR                  
0          1022  49.902344
1           487  23.779297
01          355  17.333984
010         105   5.126953
011          79   3.857422



          count        pct
Actin_ST                  
0          1019  49.755859
01          355  17.333984
11101       274  13.378906
1           190   9.277344
110         170   8.300781
01110        40   1.953125



        count        pct
Arp2_3                  
0        1022  49.902344
1         487  23.779297
10        355  17.333984
100       105   5.126953
110        79   3.857422



    count    pct
CP              
1    2048  100.0



       count        pct
Cdc42                  
1       1030  50.292969
0       1018  49.707031



         count        pct
Cofilin                  
0          992  48.437500
1          427  20.849609
01         355  17.333984
11110      210  10.253906
10110       64   3.125000



         count        pct
Coronin                  
0         1788  87.304688
1          220  10.742188
00100       40   1.953125



           count        pct
Cortactin                  
0           1544  75.390625
00010        210  10.253906
001          105   5.126953
101           79   3.857422
10010         64   3.125000
01100         40   1.953125
1              6   0.292969



      count    pct
Dia1              
0      2048  100.0



       count        pct
Dia2                   
1       1608  78.515625
11011    274  13.378906
101      126   6.152344
11100     40   1.953125



          count        pct
Ena_Vasp                  
1          1977  96.533203
110          44   2.148438
0            27   1.318359



              count        pct
IRSp53_Cdc42                  
1              1030  50.292969
0              1018  49.707031



             count        pct
IRSp53_Rac1                  
0             1544  75.390625
00010          210  10.253906
001            105   5.126953
101             79   3.857422
10010           64   3.125000
01100           40   1.953125
1                6   0.292969



       count        pct
LIMK                   
1       1788  87.304688
0        220  10.742188
11011     40   1.953125



      count        pct
NET1                  
0      1032  50.390625
1       958  46.777344
011      44   2.148438
010      14   0.683594



     count        pct
PAK                  
1     1032  50.390625
0      958  46.777344
001     44   2.148438
011     14   0.683594



      count    pct
PIP2              
0      2048  100.0



       count        pct
PKD                    
1       1514  73.925781
0        220  10.742188
10111    210  10.253906
10101     64   3.125000
01110     40   1.953125



          count        pct
Profilin                  
0          1019  49.755859
1           630  30.761719
10          355  17.333984
110          44   2.148438



       count        pct
ROCK                   
1       1514  73.925781
0        220  10.742188
01111    210  10.253906
01011     64   3.125000
11100     40   1.953125



       count        pct
ROS                    
0       1544  75.390625
00010    210  10.253906
001      105   5.126953
101       79   3.857422
10010     64   3.125000
01100     40   1.953125
1          6   0.292969



       count        pct
Rac1                   
0       1544  75.390625
00100    210  10.253906
010      105   5.126953
011       79   3.857422
00101     64   3.125000
11000     40   1.953125
1          6   0.292969



       count        pct
RhoA                   
1       1588  77.539062
11110    210  10.253906
011       75   3.662109
001       65   3.173828
10110     64   3.125000
11001     40   1.953125
0          6   0.292969



       count        pct
SSH                    
0       1788  87.304688
1        220  10.742188
01000     40   1.953125



          count        pct
Thymosin                  
1           992  48.437500
0           701  34.228516
01          355  17.333984



      count        pct
WASP                  
0      1019  49.755859
1       630  30.761719
01      355  17.333984
101      44   2.148438



      count    pct
WAVE              
0      2048  100.0



