          count        pct
ARHGAP22                  
1           446  43.554688
11011       306  29.882812
0           160  15.625000
01011       112  10.937500



          count    pct
Actin_BR              
0          1024  100.0



          count        pct
Actin_ST                  
0           526  51.367188
01100       363  35.449219
01100000     62   6.054688
01101        55   5.371094
01101001     18   1.757812



        count    pct
Arp2_3              
0        1024  100.0



    count        pct
CP                  
1     519  50.683594
0     505  49.316406



       count        pct
Cdc42                  
1        524  51.171875
0        500  48.828125



         count      pct
Cofilin                
0          944  92.1875
1           80   7.8125



         count     pct
Coronin               
0          864  84.375
1          160  15.625



           count        pct
Cortactin                  
0            526  51.367188
00001        306  29.882812
00101        112  10.937500
00111100      43   4.199219
01101001      37   3.613281



          count        pct
Dia1                      
0           519  50.683594
10111       306  29.882812
10110       112  10.937500
11110000     43   4.199219
10100101     37   3.613281
1             7   0.683594



          count        pct
Dia2                      
1           526  51.367188
10111       418  40.820312
11111100     43   4.199219
11101101     37   3.613281



          count        pct
Ena_Vasp                  
1           739  72.167969
01111       150  14.648438
0            78   7.617188
10101        57   5.566406



              count        pct
IRSp53_Cdc42                  
1               524  51.171875
0               500  48.828125



             count        pct
IRSp53_Rac1                  
0              526  51.367188
00001          306  29.882812
00101          112  10.937500
00111100        43   4.199219
01101001        37   3.613281



      count     pct
LIMK               
1       864  84.375
0       160  15.625



      count    pct
NET1              
1      1024  100.0



     count    pct
PAK              
0     1024  100.0



      count        pct
PIP2                  
0       519  50.683594
1       505  49.316406



       count        pct
PKD                    
1        446  43.554688
11011    306  29.882812
0        160  15.625000
01011    112  10.937500



          count        pct
Profilin                  
0           526  51.367188
11000       306  29.882812
01011       112  10.937500
00011000     43   4.199219
11010010     37   3.613281



       count        pct
ROCK                   
1        446  43.554688
10111    306  29.882812
0        160  15.625000
10110    112  10.937500



          count        pct
ROS                       
0           526  51.367188
00001       306  29.882812
00101       112  10.937500
00111100     43   4.199219
01101001     37   3.613281



          count        pct
Rac1                      
0           526  51.367188
00010       306  29.882812
01010       112  10.937500
01111000     43   4.199219
11010010     37   3.613281



          count        pct
RhoA                      
1           526  51.367188
01111       306  29.882812
01101       112  10.937500
11100001     43   4.199219
01001011     37   3.613281



     count     pct
SSH               
0      864  84.375
1      160  15.625



          count      pct
Thymosin                
1           944  92.1875
0            80   7.8125



      count    pct
WASP              
0      1024  100.0



          count        pct
WAVE                      
0           526  51.367188
10001       306  29.882812
10111       112  10.937500
00111110     43   4.199219
11111101     37   3.613281



