                                         count        pct
cycle_Actin_BR_norm cycle_Actin_ST_norm                  
0                   0                      515  50.292969
01                  0                      140  13.671875
0                   1                      119  11.621094
1                   0                       72   7.031250
01                  01                      72   7.031250
1                   1                       58   5.664062
01                  1                       36   3.515625
0                   01                      12   1.171875



