          count       pct
Actin_BR                 
1            62  48.43750
100          18  14.06250
0            15  11.71875
011          12   9.37500
010          11   8.59375
000010       10   7.81250



          count    pct
Actin_ST              
0           128  100.0



        count       pct
Arp2_3                 
1          62  48.43750
001        18  14.06250
0          15  11.71875
110        12   9.37500
100        11   8.59375
000100     10   7.81250



        count       pct
CP                     
1          61  47.65625
0          58  45.31250
010000      6   4.68750
010         2   1.56250
10          1   0.78125



       count       pct
Cdc42                 
0         67  52.34375
1         61  47.65625



         count       pct
Cofilin                 
1           57  44.53125
0           40  31.25000
10          16  12.50000
011         10   7.81250
010000       5   3.90625



         count     pct
Coronin               
1           84  65.625
0           44  34.375



           count       pct
Cortactin                 
1             62  48.43750
010           18  14.06250
0             15  11.71875
101           12   9.37500
001           11   8.59375
001000        10   7.81250



        count       pct
Dia1                   
0         101  78.90625
100        17  13.28125
111100     10   7.81250



        count       pct
Dia2                   
1          77  60.15625
011        30  23.43750
101        11   8.59375
111100     10   7.81250



          count       pct
Ena_Vasp                 
1            99  77.34375
011101       11   8.59375
101           7   5.46875
101111        6   4.68750
001111        2   1.56250
001           2   1.56250
10            1   0.78125



              count       pct
IRSp53_Cdc42                 
0                67  52.34375
1                61  47.65625



             count       pct
IRSp53_Rac1                 
1               62  48.43750
010             18  14.06250
0               15  11.71875
101             12   9.37500
001             11   8.59375
001000          10   7.81250



        count      pct
LIMK                  
0          84  65.6250
1          34  26.5625
011111     10   7.8125



        count       pct
NET1                   
1          62  48.43750
001        18  14.06250
0          15  11.71875
110        12   9.37500
100        11   8.59375
000100     10   7.81250



        count       pct
PAK                    
1          62  48.43750
010        18  14.06250
0          15  11.71875
101        12   9.37500
001        11   8.59375
001000     10   7.81250



      count       pct
PIP2                 
1        67  52.34375
0        61  47.65625



        count       pct
PKD                    
0          84  65.62500
010        19  14.84375
1          15  11.71875
011110     10   7.81250



          count    pct
Profilin              
0           128  100.0



        count       pct
ROCK                   
0          84  65.62500
100        19  14.84375
1          15  11.71875
111100     10   7.81250



        count       pct
ROCK_                  
0          84  65.62500
010        19  14.84375
1          15  11.71875
011110     10   7.81250



        count       pct
ROS                    
1          62  48.43750
010        18  14.06250
0          15  11.71875
101        12   9.37500
001        11   8.59375
001000     10   7.81250



        count       pct
Rac1                   
1          62  48.43750
100        18  14.06250
0          15  11.71875
011        12   9.37500
010        11   8.59375
010000     10   7.81250



        count       pct
RhoA                   
0          74  57.81250
010        18  14.06250
1          15  11.71875
001        11   8.59375
111001     10   7.81250



     count     pct
SSH               
1       84  65.625
0       44  34.375



          count       pct
Thymosin                 
0            75  58.59375
10           33  25.78125
1            20  15.62500



        count       pct
WASP                   
1          68  53.12500
10         28  21.87500
0          20  15.62500
011         7   5.46875
000101      5   3.90625



        count       pct
WAVE                   
1          74  57.81250
011        18  14.06250
0          15  11.71875
101        11   8.59375
001100     10   7.81250



