          count        pct
ARHGAP22                  
0           644  62.890625
1           156  15.234375
011110      119  11.621094
010         105  10.253906



          count        pct
Actin_BR                  
0           580  56.640625
001         325  31.738281
000010      119  11.621094



           count        pct
Actin_ST                   
0            720  70.312500
000011       119  11.621094
011           79   7.714844
010           77   7.519531
110000111     15   1.464844
100000001     14   1.367188



        count        pct
Arp2_3                  
0         580  56.640625
010       325  31.738281
000100    119  11.621094



     count        pct
CP                   
1      508  49.609375
0      426  41.601562
001     90   8.789062



       count        pct
Cdc42                  
1        514  50.195312
0        510  49.804688



         count        pct
Cofilin                  
0          660  64.453125
1          330  32.226562
01          34   3.320312



         count        pct
Coronin                  
0          504  49.218750
1          469  45.800781
01          51   4.980469



           count    pct
Cortactin              
0           1024  100.0



           count        pct
Dia1                       
0            768  75.000000
111100       119  11.621094
010          106  10.351562
000011110     29   2.832031
1              2   0.195312



           count        pct
Dia2                       
0            347  33.886719
1            188  18.359375
101          174  16.992188
100          167  16.308594
111100       119  11.621094
100011111     29   2.832031



          count        pct
Ena_Vasp                  
1           670  65.429688
0           130  12.695312
001111      119  11.621094
001         105  10.253906



              count        pct
IRSp53_Cdc42                  
1               514  50.195312
0               510  49.804688



             count        pct
IRSp53_Rac1                  
0              535  52.246094
100            341  33.300781
001000         119  11.621094
100000111       29   2.832031



        count        pct
LIMK                    
0         469  45.800781
1         385  37.597656
011111    119  11.621094
10         51   4.980469



           count        pct
NET1                       
0            514  50.195312
1            188  18.359375
011          174  16.992188
111011       119  11.621094
001111100     29   2.832031



           count        pct
PAK                        
1            514  50.195312
0            188  18.359375
001          174  16.992188
001000       119  11.621094
100000111     29   2.832031



      count        pct
PIP2                  
1       516  50.390625
0       508  49.609375



        count        pct
PKD                     
0         644  62.890625
1         156  15.234375
011110    119  11.621094
010       105  10.253906



           count        pct
Profilin                   
0            535  52.246094
011          266  25.976562
000110       119  11.621094
001           75   7.324219
111001111     15   1.464844
000000011     14   1.367188



        count        pct
ROCK                    
0         644  62.890625
1         156  15.234375
111100    119  11.621094
100       105  10.253906



           count        pct
ROS                        
0            535  52.246094
100          341  33.300781
001000       119  11.621094
100000111     29   2.832031



           count        pct
Rac1                       
0            535  52.246094
001          341  33.300781
010000       119  11.621094
000001111     29   2.832031



           count        pct
RhoA                       
0            514  50.195312
1            188  18.359375
001          174  16.992188
111001       119  11.621094
000111100     29   2.832031



     count        pct
SSH                  
0      504  49.218750
1      469  45.800781
10      51   4.980469



          count        pct
Thymosin                  
1           660  64.453125
0           330  32.226562
01           34   3.320312



      count    pct
WASP              
0      1024  100.0



           count        pct
WAVE                       
0            535  52.246094
110          341  33.300781
001100       119  11.621094
110000111     29   2.832031



