          count        pct
Actin_BR                  
100         528  51.562500
0           255  24.902344
101         223  21.777344
1            18   1.757812



          count        pct
Actin_ST                  
0           700  68.359375
001         202  19.726562
101         119  11.621094
1             3   0.292969



        count        pct
Arp2_3                  
001       528  51.562500
0         255  24.902344
011       223  21.777344
1          18   1.757812



     count        pct
CP                   
1      481  46.972656
0      351  34.277344
100    134  13.085938
101     58   5.664062



       count        pct
Cdc42                  
1        523  51.074219
0        501  48.925781



         count        pct
Cofilin                  
0          364  35.546875
1          259  25.292969
101        224  21.875000
001        172  16.796875
01           5   0.488281



         count        pct
Coronin                  
1          569  55.566406
0          233  22.753906
001        205  20.019531
01          17   1.660156



           count        pct
Cortactin                  
010          528  51.562500
0            255  24.902344
110          223  21.777344
1             18   1.757812



      count        pct
Dia1                  
0       948  92.578125
1        76   7.421875



      count        pct
Dia2                  
010     528  51.562500
110     223  21.777344
1       163  15.917969
0       110  10.742188



          count        pct
Ena_Vasp                  
1           665  64.941406
100         205  20.019531
0           154  15.039062



              count        pct
IRSp53_Cdc42                  
1               523  51.074219
0               501  48.925781



             count        pct
IRSp53_Rac1                  
010            528  51.562500
0              255  24.902344
110            223  21.777344
1               18   1.757812



      count        pct
LIMK                  
0       569  55.566406
1       233  22.753906
100     205  20.019531
10       17   1.660156



     count        pct
PAK                  
1      529  51.660156
010    246  24.023438
0      145  14.160156
110    104  10.156250



      count        pct
PIP2                  
1       548  53.515625
0       476  46.484375



     count        pct
PKD                  
0      677  66.113281
001    205  20.019531
1      142  13.867188



          count        pct
Profilin                  
101         375  36.621094
0           374  36.523438
010         172  16.796875
1           103  10.058594



      count        pct
ROCK                  
0       677  66.113281
010     205  20.019531
1       142  13.867188



      count        pct
Rac1                  
100     528  51.562500
0       255  24.902344
101     223  21.777344
1        18   1.757812



      count        pct
RhoA                  
0       633  61.816406
100     246  24.023438
1       145  14.160156



     count        pct
SSH                  
1      569  55.566406
0      233  22.753906
010    205  20.019531
10      17   1.660156



          count        pct
Thymosin                  
1           364  35.546875
0           259  25.292969
001         224  21.875000
011         172  16.796875
01            5   0.488281



      count    pct
WASP              
0      1024  100.0



      count        pct
WAVE                  
011     528  51.562500
0       255  24.902344
1       241  23.535156



