          count        pct
ARHGAP22                  
1           593  57.910156
0           144  14.062500
11101        68   6.640625
01111        51   4.980469
00111        46   4.492188
01101        34   3.320312
10110        30   2.929688
00011        25   2.441406
11001        15   1.464844
             12   1.171875
010           3   0.292969
001           3   0.292969



            count        pct
Actin_BR                    
0             590  57.617188
1             181  17.675781
0100           52   5.078125
1000110101     51   4.980469
0101101001     46   4.492188
01             33   3.222656
11011          30   2.929688
               12   1.171875
00100          11   1.074219
101             9   0.878906
00000001        9   0.878906



            count        pct
Actin_ST                    
1             607  59.277344
1111111011    105  10.253906
0              89   8.691406
01             85   8.300781
10111          40   3.906250
111100000      31   3.027344
1010010110     22   2.148438
11111101       20   1.953125
               12   1.171875
110             7   0.683594
111011          6   0.585938



            count        pct
Arp2_3                      
0             590  57.617188
1             181  17.675781
1000           52   5.078125
0001101011     51   4.980469
1011010010     46   4.492188
10             33   3.222656
10111          30   2.929688
               12   1.171875
01000          11   1.074219
011             9   0.878906
00000010        9   0.878906



            count        pct
CP                          
0             816  79.687500
1              89   8.691406
0100           52   5.078125
01             33   3.222656
1011010010     22   2.148438
               12   1.171875



       count        pct
Cdc42                  
0        515  50.292969
1        497  48.535156
          12   1.171875



         count        pct
Cofilin                  
0         1012  98.828125
            12   1.171875



         count        pct
Coronin                  
0          776  75.781250
1          144  14.062500
00010       46   4.492188
00011       25   2.441406
10000       15   1.464844
            12   1.171875
101          3   0.292969
011          3   0.292969



           count        pct
Cortactin                  
0           1012  98.828125
              12   1.171875



           count        pct
Dia1                       
1            499  48.730469
0            117  11.425781
1101          52   5.078125
11110         51   4.980469
11011         48   4.687500
01            33   3.222656
111000011     31   3.027344
01101         30   2.929688
11010         25   2.441406
01110         24   2.343750
10100         22   2.148438
10010110      20   1.953125
00110         16   1.562500
101           16   1.562500
              12   1.171875
11100001      12   1.171875
10011         10   0.976562
110            6   0.585938



           count        pct
Dia2                       
1            956  93.359375
111000011     31   3.027344
101           16   1.562500
              12   1.171875
110            6   0.585938
0              3   0.292969



          count        pct
Ena_Vasp                  
1           968  94.531250
0            36   3.515625
             12   1.171875
110101        3   0.292969
01            3   0.292969
001           2   0.195312



              count        pct
IRSp53_Cdc42                  
0               515  50.292969
1               497  48.535156
                 12   1.171875



             count        pct
IRSp53_Rac1                  
0              593  57.910156
10000           68   6.640625
1               65   6.347656
00100           51   4.980469
00110           46   4.492188
10100           34   3.320312
111110000       31   3.027344
01010           30   2.929688
00111           25   2.441406
10100101        20   1.953125
011             16   1.562500
10001           15   1.464844
01111000        12   1.171875
                12   1.171875
101              6   0.585938



       count        pct
LIMK                   
1        776  75.781250
0        144  14.062500
11101     46   4.492188
11100     25   2.441406
01111     15   1.464844
          12   1.171875
100        3   0.292969
010        3   0.292969



           count        pct
NET1                       
0            500  48.828125
1            459  44.824219
100000111     31   3.027344
010           16   1.562500
              12   1.171875
001            6   0.585938



           count        pct
PAK                        
1            500  48.828125
0            459  44.824219
111110000     31   3.027344
011           16   1.562500
              12   1.171875
101            6   0.585938



      count        pct
PIP2                  
0       520  50.781250
1       492  48.046875
         12   1.171875



       count        pct
PKD                    
1        593  57.910156
0        144  14.062500
11101     68   6.640625
01111     51   4.980469
00111     46   4.492188
01101     34   3.320312
10110     30   2.929688
00011     25   2.441406
11001     15   1.464844
          12   1.171875
010        3   0.292969
001        3   0.292969



            count        pct
Profilin                    
1             709  69.238281
1111110111    127  12.402344
1110           52   5.078125
01111          40   3.906250
10             33   3.222656
111111101      31   3.027344
11111011       20   1.953125
               12   1.171875



       count        pct
ROCK                   
1        593  57.910156
0        144  14.062500
11011     68   6.640625
11110     51   4.980469
01110     46   4.492188
11010     34   3.320312
01101     30   2.929688
00110     25   2.441406
10011     15   1.464844
          12   1.171875
100        3   0.292969
010        3   0.292969



           count        pct
ROS                        
0            593  57.910156
10000         68   6.640625
1             65   6.347656
00100         51   4.980469
00110         46   4.492188
10100         34   3.320312
111110000     31   3.027344
01010         30   2.929688
00111         25   2.441406
10100101      20   1.953125
011           16   1.562500
10001         15   1.464844
01111000      12   1.171875
              12   1.171875
101            6   0.585938



           count        pct
Rac1                       
0            593  57.910156
00001         68   6.640625
1             65   6.347656
01000         51   4.980469
01100         46   4.492188
01001         34   3.320312
111100001     31   3.027344
10100         30   2.929688
01110         25   2.441406
01001011      20   1.953125
110           16   1.562500
00011         15   1.464844
11110000      12   1.171875
              12   1.171875
011            6   0.585938



           count        pct
RhoA                       
1            593  57.910156
10111         68   6.640625
0             65   6.347656
11101         51   4.980469
11100         46   4.492188
10101         34   3.320312
110000111     31   3.027344
11010         30   2.929688
01100         25   2.441406
00101101      20   1.953125
011           16   1.562500
00111         15   1.464844
11000011      12   1.171875
              12   1.171875
101            6   0.585938



       count        pct
SSH                    
0        776  75.781250
1        144  14.062500
00100     46   4.492188
00110     25   2.441406
00001     15   1.464844
          12   1.171875
110        3   0.292969
011        3   0.292969



          count        pct
Thymosin                  
1           357  34.863281
10          295  28.808594
0           276  26.953125
01           84   8.203125
             12   1.171875



      count        pct
WASP                  
0       357  34.863281
10      295  28.808594
1       276  26.953125
01       84   8.203125
         12   1.171875



           count        pct
WAVE                       
0            593  57.910156
1             87   8.496094
11000         68   6.640625
11110         59   5.761719
00110         51   4.980469
00111         46   4.492188
111111000     31   3.027344
01111         30   2.929688
11110111      20   1.953125
11001         15   1.464844
01111100      12   1.171875
              12   1.171875



