          count    pct
ARHGAP22              
0          1024  100.0



          count        pct
Actin_BR                  
1           507  49.511719
010         218  21.289062
0           168  16.406250
101         131  12.792969



          count        pct
Actin_ST                  
1           404  39.453125
0           375  36.621094
001         100   9.765625
010          69   6.738281
010110       39   3.808594
10           37   3.613281



        count        pct
Arp2_3                  
1         507  49.511719
100       218  21.289062
0         168  16.406250
011       131  12.792969



        count        pct
CP                      
0         547  53.417969
1         267  26.074219
010        69   6.738281
101        54   5.273438
001        46   4.492188
000010     39   3.808594
10          2   0.195312



       count        pct
Cdc42                  
1        517  50.488281
0        507  49.511719



         count        pct
Cofilin                  
1          566  55.273438
0          244  23.828125
101        105  10.253906
010000      69   6.738281
01          35   3.417969
100          5   0.488281



         count        pct
Coronin                  
1          712  69.531250
0          303  29.589844
10           9   0.878906



           count        pct
Cortactin                  
1            507  49.511719
001          218  21.289062
0            168  16.406250
110          131  12.792969



      count    pct
Dia1              
0      1024  100.0



      count        pct
Dia2                  
1       657  64.160156
100     218  21.289062
0       149  14.550781



          count        pct
Ena_Vasp                  
1           864  84.375000
101011      108  10.546875
011          29   2.832031
100          12   1.171875
0             7   0.683594
10            4   0.390625



              count        pct
IRSp53_Cdc42                  
1               517  50.488281
0               507  49.511719



             count        pct
IRSp53_Rac1                  
1              507  49.511719
001            218  21.289062
0              168  16.406250
110            131  12.792969



      count        pct
LIMK                  
0       712  69.531250
1       303  29.589844
01        9   0.878906



      count        pct
NET1                  
0       535  52.246094
011     218  21.289062
1       140  13.671875
100     131  12.792969



     count        pct
PAK                  
1      535  52.246094
001    218  21.289062
0      140  13.671875
110    131  12.792969



      count       pct
PIP2                 
1       520  50.78125
0       504  49.21875



     count        pct
PKD                  
0      733  71.582031
010    161  15.722656
1      130  12.695312



          count        pct
Profilin                  
1           727  70.996094
0           106  10.351562
110          69   6.738281
011          46   4.492188
111110       39   3.808594
01           37   3.613281



      count        pct
ROCK                  
0       733  71.582031
100     161  15.722656
1       130  12.695312



     count        pct
ROS                  
1      507  49.511719
001    218  21.289062
0      168  16.406250
110    131  12.792969



      count        pct
Rac1                  
1       507  49.511719
010     218  21.289062
0       168  16.406250
101     131  12.792969



      count        pct
RhoA                  
0       666  65.039062
001     218  21.289062
1       140  13.671875



     count        pct
SSH                  
1      712  69.531250
0      303  29.589844
01       9   0.878906



          count        pct
Thymosin                  
0           736  71.875000
01          174  16.992188
1           114  11.132812



        count        pct
WASP                    
1         698  68.164062
0         118  11.523438
01        105  10.253906
000101     69   6.738281
011        34   3.320312



      count        pct
WAVE                  
1       638  62.304688
101     218  21.289062
0       168  16.406250



