          count        pct
ARHGAP22                  
0           972  94.921875
             52   5.078125



          count        pct
Actin_BR                  
1           417  40.722656
100         239  23.339844
0           172  16.796875
011         108  10.546875
             52   5.078125
000001       36   3.515625



           count        pct
Actin_ST                   
0            296  28.906250
1            261  25.488281
100          252  24.609375
10            93   9.082031
              52   5.078125
011101        36   3.515625
000000111     34   3.320312



        count        pct
Arp2_3                  
1         417  40.722656
001       239  23.339844
0         172  16.796875
110       108  10.546875
           52   5.078125
000010     36   3.515625



     count        pct
CP                   
0      467  45.605469
1      259  25.292969
100    176  17.187500
011     70   6.835938
        52   5.078125



       count        pct
Cdc42                  
1        507  49.511719
0        465  45.410156
          52   5.078125



         count        pct
Cofilin                  
1          766  74.804688
10          90   8.789062
0           80   7.812500
            52   5.078125
01          36   3.515625



         count        pct
Coronin                  
1          948  92.578125
            52   5.078125
10          15   1.464844
0            9   0.878906



           count        pct
Cortactin                  
0            972  94.921875
              52   5.078125



           count        pct
Dia1                       
0            657  64.160156
001          245  23.925781
              52   5.078125
010           36   3.515625
000011110     34   3.320312



           count        pct
Dia2                       
1            507  49.511719
001          245  23.925781
0            150  14.648438
              52   5.078125
010           36   3.515625
000011110     34   3.320312



          count        pct
Ena_Vasp                  
1           650  63.476562
001         176  17.187500
110          70   6.835938
             52   5.078125
0            40   3.906250
10           36   3.515625



              count        pct
IRSp53_Cdc42                  
1               507  49.511719
0               465  45.410156
                 52   5.078125



             count        pct
IRSp53_Rac1                  
1              417  40.722656
010            245  23.925781
0              132  12.890625
101            108  10.546875
                52   5.078125
100             36   3.515625
100000111       34   3.320312



      count        pct
LIMK                  
0       948  92.578125
         52   5.078125
01       15   1.464844
1         9   0.878906



           count        pct
NET1                       
0            549  53.613281
110          245  23.925781
001          108  10.546875
              52   5.078125
101           36   3.515625
001111100     34   3.320312



           count        pct
PAK                        
1            549  53.613281
010          245  23.925781
101          108  10.546875
              52   5.078125
100           36   3.515625
100000111     34   3.320312



      count        pct
PIP2                  
0       518  50.585938
1       454  44.335938
         52   5.078125



     count        pct
PKD                  
0      972  94.921875
        52   5.078125



           count        pct
Profilin                   
1            590  57.617188
101          182  17.773438
01            93   9.082031
              52   5.078125
0             37   3.613281
111011        36   3.515625
111001111     34   3.320312



      count        pct
ROCK                  
0       972  94.921875
         52   5.078125



           count        pct
ROS                        
1            417  40.722656
010          245  23.925781
0            132  12.890625
101          108  10.546875
              52   5.078125
100           36   3.515625
100000111     34   3.320312



           count        pct
Rac1                       
1            417  40.722656
100          245  23.925781
0            132  12.890625
011          108  10.546875
              52   5.078125
001           36   3.515625
000001111     34   3.320312



           count        pct
RhoA                       
0            657  64.160156
010          245  23.925781
              52   5.078125
100           36   3.515625
000111100     34   3.320312



     count        pct
SSH                  
1      948  92.578125
        52   5.078125
01      15   1.464844
0        9   0.878906



          count        pct
Thymosin                  
0           766  74.804688
10           93   9.082031
1            77   7.519531
             52   5.078125
01           36   3.515625



      count        pct
WASP                  
1       520  50.781250
010     176  17.187500
10       93   9.082031
0        77   7.519531
101      70   6.835938
         52   5.078125
01       36   3.515625



           count        pct
WAVE                       
1            525  51.269531
011          245  23.925781
0            132  12.890625
              52   5.078125
110           36   3.515625
110000111     34   3.320312



