                     count    pct
cycle_Actin_BR_norm              
0                     1024  100.0



                     count        pct
cycle_Actin_ST_norm                  
1                      448  43.750000
0                      270  26.367188
0111                   178  17.382812
10                      42   4.101562
0100                    30   2.929688
11010                   23   2.246094
101111                  14   1.367188
11110                   11   1.074219
00100                    5   0.488281
1100                     2   0.195312
000011                   1   0.097656



                   count    pct
cycle_Arp2_3_norm              
0                   1024  100.0



               count        pct
cycle_CP_norm                  
0                527  51.464844
1                497  48.535156



                  count        pct
cycle_Cdc42_norm                  
0                   514  50.195312
1                   510  49.804688



                    count        pct
cycle_Cofilin_norm                  
0                     837  81.738281
1000                  104  10.156250
1                      58   5.664062
10                     25   2.441406



                    count        pct
cycle_Coronin_norm                  
0                     678  66.210938
1000                  253  24.707031
1                      89   8.691406
10                      4   0.390625



                      count    pct
cycle_Cortactin_norm              
0                      1024  100.0



                 count        pct
cycle_Dia1_norm                  
0                  497  48.535156
1                  242  23.632812
1001               137  13.378906
1101                84   8.203125
111000              24   2.343750
10001               24   2.343750
01                  13   1.269531
00011                3   0.292969



                 count        pct
cycle_Dia2_norm                  
1                  509  49.707031
1011               428  41.796875
11101               47   4.589844
111110              24   2.343750
01                  13   1.269531
11011                3   0.292969



                     count        pct
cycle_Ena_Vasp_norm                  
1                      986  96.289062
11101                   23   2.246094
011111                  14   1.367188
100111                   1   0.097656



                   count        pct
cycle_IRSp53_norm                  
1                    510  49.804688
0                    467  45.605469
011110                24   2.343750
10011                 23   2.246094



                 count        pct
cycle_LIMK_norm                  
1                  678  66.210938
0111               253  24.707031
0                   89   8.691406
01                   4   0.390625



                count        pct
cycle_PAK_norm                  
1                 977  95.410156
011110             24   2.343750
10011              23   2.246094



                 count        pct
cycle_PIP2_norm                  
1                  527  51.464844
0                  497  48.535156



                count        pct
cycle_PKD_norm                  
1                 509  49.707031
1001              253  24.707031
1110              160  15.625000
0                  89   8.691406
10                 13   1.269531



                     count        pct
cycle_Profilin_norm                  
1                      463  45.214844
0                      270  26.367188
1110                   163  15.917969
01                      42   4.101562
11101                   34   3.320312
1000                    30   2.929688
011111                  14   1.367188
01000                    5   0.488281
1001                     2   0.195312
000110                   1   0.097656



                 count        pct
cycle_ROCK_norm                  
1                  509  49.707031
0011               253  24.707031
1101               160  15.625000
0                   89   8.691406
01                  13   1.269531



                  count        pct
cycle_ROCK__norm                  
1                   509  49.707031
1001                253  24.707031
1110                160  15.625000
0                    89   8.691406
10                   13   1.269531



                 count        pct
cycle_Rac1_norm                  
0                  509  49.707031
0011               268  26.171875
1000               160  15.625000
11001               47   4.589844
111100              24   2.343750
10                  13   1.269531
10011                3   0.292969



                 count        pct
cycle_RhoA_norm                  
1                  509  49.707031
0110               268  26.171875
1011               160  15.625000
110001              24   2.343750
00011               24   2.343750
01110               23   2.246094
10                  13   1.269531
00110                3   0.292969



                count        pct
cycle_SSH_norm                  
0                 678  66.210938
0001              253  24.707031
1                  89   8.691406
01                  4   0.390625



                     count        pct
cycle_Thymosin_norm                  
0                      378  36.914062
10                     337  32.910156
1                      309  30.175781



                 count        pct
cycle_WASP_norm                  
1                  355  34.667969
10                 337  32.910156
0                  309  30.175781
11011               23   2.246094



                 count        pct
cycle_WAVE_norm                  
0                  509  49.707031
1001               268  26.171875
0100               160  15.625000
11100               47   4.589844
011110              24   2.343750
01                  13   1.269531
11001                3   0.292969



