                   count        pct
Actin_BR Actin_ST                  
1        1           252  24.609375
         0           239  23.339844
0        0           115  11.230469
010      010         108  10.546875
011      010          57   5.566406
010      010100       57   5.566406
         1            51   4.980469
0        01           39   3.808594
011      010000       28   2.734375
0        1            27   2.636719
011      1            21   2.050781
010      011          16   1.562500
         0             9   0.878906
011      0             5   0.488281



           count        pct
Rac1 RhoA                  
1    0       491  47.949219
010  0       241  23.535156
0    0       181  17.675781
011  0       111  10.839844



