          count        pct
ARHGAP22                  
0          6505  65.154247
010        1535  15.374599
1          1096  10.977564
001111      848   8.493590



          count        pct
Actin_BR                  
1          4847  48.547676
010        2270  22.736378
0          1334  13.361378
000001      848   8.493590
101         685   6.860978



          count        pct
Actin_ST                  
1          6251  62.610176
0          1357  13.591747
010011     1040  10.416667
001111      432   4.326923
001         416   4.166667
011         334   3.345353
000011      136   1.362179
10           18   0.180288



        count        pct
Arp2_3                  
1        4847  48.547676
100      2270  22.736378
0        1334  13.361378
000010    848   8.493590
011       685   6.860978



        count        pct
CP                      
1        4984  49.919872
0        4493  45.002003
010000    393   3.936298
010        69   0.691106
01         45   0.450721



       count       pct
Cdc42                 
0       5055  50.63101
1       4929  49.36899



         count        pct
Cofilin                  
1         5305  53.135016
0         2977  29.817708
101        759   7.602163
010000     647   6.480369
10         257   2.574119
100         39   0.390625



         count        pct
Coronin                  
1         6319  63.291266
0         3606  36.117788
10          59   0.590946



           count        pct
Cortactin                  
1           4847  48.547676
001         2270  22.736378
0           1334  13.361378
000100       848   8.493590
110          685   6.860978



        count        pct
Dia1                    
0        7878  78.906250
100      1207  12.089343
011110    848   8.493590
1          51   0.510817



        count        pct
Dia2                    
1        5989  59.985978
101      2955  29.597356
011110    848   8.493590
0         192   1.923077



          count        pct
Ena_Vasp                  
1          7838  78.505609
101011     1040  10.416667
101111      432   4.326923
011         327   3.275240
001111      136   1.362179
100         119   1.191907
0            47   0.470753
01           45   0.450721



              count       pct
IRSp53_Cdc42                 
0              5055  50.63101
1              4929  49.36899



             count        pct
IRSp53_Rac1                  
1             4847  48.547676
001           2270  22.736378
0             1334  13.361378
000100         848   8.493590
110            685   6.860978



        count        pct
LIMK                    
0        6319  63.291266
1        2758  27.624199
101111    848   8.493590
01         59   0.590946



        count        pct
NET1                    
0        5039  50.470753
011      2270  22.736378
1        1142  11.438301
111101    848   8.493590
100       685   6.860978



        count        pct
PAK                     
1        5039  50.470753
001      2270  22.736378
0        1142  11.438301
000100    848   8.493590
110       685   6.860978



      count        pct
PIP2                  
1      5001  50.090144
0      4983  49.909856



        count        pct
PKD                     
0        6505  65.154247
010      1535  15.374599
1        1096  10.977564
001111    848   8.493590



          count        pct
Profilin                  
1          6589  65.995593
0          1284  12.860577
110        1040  10.416667
011110      432   4.326923
011         416   4.166667
000110      136   1.362179
010          69   0.691106
01           18   0.180288



        count        pct
ROCK                    
0        6505  65.154247
100      1535  15.374599
1        1096  10.977564
011110    848   8.493590



        count        pct
ROS                     
1        4847  48.547676
001      2270  22.736378
0        1334  13.361378
000100    848   8.493590
110       685   6.860978



        count        pct
Rac1                    
1        4847  48.547676
010      2270  22.736378
0        1334  13.361378
001000    848   8.493590
101       685   6.860978



        count        pct
RhoA                    
0        5724  57.331731
001      2270  22.736378
1        1142  11.438301
111100    848   8.493590



     count        pct
SSH                  
1     6319  63.291266
0     3606  36.117788
01      59   0.590946



          count        pct
Thymosin                  
0          6738  67.487981
1          1482  14.843750
01         1472  14.743590
10          292   2.924679



        count        pct
WASP                    
1        6326  63.361378
0        1528  15.304487
10       1117  11.187901
000101    647   6.480369
110       366   3.665865



        count        pct
WAVE                    
1        5532  55.408654
101      2270  22.736378
0        1334  13.361378
000110    848   8.493590



