          count    pct
ARHGAP22              
0          1024  100.0



          count        pct
Actin_BR                  
1           594  58.007812
011         187  18.261719
010         180  17.578125
0            63   6.152344



          count        pct
Actin_ST                  
1           726  70.898438
110          89   8.691406
010011       81   7.910156
0            76   7.421875
001          50   4.882812
10            2   0.195312



        count        pct
Arp2_3                  
1         594  58.007812
110       187  18.261719
100       180  17.578125
0          63   6.152344



        count        pct
CP                      
1         521  50.878906
0         446  43.554688
10         26   2.539062
000010     25   2.441406
010         6   0.585938



       count        pct
Cdc42                  
1        533  52.050781
0        491  47.949219



         count        pct
Cofilin                  
1          627  61.230469
0          130  12.695312
011        124  12.109375
01          83   8.105469
010000      56   5.468750
001          4   0.390625



         count        pct
Coronin                  
1          841  82.128906
0          177  17.285156
10           6   0.585938



           count        pct
Cortactin                  
1            594  58.007812
101          187  18.261719
001          180  17.578125
0             63   6.152344



      count        pct
Dia1                  
0       950  92.773438
100      74   7.226562



      count        pct
Dia2                  
1       642  62.695312
101     367  35.839844
0        15   1.464844



          count        pct
Ena_Vasp                  
1           861  84.082031
101011       81   7.910156
011          32   3.125000
10           26   2.539062
100          20   1.953125
0             4   0.390625



              count        pct
IRSp53_Cdc42                  
1               533  52.050781
0               491  47.949219



             count        pct
IRSp53_Rac1                  
1              594  58.007812
101            187  18.261719
001            180  17.578125
0               63   6.152344



      count        pct
LIMK                  
0       841  82.128906
1       177  17.285156
01        6   0.585938



      count        pct
NET1                  
0       609  59.472656
001     187  18.261719
011     180  17.578125
1        48   4.687500



     count        pct
PAK                  
1      609  59.472656
101    187  18.261719
001    180  17.578125
0       48   4.687500



      count        pct
PIP2                  
0       518  50.585938
1       506  49.414062



     count        pct
PKD                  
0      855  83.496094
010    122  11.914062
1       47   4.589844



          count        pct
Profilin                  
1           816  79.687500
110          81   7.910156
0            69   6.738281
011          50   4.882812
010           6   0.585938
01            2   0.195312



      count        pct
ROCK                  
0       855  83.496094
100     122  11.914062
1        47   4.589844



     count        pct
ROS                  
1      594  58.007812
101    187  18.261719
001    180  17.578125
0       63   6.152344



      count        pct
Rac1                  
1       594  58.007812
011     187  18.261719
010     180  17.578125
0        63   6.152344



      count        pct
RhoA                  
0       796  77.734375
001     180  17.578125
1        48   4.687500



     count        pct
SSH                  
1      841  82.128906
0      177  17.285156
01       6   0.585938



          count        pct
Thymosin                  
0           772  75.390625
01          165  16.113281
1            87   8.496094



        count        pct
WASP                    
1         735  71.777344
01        109  10.644531
0          88   8.593750
000101     56   5.468750
110        36   3.515625



      count        pct
WAVE                  
1       781  76.269531
101     180  17.578125
0        63   6.152344



