          count    pct
ARHGAP22              
0          1024  100.0



          count        pct
Actin_BR                  
1           484  47.265625
0           189  18.457031
100         143  13.964844
010         129  12.597656
011          52   5.078125
110          27   2.636719



          count        pct
Actin_ST                  
1           590  57.617188
0           218  21.289062
010001      129  12.597656
100          47   4.589844
011111       16   1.562500
110          13   1.269531
110101       11   1.074219



        count        pct
Arp2_3                  
1         484  47.265625
0         189  18.457031
001       143  13.964844
100       129  12.597656
110        52   5.078125
101        27   2.636719



        count        pct
CP                      
1         514  50.195312
0         408  39.843750
000010     62   6.054688
001        18   1.757812
101000     16   1.562500
101         5   0.488281
01          1   0.097656



       count        pct
Cdc42                  
0        516  50.390625
1        508  49.609375



         count        pct
Cofilin                  
0          879  85.839844
100000      78   7.617188
100         67   6.542969



         count    pct
Coronin              
0         1024  100.0



           count        pct
Cortactin                  
1            484  47.265625
0            189  18.457031
010          143  13.964844
001          129  12.597656
101           52   5.078125
011           27   2.636719



      count    pct
Dia1              
0      1024  100.0



      count        pct
Dia2                  
1       484  47.265625
0       189  18.457031
010     143  13.964844
001     129  12.597656
101      52   5.078125
011      27   2.636719



          count        pct
Ena_Vasp                  
1           647  63.183594
0           136  13.281250
10          127  12.402344
000101       67   6.542969
101          47   4.589844



              count        pct
IRSp53_Cdc42                  
0               516  50.390625
1               508  49.609375



             count        pct
IRSp53_Rac1                  
1              484  47.265625
0              189  18.457031
010            143  13.964844
001            129  12.597656
101             52   5.078125
011             27   2.636719



      count        pct
LIMK                  
1       517  50.488281
0       171  16.699219
001     130  12.695312
100     129  12.597656
110      50   4.882812
101      27   2.636719



      count    pct
NET1              
0      1024  100.0



     count        pct
PAK                  
1      517  50.488281
0      171  16.699219
010    130  12.695312
001    129  12.597656
101     50   4.882812
011     27   2.636719



      count        pct
PIP2                  
0       514  50.195312
1       510  49.804688



     count    pct
PKD              
0     1024  100.0



          count        pct
Profilin                  
1           617  60.253906
0           211  20.605469
110         129  12.597656
101          67   6.542969



      count    pct
ROCK              
0      1024  100.0



     count        pct
ROS                  
1      484  47.265625
0      189  18.457031
010    143  13.964844
001    129  12.597656
101     52   5.078125
011     27   2.636719



      count        pct
Rac1                  
1       484  47.265625
0       189  18.457031
100     143  13.964844
010     129  12.597656
011      52   5.078125
110      27   2.636719



      count    pct
RhoA              
0      1024  100.0



     count    pct
SSH              
0     1024  100.0



          count        pct
Thymosin                  
0           418  40.820312
01          409  39.941406
1           197  19.238281



        count        pct
WASP                    
1         371  36.230469
01        342  33.398438
0         197  19.238281
001010     67   6.542969
011        47   4.589844



      count        pct
WAVE                  
1       563  54.980469
0       189  18.457031
011     143  13.964844
101     129  12.597656



