                   count        pct
Actin_BR Actin_ST                  
1        1           530  51.757812
0        0           134  13.085938
100      001         120  11.718750
         1            98   9.570312
101      1            52   5.078125
         011          25   2.441406
001000   1            18   1.757812
         001111       12   1.171875
         111000       11   1.074219
         000001        8   0.781250
0        1             8   0.781250
         01            7   0.683594
1        0             1   0.097656



               count        pct
Rac1   RhoA                    
1      0         531  51.855469
100    010       218  21.289062
0      1         116  11.328125
101    0          77   7.519531
000001 100111     49   4.785156
0      0          33   3.222656



