          count    pct
ARHGAP22              
0          2048  100.0



          count        pct
Actin_BR                  
011         671  32.763672
001         619  30.224609
0           435  21.240234
1           323  15.771484



          count        pct
Actin_ST                  
1          1056  51.562500
0           589  28.759766
101         324  15.820312
001          67   3.271484
01           12   0.585938



        count        pct
Arp2_3                  
110       671  32.763672
010       619  30.224609
0         435  21.240234
1         323  15.771484



    count        pct
CP                  
0    1029  50.244141
1    1014  49.511719
01      5   0.244141



       count        pct
Cdc42                  
0       1038  50.683594
1       1010  49.316406



         count        pct
Cofilin                  
1          945  46.142578
101        675  32.958984
0          324  15.820312
01         104   5.078125



         count        pct
Coronin                  
1         1634  79.785156
0          293  14.306641
01         121   5.908203



           count        pct
Cortactin                  
101          671  32.763672
100          619  30.224609
0            435  21.240234
1            323  15.771484



      count    pct
Dia1              
0      2048  100.0



      count        pct
Dia2                  
101     671  32.763672
100     619  30.224609
0       435  21.240234
1       323  15.771484



          count        pct
Ena_Vasp                  
1          1517  74.072266
011         224  10.937500
0           217  10.595703
10           90   4.394531



              count        pct
IRSp53_Cdc42                  
0              1038  50.683594
1              1010  49.316406



             count    pct
IRSp53_Rac1              
0             2048  100.0



      count        pct
LIMK                  
0      1976  96.484375
1        40   1.953125
10       32   1.562500



      count        pct
NET1                  
0      1028  50.195312
101     477  23.291016
1       359  17.529297
100     184   8.984375



     count        pct
PAK                  
1     1028  50.195312
100    477  23.291016
0      359  17.529297
110    184   8.984375



      count        pct
PIP2                  
1      1034  50.488281
0      1014  49.511719



     count    pct
PKD              
0     2048  100.0



          count        pct
Profilin                  
1          1447  70.654297
0           365  17.822266
011         224  10.937500
10           12   0.585938



      count    pct
ROCK              
0      2048  100.0



     count        pct
ROS                  
101    671  32.763672
100    619  30.224609
0      435  21.240234
1      323  15.771484



      count        pct
Rac1                  
011     671  32.763672
001     619  30.224609
0       435  21.240234
1       323  15.771484



      count    pct
RhoA              
0      2048  100.0



     count        pct
SSH                  
1     1634  79.785156
0      293  14.306641
10     121   5.908203



          count        pct
Thymosin                  
0          1675  81.787109
1           204   9.960938
01          169   8.251953



      count        pct
WASP                  
1      1439  70.263672
0       269  13.134766
110     224  10.937500
01      116   5.664062



      count        pct
WAVE                  
101     671  32.763672
100     619  30.224609
0       435  21.240234
1       323  15.771484



