                   count        pct
Actin_BR Actin_ST                  
1        0           601  58.691406
100      0           217  21.191406
000001   0            98   9.570312
011      0            88   8.593750
0        0            20   1.953125



               count        pct
Rac1   RhoA                    
1      0         601  58.691406
100    010       217  21.191406
001000 111100     98   9.570312
011    0          88   8.593750
0      0          14   1.367188
       1           6   0.585938



