          count        pct
ARHGAP22                  
1           561  54.785156
0           134  13.085938
11101       117  11.425781
11110        48   4.687500
01011        48   4.687500
00111        44   4.296875
10001        20   1.953125
10110        19   1.855469
01110        17   1.660156
001           8   0.781250
              8   0.781250



            count        pct
Actin_BR                    
0             524  51.171875
1             320  31.250000
0001101011     48   4.687500
0100           38   3.710938
110            28   2.734375
11011          19   1.855469
1001010110     17   1.660156
01             13   1.269531
                8   0.781250
00001           6   0.585938
00001000        3   0.292969



            count        pct
Actin_ST                    
1             602  58.789062
0             211  20.605469
1111110111     84   8.203125
01             51   4.980469
11110          29   2.832031
100            22   2.148438
11011111       11   1.074219
                8   0.781250
111100000       3   0.292969
101             2   0.195312
110111          1   0.097656



            count        pct
Arp2_3                      
0             524  51.171875
1             320  31.250000
0011010110     48   4.687500
1000           38   3.710938
101            28   2.734375
10111          19   1.855469
0010101101     17   1.660156
10             13   1.269531
                8   0.781250
00010           6   0.585938
00010000        3   0.292969



      count        pct
CP                    
0       732  71.484375
1       211  20.605469
0100     38   3.710938
110      22   2.148438
01       13   1.269531
          8   0.781250



       count        pct
Cdc42                  
0        511  49.902344
1        505  49.316406
           8   0.781250



            count        pct
Cofilin                     
0             640  62.500000
1             276  26.953125
0100           38   3.710938
01             26   2.539062
0001000100     17   1.660156
00011          12   1.171875
                8   0.781250
11001           6   0.585938
110             1   0.097656



         count        pct
Coronin                  
0          793  77.441406
1          134  13.085938
00010       44   4.296875
10001       20   1.953125
00100       17   1.660156
101          8   0.781250
             8   0.781250



           count       pct
Cortactin                 
0           1016  99.21875
               8   0.78125



           count        pct
Dia1                       
1            489  47.753906
0            248  24.218750
11011         55   5.371094
11101         48   4.687500
01101         40   3.906250
1101          38   3.710938
100           22   2.148438
11100         17   1.660156
01            13   1.269531
01110         12   1.171875
101            9   0.878906
01101001       8   0.781250
00011110       8   0.781250
               8   0.781250
00011          6   0.585938
111000011      3   0.292969



      count       pct
Dia2                 
0      1016  99.21875
          8   0.78125



          count        pct
Ena_Vasp                  
1           988  96.484375
101          22   2.148438
              8   0.781250
0             4   0.390625
10            1   0.097656
010           1   0.097656



              count        pct
IRSp53_Cdc42                  
0               511  49.902344
1               505  49.316406
                  8   0.781250



             count        pct
IRSp53_Rac1                  
0              561  54.785156
10000          117  11.425781
1               92   8.984375
01000           48   4.687500
00101           48   4.687500
00110           44   4.296875
011             31   3.027344
10011           20   1.953125
01010           19   1.855469
01100           17   1.660156
10000111         8   0.781250
01011010         8   0.781250
                 8   0.781250
111110000        3   0.292969



       count        pct
LIMK                   
1        793  77.441406
0        134  13.085938
11101     44   4.296875
01110     20   1.953125
11011     17   1.660156
010        8   0.781250
           8   0.781250



           count        pct
NET1                       
0            521  50.878906
1            461  45.019531
010           31   3.027344
               8   0.781250
100000111      3   0.292969



           count        pct
PAK                        
1            521  50.878906
0            461  45.019531
011           31   3.027344
               8   0.781250
111110000      3   0.292969



      count        pct
PIP2                  
0       540  52.734375
1       476  46.484375
          8   0.781250



       count        pct
PKD                    
1        561  54.785156
0        134  13.085938
11101    117  11.425781
11110     48   4.687500
01011     48   4.687500
00111     44   4.296875
10001     20   1.953125
10110     19   1.855469
01110     17   1.660156
001        8   0.781250
           8   0.781250



            count        pct
Profilin                    
1             838  81.835938
1111101111     84   8.203125
1110           38   3.710938
11101          29   2.832031
10             13   1.269531
10111111       11   1.074219
                8   0.781250
111111101       3   0.292969



       count        pct
ROCK                   
1        561  54.785156
0        134  13.085938
11011    117  11.425781
11101     48   4.687500
10110     48   4.687500
01110     44   4.296875
00011     20   1.953125
01101     19   1.855469
11100     17   1.660156
010        8   0.781250
           8   0.781250



           count        pct
ROS                        
0            561  54.785156
10000        117  11.425781
1             92   8.984375
01000         48   4.687500
00101         48   4.687500
00110         44   4.296875
011           31   3.027344
10011         20   1.953125
01010         19   1.855469
01100         17   1.660156
10000111       8   0.781250
01011010       8   0.781250
               8   0.781250
111110000      3   0.292969



           count        pct
Rac1                       
0            561  54.785156
00001        117  11.425781
1             92   8.984375
10000         48   4.687500
01010         48   4.687500
01100         44   4.296875
110           31   3.027344
00111         20   1.953125
10100         19   1.855469
11000         17   1.660156
10110100       8   0.781250
00001111       8   0.781250
               8   0.781250
111100001      3   0.292969



           count        pct
RhoA                       
1            561  54.785156
10111        117  11.425781
0             92   8.984375
11011         48   4.687500
01101         48   4.687500
11100         44   4.296875
011           31   3.027344
00110         20   1.953125
11010         19   1.855469
11001         17   1.660156
11010010       8   0.781250
00111100       8   0.781250
               8   0.781250
110000111      3   0.292969



       count        pct
SSH                    
0        793  77.441406
1        134  13.085938
00100     44   4.296875
00011     20   1.953125
01000     17   1.660156
011        8   0.781250
           8   0.781250



          count        pct
Thymosin                  
0           440  42.968750
1           305  29.785156
10          135  13.183594
01          135  13.183594
              8   0.781250
100           1   0.097656



      count        pct
WASP                  
1       418  40.820312
0       305  29.785156
10      135  13.183594
01      135  13.183594
011      22   2.148438
          8   0.781250
100       1   0.097656



           count        pct
WAVE                       
0            561  54.785156
1            123  12.011719
11000        117  11.425781
10111         68   6.640625
01100         48   4.687500
00111         44   4.296875
01111         19   1.855469
01110         17   1.660156
11000111       8   0.781250
01111111       8   0.781250
               8   0.781250
111111000      3   0.292969



