                                         count        pct
cycle_Actin_BR_norm cycle_Actin_ST_norm                  
0                   0                      270  26.367188
1                   0                      155  15.136719
                    1                      120  11.718750
0                   1                       73   7.128906
01                  01                      66   6.445312
1                   1011                    61   5.957031
01                  0001                    49   4.785156
1011                0001                    41   4.003906
1001                01                      37   3.613281
                    0001                    30   2.929688
                    0                       28   2.734375
1000                0                       24   2.343750
1                   1100                    16   1.562500
1000                0001                    16   1.562500
1                   01                      16   1.562500
1000                1011                    15   1.464844
01                  0                        7   0.683594



