                     count        pct
cycle_Actin_BR_norm                  
1                      761  74.316406
0                      196  19.140625
1110                    67   6.542969



                     count    pct
cycle_Actin_ST_norm              
1                     1024  100.0



                   count        pct
cycle_Arp2_3_norm                  
1                    761  74.316406
0                    196  19.140625
1101                  67   6.542969



               count    pct
cycle_CP_norm              
0               1024  100.0



                  count        pct
cycle_Cdc42_norm                  
0                   513  50.097656
1                   511  49.902344



                    count        pct
cycle_Cofilin_norm                  
0                     594  58.007812
1                     258  25.195312
1011                  121  11.816406
10                     51   4.980469



                    count        pct
cycle_Coronin_norm                  
0                     628  61.328125
1011                  153  14.941406
1000                  146  14.257812
1                      89   8.691406
01                      8   0.781250



                      count        pct
cycle_Cortactin_norm                  
0                       451  44.042969
1011                    153  14.941406
1001                    146  14.257812
0001                    141  13.769531
1                        89   8.691406
10                       44   4.296875



                 count        pct
cycle_Dia1_norm                  
1                  451  44.042969
0011               213  20.800781
0111               141  13.769531
0                   89   8.691406
0010                86   8.398438
10                  44   4.296875



                 count        pct
cycle_Dia2_norm                  
1                  540  52.734375
1011               440  42.968750
10                  44   4.296875



                     count    pct
cycle_Ena_Vasp_norm              
1                     1024  100.0



                   count        pct
cycle_IRSp53_norm                  
1                    549  53.613281
0                    408  39.843750
1011                  67   6.542969



                 count        pct
cycle_LIMK_norm                  
1                  628  61.328125
0100               153  14.941406
0111               146  14.257812
0                   89   8.691406
10                   8   0.781250



                count        pct
cycle_PAK_norm                  
1                 957  93.457031
1011               67   6.542969



                 count        pct
cycle_PIP2_norm                  
1                  517  50.488281
0                  507  49.511719



                count        pct
cycle_PKD_norm                  
1                 451  44.042969
0001              153  14.941406
1001              146  14.257812
1011              141  13.769531
0                  89   8.691406
01                 44   4.296875



                     count    pct
cycle_Profilin_norm              
1                     1024  100.0



                 count        pct
cycle_ROCK_norm                  
1                  451  44.042969
0010               153  14.941406
0011               146  14.257812
0111               141  13.769531
0                   89   8.691406
10                  44   4.296875



                  count        pct
cycle_ROCK__norm                  
1                   451  44.042969
0001                153  14.941406
1001                146  14.257812
1011                141  13.769531
0                    89   8.691406
01                   44   4.296875



                 count        pct
cycle_Rac1_norm                  
0                  451  44.042969
0111               153  14.941406
0011               146  14.257812
0010               141  13.769531
1                   89   8.691406
01                  44   4.296875



                 count        pct
cycle_RhoA_norm                  
1                  451  44.042969
0110               213  20.800781
1110               141  13.769531
0                   89   8.691406
0100                86   8.398438
01                  44   4.296875



                count        pct
cycle_SSH_norm                  
0                 628  61.328125
0111              153  14.941406
0001              146  14.257812
1                  89   8.691406
10                  8   0.781250



                     count    pct
cycle_Thymosin_norm              
0                     1024  100.0



                 count        pct
cycle_WASP_norm                  
1                  828  80.859375
0                  196  19.140625



                 count        pct
cycle_WAVE_norm                  
0                  451  44.042969
1011               153  14.941406
1001               146  14.257812
0001               141  13.769531
1                   89   8.691406
10                  44   4.296875



