          count        pct
ARHGAP22                  
0           542  52.929688
1           237  23.144531
011110      211  20.605469
010          20   1.953125
100          14   1.367188



          count    pct
Actin_BR              
0          1024  100.0



          count        pct
Actin_ST                  
0           408  39.843750
1           362  35.351562
10          105  10.253906
011110       96   9.375000
000011       39   3.808594
100110       14   1.367188



        count    pct
Arp2_3              
0        1024  100.0



    count   pct
CP             
1     512  50.0
0     512  50.0



       count        pct
Cdc42                  
1        542  52.929688
0        482  47.070312



         count    pct
Cofilin              
0         1024  100.0



         count    pct
Coronin              
0         1024  100.0



           count        pct
Cortactin                  
0            779  76.074219
001000       211  20.605469
001           20   1.953125
010           14   1.367188



        count        pct
Dia1                    
0         773  75.488281
111100    211  20.605469
100        20   1.953125
001        14   1.367188
1           6   0.585938



        count        pct
Dia2                    
0         542  52.929688
1         237  23.144531
111100    211  20.605469
101        20   1.953125
011        14   1.367188



          count        pct
Ena_Vasp                  
1           873  85.253906
011111       96   9.375000
001111       39   3.808594
010111       14   1.367188
001           2   0.195312



              count        pct
IRSp53_Cdc42                  
1               542  52.929688
0               482  47.070312



             count        pct
IRSp53_Rac1                  
0              779  76.074219
001000         211  20.605469
001             20   1.953125
010             14   1.367188



        count        pct
LIMK                    
1         813  79.394531
011111    211  20.605469



        count        pct
NET1                    
0         542  52.929688
1         237  23.144531
111011    211  20.605469
011        20   1.953125
110        14   1.367188



        count        pct
PAK                     
1         542  52.929688
0         237  23.144531
001000    211  20.605469
001        20   1.953125
010        14   1.367188



      count   pct
PIP2             
1       512  50.0
0       512  50.0



        count        pct
PKD                     
0         542  52.929688
1         237  23.144531
011110    211  20.605469
010        20   1.953125
100        14   1.367188



          count        pct
Profilin                  
0           406  39.648438
1           362  35.351562
01          105  10.253906
111100       96   9.375000
000110       39   3.808594
101          14   1.367188
010           2   0.195312



        count        pct
ROCK                    
0         542  52.929688
1         237  23.144531
111100    211  20.605469
100        20   1.953125
001        14   1.367188



        count        pct
ROS                     
0         779  76.074219
001000    211  20.605469
001        20   1.953125
010        14   1.367188



        count        pct
Rac1                    
0         779  76.074219
010000    211  20.605469
010        20   1.953125
100        14   1.367188



        count        pct
RhoA                    
0         542  52.929688
1         237  23.144531
111001    211  20.605469
001        20   1.953125
010        14   1.367188



     count    pct
SSH              
0     1024  100.0



          count        pct
Thymosin                  
0           360  35.156250
1           331  32.324219
01          223  21.777344
10          110  10.742188



      count        pct
WASP                  
1       360  35.156250
0       331  32.324219
01      223  21.777344
10      110  10.742188



        count        pct
WAVE                    
0         779  76.074219
001100    211  20.605469
101        20   1.953125
011        14   1.367188



