          count        pct
ARHGAP22                  
0           591  57.714844
1           232  22.656250
011         151  14.746094
010          50   4.882812



          count        pct
Actin_BR                  
1           445  43.457031
0           264  25.781250
010         235  22.949219
011          80   7.812500



          count        pct
Actin_ST                  
1           508  49.609375
0           259  25.292969
011         196  19.140625
010011       56   5.468750
01            5   0.488281



        count        pct
Arp2_3                  
1         445  43.457031
0         264  25.781250
100       235  22.949219
110        80   7.812500



    count    pct
CP              
1    1024  100.0



       count        pct
Cdc42                  
0        562  54.882812
1        462  45.117188



         count        pct
Cofilin                  
1          619  60.449219
0          261  25.488281
010         83   8.105469
010000      56   5.468750
01           5   0.488281



         count        pct
Coronin                  
1          569  55.566406
0          395  38.574219
011         50   4.882812
01          10   0.976562



           count        pct
Cortactin                  
1            445  43.457031
0            264  25.781250
001          252  24.609375
101           63   6.152344



      count    pct
Dia1              
0      1024  100.0



      count        pct
Dia2                  
1      1002  97.851562
0        22   2.148438



          count        pct
Ena_Vasp                  
1           845  82.519531
110         113  11.035156
101111       56   5.468750
0            10   0.976562



              count        pct
IRSp53_Cdc42                  
0               562  54.882812
1               462  45.117188



             count        pct
IRSp53_Rac1                  
1              445  43.457031
0              264  25.781250
001            235  22.949219
101             80   7.812500



      count        pct
LIMK                  
0       602  58.789062
1       395  38.574219
100      17   1.660156
10       10   0.976562



      count        pct
NET1                  
0       467  45.605469
1       242  23.632812
011     235  22.949219
001      80   7.812500



     count        pct
PAK                  
1      467  45.605469
0      242  23.632812
001    235  22.949219
101     80   7.812500



      count    pct
PIP2              
0      1024  100.0



     count        pct
PKD                  
0      591  57.714844
1      232  22.656250
011    151  14.746094
010     50   4.882812



          count        pct
Profilin                  
1           525  51.269531
0           259  25.292969
110         235  22.949219
10            5   0.488281



      count        pct
ROCK                  
0       591  57.714844
1       232  22.656250
110     151  14.746094
100      50   4.882812



     count    pct
ROS              
0     1024  100.0



      count        pct
Rac1                  
1       445  43.457031
0       264  25.781250
010     235  22.949219
011      80   7.812500



      count        pct
RhoA                  
0       467  45.605469
1       242  23.632812
101     235  22.949219
100      80   7.812500



     count        pct
SSH                  
1      569  55.566406
0      395  38.574219
110     50   4.882812
10      10   0.976562



          count        pct
Thymosin                  
0           702  68.554688
1           261  25.488281
01           61   5.957031



        count        pct
WASP                    
1         508  49.609375
0         271  26.464844
101       184  17.968750
000101     56   5.468750
01          5   0.488281



      count        pct
WAVE                  
1       525  51.269531
0       264  25.781250
101     235  22.949219



