                   count        pct
Actin_BR Actin_ST                  
1        1           445  43.457031
0        0           259  25.292969
010      011         179  17.480469
011      1            63   6.152344
010      010011       56   5.468750
011      011          17   1.660156
0        01            5   0.488281



           count        pct
Rac1 RhoA                  
1    0       445  43.457031
0    1       242  23.632812
010  101     235  22.949219
011  100      80   7.812500
0    0        22   2.148438



