                   count        pct
Actin_BR Actin_ST                  
1        0           661  32.275391
0        0           565  27.587891
         1           408  19.921875
01       0           170   8.300781
0001     1001        141   6.884766
011      0            76   3.710938
010      0            21   1.025391
001      001101        6   0.292969



             count        pct
Rac1  RhoA                   
0     1       1379  67.333984
1     0        230  11.230469
00100 11110    146   7.128906
11000 11001     82   4.003906
011   101       76   3.710938
01010 01101     70   3.417969
11100 11000     38   1.855469
010   1         21   1.025391
101   110        6   0.292969



