                     count        pct
Actin_BR   Actin_ST                  
0          0           922  45.019531
1          0           775  37.841797
011        0            83   4.052734
0111011101 0            79   3.857422
1111111011 0            60   2.929688
01         0            48   2.343750
1101111101 0            22   1.074219
01100      0            22   1.074219
010        0            17   0.830078
11011      0            13   0.634766
10011      0             6   0.292969
                         1   0.048828



             count        pct
Rac1  RhoA                   
0     1       1069  52.197266
00010 01111    273  13.330078
1     0        270  13.183594
10100 11010    154   7.519531
011   101       84   4.101562
00110 01110     76   3.710938
00111 00110     66   3.222656
01100 11100     22   1.074219
01110 01100     17   0.830078
010   1         16   0.781250
                 1   0.048828



