          count        pct
ARHGAP22                  
1           613  59.863281
11101       193  18.847656
10101        51   4.980469
00111        36   3.515625
10010        31   3.027344
11010        29   2.832031
01100        17   1.660156
00010        14   1.367188
11001        12   1.171875
10001         9   0.878906
01001         9   0.878906
0             6   0.585938
01000         4   0.390625



            count        pct
Actin_BR                    
0             537  52.441406
1             355  34.667969
0011010110     53   5.175781
01111          38   3.710938
10000          17   1.660156
0111011110     12   1.171875
0100            6   0.585938
00101           5   0.488281
01              1   0.097656



            count        pct
Actin_ST                    
1             652  63.671875
0             240  23.437500
1111011111    103  10.058594
10111          22   2.148438
01              7   0.683594



            count        pct
Arp2_3                      
0             537  52.441406
1             355  34.667969
0110101100     53   5.175781
11110          38   3.710938
00001          17   1.660156
1110111100     12   1.171875
1000            6   0.585938
01010           5   0.488281
10              1   0.097656



      count        pct
CP                    
0       777  75.878906
1       240  23.437500
0100      6   0.585938
01        1   0.097656



       count        pct
Cdc42                  
0        516  50.390625
1        508  49.609375



            count        pct
Cofilin                     
0             562  54.882812
1             248  24.218750
0001010100     82   8.007812
10111          30   2.929688
10110          21   2.050781
0001000100     21   2.050781
01001          13   1.269531
01000           9   0.878906
00110           9   0.878906
0010100000      9   0.878906
11001           8   0.781250
0100            6   0.585938
0000100000      4   0.390625
01              2   0.195312



         count    pct
Coronin              
0         1024  100.0



           count        pct
Cortactin                  
0            613  59.863281
10000        193  18.847656
10010         51   4.980469
00110         36   3.515625
01011         31   3.027344
01001         29   2.832031
11100         17   1.660156
01111         14   1.367188
10001         12   1.171875
10101          9   0.878906
10011          9   0.878906
1              6   0.585938
11101          4   0.390625



       count        pct
Dia1                   
1        546  53.320312
0        243  23.730469
11011    100   9.765625
10101     29   2.832031
01011     26   2.539062
00011     18   1.757812
10100     13   1.269531
10011     12   1.171875
10010      9   0.878906
00100      9   0.878906
11100      8   0.781250
1101       6   0.585938
10000      4   0.390625
01         1   0.097656



      count        pct
Dia2                  
1      1022  99.804688
0         2   0.195312



          count        pct
Ena_Vasp                  
1          1023  99.902344
10            1   0.097656



              count        pct
IRSp53_Cdc42                  
0               516  50.390625
1               508  49.609375



             count        pct
IRSp53_Rac1                  
0              613  59.863281
10000          193  18.847656
10010           51   4.980469
00110           36   3.515625
01011           31   3.027344
01001           29   2.832031
11100           17   1.660156
01111           14   1.367188
10001           12   1.171875
10101            9   0.878906
10011            9   0.878906
1                6   0.585938
11101            4   0.390625



      count    pct
LIMK              
0      1024  100.0



      count        pct
NET1                  
1       514  50.195312
0       510  49.804688



     count        pct
PAK                  
0      514  50.195312
1      510  49.804688



      count       pct
PIP2                 
1       520  50.78125
0       504  49.21875



       count        pct
PKD                    
1        613  59.863281
11101    193  18.847656
10101     51   4.980469
00111     36   3.515625
10010     31   3.027344
11010     29   2.832031
01100     17   1.660156
00010     14   1.367188
11001     12   1.171875
10001      9   0.878906
01001      9   0.878906
0          6   0.585938
01000      4   0.390625



            count        pct
Profilin                    
1             892  87.109375
1110111111    103  10.058594
01111          22   2.148438
1110            6   0.585938
10              1   0.097656



       count        pct
ROCK                   
1        613  59.863281
11011    193  18.847656
01011     51   4.980469
01110     36   3.515625
00101     31   3.027344
10101     29   2.832031
11000     17   1.660156
00100     14   1.367188
10011     12   1.171875
10010      9   0.878906
00011      9   0.878906
0          6   0.585938
10000      4   0.390625



       count        pct
ROS                    
0        613  59.863281
10000    193  18.847656
10010     51   4.980469
00110     36   3.515625
01011     31   3.027344
01001     29   2.832031
11100     17   1.660156
01111     14   1.367188
10001     12   1.171875
10101      9   0.878906
10011      9   0.878906
1          6   0.585938
11101      4   0.390625



       count        pct
Rac1                   
0        613  59.863281
00001    193  18.847656
00101     51   4.980469
01100     36   3.515625
10110     31   3.027344
10010     29   2.832031
11001     17   1.660156
11110     14   1.367188
00011     12   1.171875
01011      9   0.878906
00111      9   0.878906
1          6   0.585938
11011      4   0.390625



       count        pct
RhoA                   
1        613  59.863281
10111    193  18.847656
10110     51   4.980469
11100     36   3.515625
01010     31   3.027344
01011     29   2.832031
10001     17   1.660156
01000     14   1.367188
00111     12   1.171875
00110      9   0.878906
00101      9   0.878906
0          6   0.585938
00001      4   0.390625



     count    pct
SSH              
0     1024  100.0



          count        pct
Thymosin                  
0           434  42.382812
1           312  30.468750
01          278  27.148438



      count        pct
WASP                  
1       434  42.382812
0       312  30.468750
01      278  27.148438



       count        pct
WAVE                   
0        613  59.863281
11000    193  18.847656
11011     68   6.640625
1         64   6.250000
11101     38   3.710938
00111     36   3.515625
11001     12   1.171875



