          count        pct
ARHGAP22                  
0           644  62.890625
001111      201  19.628906
100         124  12.109375
010          46   4.492188
1             9   0.878906



          count        pct
Actin_BR                  
101         269  26.269531
1           207  20.214844
000001      201  19.628906
001         194  18.945312
100         124  12.109375
0            29   2.832031



           count        pct
Actin_ST                   
1            378  36.914062
001          188  18.359375
0            135  13.183594
001110        93   9.082031
100           79   7.714844
111110        54   5.273438
101100        45   4.394531
101           27   2.636719
100111        18   1.757812
10             6   0.585938
000000111      1   0.097656



        count        pct
Arp2_3                  
011       269  26.269531
1         207  20.214844
000010    201  19.628906
010       194  18.945312
001       124  12.109375
0          29   2.832031



        count        pct
CP                      
0         470  45.898438
000010    138  13.476562
101       135  13.183594
1         117  11.425781
001        80   7.812500
100        79   7.714844
10          5   0.488281



       count        pct
Cdc42                  
0        548  53.515625
1        476  46.484375



         count        pct
Cofilin                  
1          399  38.964844
0          316  30.859375
011        220  21.484375
100000      79   7.714844
010          5   0.488281
01           5   0.488281



         count        pct
Coronin                  
1          625  61.035156
0          393  38.378906
01           6   0.585938



           count        pct
Cortactin                  
110          269  26.269531
1            207  20.214844
000100       201  19.628906
100          194  18.945312
010          124  12.109375
0             28   2.734375
100000111      1   0.097656



           count        pct
Dia1                       
0            556  54.296875
011110       201  19.628906
010          133  12.988281
001          124  12.109375
1              9   0.878906
000011110      1   0.097656



           count        pct
Dia2                       
1            485  47.363281
011110       201  19.628906
010          133  12.988281
001          124  12.109375
0             80   7.812500
000011110      1   0.097656



          count        pct
Ena_Vasp                  
1           662  64.648438
010111      124  12.109375
100111      111  10.839844
011111       54   5.273438
011          35   3.417969
0            17   1.660156
010          13   1.269531
10            8   0.781250



              count    pct
IRSp53_Cdc42              
0              1024  100.0



             count    pct
IRSp53_Rac1              
0             1024  100.0



        count        pct
LIMK                    
0         625  61.035156
101111    201  19.628906
1         192  18.750000
10          6   0.585938



           count        pct
NET1                       
0            491  47.949219
111101       201  19.628906
101          133  12.988281
110          124  12.109375
100           65   6.347656
1              9   0.878906
001111100      1   0.097656



           count        pct
PAK                        
1            491  47.949219
000100       201  19.628906
100          133  12.988281
010          124  12.109375
110           65   6.347656
0              9   0.878906
100000111      1   0.097656



      count        pct
PIP2                  
1       519  50.683594
0       505  49.316406



        count        pct
PKD                     
0         644  62.890625
001111    201  19.628906
100       124  12.109375
010        46   4.492188
1           9   0.878906



           count        pct
Profilin                   
1            662  64.648438
001111       111  10.839844
111101        99   9.667969
101           79   7.714844
011           53   5.175781
0             16   1.562500
10             3   0.292969
110001111      1   0.097656



        count        pct
ROCK                    
0         644  62.890625
011110    201  19.628906
001       124  12.109375
100        46   4.492188
1           9   0.878906



           count        pct
ROS                        
110          269  26.269531
1            207  20.214844
000100       201  19.628906
100          194  18.945312
010          124  12.109375
0             28   2.734375
100000111      1   0.097656



           count        pct
Rac1                       
101          269  26.269531
1            207  20.214844
001000       201  19.628906
001          194  18.945312
100          124  12.109375
0             28   2.734375
000001111      1   0.097656



           count        pct
RhoA                       
0            556  54.296875
111100       201  19.628906
100          133  12.988281
010          124  12.109375
1              9   0.878906
000111100      1   0.097656



     count        pct
SSH                  
1      625  61.035156
0      393  38.378906
10       6   0.585938



          count        pct
Thymosin                  
0           691  67.480469
10          188  18.359375
1           145  14.160156



        count        pct
WASP                    
1         651  63.574219
0         145  14.160156
10        109  10.644531
001010     79   7.714844
110        40   3.906250



           count        pct
WAVE                       
110          269  26.269531
1            207  20.214844
000100       201  19.628906
100          194  18.945312
010          124  12.109375
0             28   2.734375
100000111      1   0.097656



