          count        pct
ARHGAP22                  
0          1004  98.046875
             20   1.953125



          count        pct
Actin_BR                  
101         447  43.652344
001         241  23.535156
1           163  15.917969
100         132  12.890625
0            21   2.050781
             20   1.953125



           count        pct
Actin_ST                   
001          367  35.839844
1            365  35.644531
0            119  11.621094
100           99   9.667969
010110        33   3.222656
000000111     21   2.050781
              20   1.953125



        count        pct
Arp2_3                  
011       447  43.652344
010       241  23.535156
1         163  15.917969
001       132  12.890625
0          21   2.050781
           20   1.953125



        count        pct
CP                      
0         386  37.695312
011       216  21.093750
001       151  14.746094
100        99   9.667969
1          85   8.300781
10         34   3.320312
000010     33   3.222656
           20   1.953125



       count        pct
Cdc42                  
0       1004  98.046875
          20   1.953125



         count        pct
Cofilin                  
1          457  44.628906
101        295  28.808594
0          109  10.644531
100000      99   9.667969
01          34   3.320312
            20   1.953125
100         10   0.976562



         count        pct
Coronin                  
1          807  78.808594
0          197  19.238281
            20   1.953125



           count        pct
Cortactin                  
110          447  43.652344
100          241  23.535156
1            163  15.917969
010          132  12.890625
100000111     21   2.050781
              20   1.953125



           count        pct
Dia1                       
0            610  59.570312
010          241  23.535156
001          132  12.890625
000011110     21   2.050781
              20   1.953125



           count        pct
Dia2                       
0            610  59.570312
010          241  23.535156
001          132  12.890625
000011110     21   2.050781
              20   1.953125



          count        pct
Ena_Vasp                  
1           676  66.015625
010111      132  12.890625
011         112  10.937500
10           34   3.320312
001          29   2.832031
0            21   2.050781
             20   1.953125



              count        pct
IRSp53_Cdc42                  
0              1004  98.046875
                 20   1.953125



             count        pct
IRSp53_Rac1                  
110            447  43.652344
100            241  23.535156
1              163  15.917969
010            132  12.890625
100000111       21   2.050781
                20   1.953125



      count        pct
LIMK                  
0       807  78.808594
1       197  19.238281
         20   1.953125



           count        pct
NET1                       
100          447  43.652344
101          241  23.535156
0            163  15.917969
110          132  12.890625
001111100     21   2.050781
              20   1.953125



           count        pct
PAK                        
110          447  43.652344
100          241  23.535156
1            163  15.917969
010          132  12.890625
100000111     21   2.050781
              20   1.953125



      count        pct
PIP2                  
0       533  52.050781
1       471  45.996094
         20   1.953125



     count        pct
PKD                  
0      807  78.808594
100    132  12.890625
010     65   6.347656
        20   1.953125



           count        pct
Profilin                   
1            700  68.359375
011          151  14.746094
101           99   9.667969
111110        33   3.222656
111001111     21   2.050781
              20   1.953125



      count        pct
ROCK                  
0       807  78.808594
001     132  12.890625
100      65   6.347656
         20   1.953125



           count        pct
ROS                        
110          447  43.652344
100          241  23.535156
1            163  15.917969
010          132  12.890625
100000111     21   2.050781
              20   1.953125



           count        pct
Rac1                       
101          447  43.652344
001          241  23.535156
1            163  15.917969
100          132  12.890625
000001111     21   2.050781
              20   1.953125



           count        pct
RhoA                       
0            610  59.570312
100          241  23.535156
010          132  12.890625
000111100     21   2.050781
              20   1.953125



     count        pct
SSH                  
1      807  78.808594
0      197  19.238281
        20   1.953125



          count        pct
Thymosin                  
0           788  76.953125
10          132  12.890625
1            50   4.882812
01           34   3.320312
             20   1.953125



        count        pct
WASP                    
1         666  65.039062
110       122  11.914062
001010     99   9.667969
01         67   6.542969
0          50   4.882812
           20   1.953125



           count        pct
WAVE                       
1            610  59.570312
110          241  23.535156
011          132  12.890625
110000111     21   2.050781
              20   1.953125



