                     count        pct
cycle_Actin_BR_norm                  
1                      508  49.609375
0                      220  21.484375
011                    141  13.769531
01                     114  11.132812
10                      26   2.539062
0010                    15   1.464844



                     count        pct
cycle_Actin_ST_norm                  
1                      693  67.675781
110                    141  13.769531
0                      114  11.132812
10                      39   3.808594
1011                    31   3.027344
0001                     6   0.585938



                   count        pct
cycle_Arp2_3_norm                  
1                    508  49.609375
0                    220  21.484375
110                  141  13.769531
10                   114  11.132812
01                    26   2.539062
0100                  15   1.464844



               count        pct
cycle_CP_norm                  
1                534  52.148438
0                490  47.851562



                  count        pct
cycle_Cdc42_norm                  
0                   532  51.953125
1                   492  48.046875



                    count        pct
cycle_Cofilin_norm                  
1                     527  51.464844
01                    257  25.097656
0                     188  18.359375
1101                   52   5.078125



                    count        pct
cycle_Coronin_norm                  
1                     639  62.402344
01                    345  33.691406
0                      40   3.906250



                      count        pct
cycle_Cortactin_norm                  
1                       498  48.632812
0                       243  23.730469
101                     141  13.769531
0100                    129  12.597656
10                       13   1.269531



                 count        pct
cycle_Dia1_norm                  
0                  828  80.859375
1                  129  12.597656
1110                54   5.273438
10                  13   1.269531



                 count        pct
cycle_Dia2_norm                  
1                  741  72.363281
101                141  13.769531
1101               129  12.597656
10                  13   1.269531



                     count        pct
cycle_Ena_Vasp_norm                  
1                      858  83.789062
0                      111  10.839844
10                      55   5.371094



                   count        pct
cycle_IRSp53_norm                  
1                    817  79.785156
0                    207  20.214844



                 count        pct
cycle_LIMK_norm                  
0                  639  62.402344
10                 345  33.691406
1                   40   3.906250



                count        pct
cycle_PAK_norm                  
1                 817  79.785156
0                 207  20.214844



                 count        pct
cycle_PIP2_norm                  
0                  534  52.148438
1                  490  47.851562



                count    pct
cycle_PKD_norm              
0                1024  100.0



                     count        pct
cycle_Profilin_norm                  
1                      834  81.445312
0                      114  11.132812
01                      39   3.808594
0111                    31   3.027344
0010                     6   0.585938



                 count        pct
cycle_ROCK_norm                  
0                  639  62.402344
1                  243  23.730469
1101               129  12.597656
10                  13   1.269531



                  count        pct
cycle_ROCK__norm                  
0                   639  62.402344
1                   243  23.730469
1110                129  12.597656
01                   13   1.269531



                 count        pct
cycle_Rac1_norm                  
1                  498  48.632812
0                  243  23.730469
011                141  13.769531
1000               129  12.597656
01                  13   1.269531



                 count        pct
cycle_RhoA_norm                  
0                  498  48.632812
1                  243  23.730469
010                141  13.769531
1011               129  12.597656
01                  13   1.269531



                count        pct
cycle_SSH_norm                  
1                 639  62.402344
10                345  33.691406
0                  40   3.906250



                     count        pct
cycle_Thymosin_norm                  
0                      649  63.378906
01                     309  30.175781
1                       66   6.445312



                 count        pct
cycle_WASP_norm                  
1                  649  63.378906
01                 253  24.707031
0                  122  11.914062



                 count        pct
cycle_WAVE_norm                  
1                  498  48.632812
0                  243  23.730469
101                141  13.769531
0100               129  12.597656
10                  13   1.269531



