                                         count        pct
cycle_Actin_BR_norm cycle_Actin_ST_norm                  
1                   1                      508  49.609375
011                 110                    141  13.769531
0                   0                      114  11.132812
                    1                      104  10.156250
01                  1                       69   6.738281
                    10                      23   2.246094
                    1011                    22   2.148438
10                  10                      14   1.367188
                    1                       12   1.171875
0010                1011                     9   0.878906
                    0001                     6   0.585938
0                   10                       2   0.195312



