                   count        pct
Actin_BR Actin_ST                  
0        0          1857  90.673828
100      100          82   4.003906
101      101          47   2.294922
100      0            24   1.171875
101      100          16   0.781250
         0            11   0.537109
1        0             6   0.292969
         1             4   0.195312
01       01            1   0.048828



           count        pct
Rac1 RhoA                  
0    1      1857  90.673828
100  1        62   3.027344
101  100      47   2.294922
100  110      44   2.148438
101  110      27   1.318359
1    0        10   0.488281
01   10        1   0.048828



