                                         count        pct
cycle_Actin_BR_norm cycle_Actin_ST_norm                  
0                   0                      256  25.000000
1                   0                      215  20.996094
01                  0                      140  13.671875
1                   1                       73   7.128906
                    0111                    67   6.542969
1011                0001                    65   6.347656
0110                0                       41   4.003906
                    0001                    39   3.808594
                    01                      23   2.246094
01                  0001                    22   2.148438
0001                0                       18   1.757812
1011                0                       17   1.660156
011                 010                     13   1.269531
1                   01                      12   1.171875
011                 0                       11   1.074219
0001                0001                     7   0.683594
01                  01                       4   0.390625
1011                1100                     1   0.097656



