          count    pct
ARHGAP22              
0          1024  100.0



          count        pct
Actin_BR                  
1           550  53.710938
001         214  20.898438
011         162  15.820312
0            98   9.570312



          count        pct
Actin_ST                  
1           769  75.097656
0           174  16.992188
011          75   7.324219
01            6   0.585938



        count        pct
Arp2_3                  
1         550  53.710938
010       214  20.898438
110       162  15.820312
0          98   9.570312



    count        pct
CP                  
0     530  51.757812
1     484  47.265625
10     10   0.976562



       count       pct
Cdc42                 
1        520  50.78125
0        504  49.21875



         count        pct
Cofilin                  
1          675  65.917969
101        207  20.214844
01          83   8.105469
0           59   5.761719



         count        pct
Coronin                  
1          938  91.601562
01          44   4.296875
0           42   4.101562



           count        pct
Cortactin                  
1            550  53.710938
100          214  20.898438
101          162  15.820312
0             98   9.570312



      count    pct
Dia1              
0      1024  100.0



      count        pct
Dia2                  
1       550  53.710938
100     214  20.898438
101     162  15.820312
0        98   9.570312



          count        pct
Ena_Vasp                  
1           858  83.789062
101          94   9.179688
0            40   3.906250
01           32   3.125000



              count       pct
IRSp53_Cdc42                 
1               520  50.78125
0               504  49.21875



             count        pct
IRSp53_Rac1                  
1              550  53.710938
100            214  20.898438
101            162  15.820312
0               98   9.570312



      count        pct
LIMK                  
0      1008  98.437500
10       13   1.269531
1         3   0.292969



      count    pct
NET1              
0      1024  100.0



     count        pct
PAK                  
1      571  55.761719
100    214  20.898438
101    162  15.820312
0       77   7.519531



      count        pct
PIP2                  
1       541  52.832031
0       483  47.167969



     count    pct
PKD              
0     1024  100.0



          count        pct
Profilin                  
1           845  82.519531
101          94   9.179688
0            79   7.714844
10            6   0.585938



      count    pct
ROCK              
0      1024  100.0



     count        pct
ROS                  
1      550  53.710938
100    214  20.898438
101    162  15.820312
0       98   9.570312



      count        pct
Rac1                  
1       550  53.710938
001     214  20.898438
011     162  15.820312
0        98   9.570312



      count    pct
RhoA              
0      1024  100.0



     count        pct
SSH                  
1      938  91.601562
10      44   4.296875
0       42   4.101562



          count        pct
Thymosin                  
0           896  87.500000
01           92   8.984375
1            36   3.515625



      count        pct
WASP                  
1       799  78.027344
011      94   9.179688
01       78   7.617188
0        53   5.175781



      count        pct
WAVE                  
1       712  69.531250
110     214  20.898438
0        98   9.570312



