                    count        pct
Actin_BR Actin_ST                   
0        0            214  20.898438
1        1            195  19.042969
100      1            168  16.406250
         010          126  12.304688
011      110           85   8.300781
         1             55   5.371094
000001   100111        47   4.589844
010      011010        36   3.515625
000001   1             29   2.832031
011      010           20   1.953125
000001   000010        17   1.660156
0        10             8   0.781250
         1              7   0.683594
100      0              6   0.585938
                        6   0.585938
0        000000011      5   0.488281



                     count        pct
Rac1      RhoA                       
100       010          197  19.238281
1         0            195  19.042969
011       0            160  15.625000
0         1            139  13.574219
100       0            107  10.449219
001000    111100        93   9.082031
0         0             86   8.398438
010       001           36   3.515625
                         6   0.585938
000011110 001111000      5   0.488281



