                     count     pct
cycle_Actin_BR_norm               
1                     8530  0.8530
1101                  1346  0.1346
1100                    51  0.0051
101                     49  0.0049
011                     24  0.0024



                     count     pct
cycle_Actin_ST_norm               
1                     3927  0.3927
0                     2110  0.2110
1110                  1600  0.1600
10                    1338  0.1338
1100                   503  0.0503
0010                   465  0.0465
101                     57  0.0057



                   count     pct
cycle_Arp2_3_norm               
1                   8530  0.8530
1011                1346  0.1346
1001                  51  0.0051
011                   49  0.0049
110                   24  0.0024



               count     pct
cycle_CP_norm               
0               5024  0.5024
1               4976  0.4976



                  count     pct
cycle_Cdc42_norm               
0                  5067  0.5067
1                  4933  0.4933



                    count     pct
cycle_Cofilin_norm               
0                    7331  0.7331
1                    1093  0.1093
1110                  596  0.0596
01                    389  0.0389
1000                  361  0.0361
0110                  173  0.0173
000101                 57  0.0057



                    count     pct
cycle_Coronin_norm               
0                    6205  0.6205
0001                 1847  0.1847
1011                  993  0.0993
1                     891  0.0891
01                     64  0.0064



                      count     pct
cycle_Cortactin_norm               
1                      8153  0.8153
0111                   1847  0.1847



                 count  pct
cycle_Dia1_norm            
0                10000  1.0



                 count     pct
cycle_Dia2_norm               
1                 5341  0.5341
1101              4343  0.4343
01                 243  0.0243
110                 49  0.0049
101                 24  0.0024



                     count     pct
cycle_Ena_Vasp_norm               
1                     9894  0.9894
1011                   106  0.0106



                   count     pct
cycle_IRSp53_norm               
1                   5394  0.5394
0                   4197  0.4197
1011                 409  0.0409



                 count     pct
cycle_LIMK_norm               
1                 6205  0.6205
1110              1847  0.1847
0100               993  0.0993
0                  891  0.0891
10                  64  0.0064



                count     pct
cycle_PAK_norm               
1                9591  0.9591
1011              409  0.0409



                 count     pct
cycle_PIP2_norm               
1                 5024  0.5024
0                 4976  0.4976



                count     pct
cycle_PKD_norm               
1                4523  0.4523
0011             1847  0.1847
1110             1503  0.1503
0001              993  0.0993
0                 891  0.0891
10                243  0.0243



                     count     pct
cycle_Profilin_norm               
1                     4992  0.4992
0                     2110  0.2110
01                    1224  0.1224
1101                   649  0.0649
1001                   503  0.0503
0100                   465  0.0465
011                     57  0.0057



                 count     pct
cycle_ROCK_norm               
1                 4523  0.4523
0110              1847  0.1847
1101              1503  0.1503
0010               993  0.0993
0                  891  0.0891
01                 243  0.0243



                  count     pct
cycle_ROCK__norm               
1                  4523  0.4523
0011               1847  0.1847
1110               1503  0.1503
0001                993  0.0993
0                   891  0.0891
10                  243  0.0243



                 count     pct
cycle_Rac1_norm               
0                 4523  0.4523
0110              1847  0.1847
1000              1503  0.1503
0111               993  0.0993
1                  818  0.0818
10                 243  0.0243
101                 49  0.0049
011                 24  0.0024



                 count     pct
cycle_RhoA_norm               
1                 4523  0.4523
1100              2256  0.2256
1011              1503  0.1503
0                  818  0.0818
0010               584  0.0584
10                 243  0.0243
001                 49  0.0049
010                 24  0.0024



                count     pct
cycle_SSH_norm               
0                6205  0.6205
0010             1847  0.1847
0111              993  0.0993
1                 891  0.0891
10                 64  0.0064



                     count     pct
cycle_Thymosin_norm               
0                     4810  0.4810
10                    4013  0.4013
1                     1177  0.1177



                 count     pct
cycle_WASP_norm               
1                 4810  0.4810
10                4013  0.4013
0                 1177  0.1177



                 count     pct
cycle_WAVE_norm               
0                 4523  0.4523
0011              1847  0.1847
0100              1503  0.1503
1011               993  0.0993
1                  818  0.0818
01                 243  0.0243
110                 49  0.0049
101                 24  0.0024



