                                         count     pct
cycle_Actin_BR_norm cycle_Actin_ST_norm               
1                   1                     3826  0.3826
                    0                     1947  0.1947
                    10                    1242  0.1242
                    1110                  1123  0.1123
1101                1110                   477  0.0477
                    1100                   452  0.0452
1                   0010                   392  0.0392
1101                0                      147  0.0147
                    1                      101  0.0101
                    10                      96  0.0096
                    0010                    73  0.0073
1100                1100                    51  0.0051
101                 101                     49  0.0049
011                 0                       16  0.0016
                    101                      8  0.0008



