                   count        pct
Actin_BR Actin_ST                  
1        0           373  36.425781
         1           257  25.097656
100      100         120  11.718750
101      100          73   7.128906
010      010110       50   4.882812
101      000001       44   4.296875
         1            39   3.808594
100      1            33   3.222656
         101          19   1.855469
101      0             9   0.878906
0        0             7   0.683594



           count        pct
Rac1 RhoA                  
1    0       630  61.523438
101  0       165  16.113281
100  010     153  14.941406
010  001      50   4.882812
100  0        19   1.855469
0    0         7   0.683594



