                     count        pct
Actin_BR   Actin_ST                  
0          0           444  43.359375
1          0           361  35.253906
1110111111 0            58   5.664062
1011101110 0            52   5.078125
101        0            37   3.613281
00011      0            21   2.050781
1101111101 0            17   1.660156
10         0            17   1.660156
11101      0             8   0.781250
10011      0             5   0.488281
011        0             3   0.292969
010        0             1   0.097656



             count        pct
Rac1  RhoA                   
0     1        484  47.265625
1     0        167  16.308594
01010 01101    100   9.765625
00100 11110     86   8.398438
00001 10111     52   5.078125
101   110       38   3.710938
10011 00011     33   3.222656
11000 11001     30   2.929688
01100 11100     17   1.660156
01110 01100     14   1.367188
011   101        3   0.292969



