          count        pct
ARHGAP22                  
11110       693  67.675781
10110       315  30.761719
1            16   1.562500



          count    pct
Actin_BR              
0          1024  100.0



            count        pct
Actin_ST                    
1             339  33.105469
1111111011    284  27.734375
01111         266  25.976562
10011          89   8.691406
1011111011     46   4.492188



        count    pct
Arp2_3              
0        1024  100.0



    count    pct
CP              
0    1024  100.0



       count        pct
Cdc42                  
0        538  52.539062
1        486  47.460938



         count    pct
Cofilin              
0         1024  100.0



         count    pct
Coronin              
0         1024  100.0



           count        pct
Cortactin                  
01000        693  67.675781
01010        315  30.761719
0             16   1.562500



       count        pct
Dia1                   
11101    693  67.675781
01101    315  30.761719
1         16   1.562500



       count        pct
Dia2                   
1        496  48.437500
11101    359  35.058594
01101    169  16.503906



            count        pct
Ena_Vasp                    
1             591  57.714844
01111         218  21.289062
01011          89   8.691406
0111111111     80   7.812500
0101111111     46   4.492188



              count        pct
IRSp53_Cdc42                  
0               538  52.539062
1               486  47.460938



             count        pct
IRSp53_Rac1                  
01000          693  67.675781
01010          315  30.761719
0               16   1.562500



      count    pct
LIMK              
1      1024  100.0



      count    pct
NET1              
1      1024  100.0



     count    pct
PAK              
0     1024  100.0



      count        pct
PIP2                  
0       519  50.683594
1       505  49.316406



       count        pct
PKD                    
11110    693  67.675781
10110    315  30.761719
1         16   1.562500



            count        pct
Profilin                    
10111         355  34.667969
1             339  33.105469
1111110111    330  32.226562



       count        pct
ROCK                   
11101    693  67.675781
01101    315  30.761719
1         16   1.562500



       count        pct
ROS                    
01000    693  67.675781
01010    315  30.761719
0         16   1.562500



       count        pct
Rac1                   
10000    693  67.675781
10100    315  30.761719
0         16   1.562500



       count        pct
RhoA                   
11011    693  67.675781
11010    315  30.761719
1         16   1.562500



     count    pct
SSH              
0     1024  100.0



          count        pct
Thymosin                  
1           359  35.058594
10          330  32.226562
0           329  32.128906
01            6   0.585938



      count        pct
WASP                  
0       359  35.058594
10      330  32.226562
1       329  32.128906
01        6   0.585938



       count        pct
WAVE                   
01100    693  67.675781
01111    315  30.761719
0         16   1.562500



