                      count        pct
Actin_BR   Actin_ST                   
0          0            527  25.732422
1          1            467  22.802734
0          1            425  20.751953
1          11110        195   9.521484
0110001101 11011         90   4.394531
1          01110         85   4.150391
01         01            44   2.148438
11110      11011         40   1.953125
00001      10001         32   1.562500
011        1             29   1.416016
0101101001 11011         27   1.318359
                         19   0.927734
10100      10110         18   0.878906
100        100           17   0.830078
011        011           16   0.781250
0          11111110      10   0.488281
           011100000      4   0.195312
00000001   11111110       2   0.097656
0          10010110       1   0.048828



                     count        pct
Rac1      RhoA                       
0         1           1104  53.906250
10000     11011        252  12.304688
1         0            202   9.863281
00101     10110        135   6.591797
11000     11001         95   4.638672
00010     01111         90   4.394531
011       101           45   2.197266
01110     01100         41   2.001953
01100     11100         27   1.318359
                        19   0.927734
100       1             17   0.830078
11100001  10000111      10   0.488281
111000011 100001111      4   0.195312
101       110            4   0.195312
00101101  10110100       3   0.146484



