                   count        pct
Actin_BR Actin_ST                  
1        0           476  46.484375
010      010         144  14.062500
000010   001110      136  13.281250
001      001         119  11.621094
110      0            65   6.347656
000010   011110       47   4.589844
0        0            21   2.050781
         1            10   0.976562
110      010           6   0.585938



               count        pct
Rac1   RhoA                    
1      0         476  46.484375
010000 111001    183  17.871094
001    100       119  11.621094
010    001       114  11.132812
110    0          71   6.933594
010    0          30   2.929688
0      0          21   2.050781
       1          10   0.976562



