          count        pct
ARHGAP22                  
0          2038  99.511719
             10   0.488281



          count        pct
Actin_BR                  
1          1165  56.884766
011         498  24.316406
100         175   8.544922
0           108   5.273438
010          84   4.101562
             10   0.488281
011010        8   0.390625



          count        pct
Actin_ST                  
1          1340  65.429688
011         175   8.544922
100         161   7.861328
0           150   7.324219
110111      120   5.859375
010011       84   4.101562
             10   0.488281
000011        8   0.390625



        count        pct
Arp2_3                  
1        1165  56.884766
110       498  24.316406
001       175   8.544922
0         108   5.273438
100        84   4.101562
           10   0.488281
110100      8   0.390625



        count        pct
CP                      
1        1033  50.439453
0         764  37.304688
001010    120   5.859375
10         85   4.150391
101        19   0.927734
100        17   0.830078
           10   0.488281



       count        pct
Cdc42                  
1       1055  51.513672
0        983  47.998047
          10   0.488281



         count        pct
Cofilin                  
1          964  47.070312
000001     247  12.060547
100        224  10.937500
0          223  10.888672
01         219  10.693359
011        161   7.861328
            10   0.488281



         count        pct
Coronin                  
1         1245  60.791016
0          338  16.503906
100        284  13.867188
010        163   7.958984
            10   0.488281
000110       8   0.390625



           count        pct
Cortactin                  
1           1165  56.884766
010          459  22.412109
100          247  12.060547
0            108   5.273438
101           51   2.490234
              10   0.488281
001100         8   0.390625



        count        pct
Dia1                    
0        1674  81.738281
100       193   9.423828
100000    120   5.859375
010        43   2.099609
           10   0.488281
001100      8   0.390625



        count        pct
Dia2                    
1        1273  62.158203
011       510  24.902344
101       247  12.060547
           10   0.488281
001111      8   0.390625



          count        pct
Ena_Vasp                  
1          1638  79.980469
101011      120   5.859375
10           85   4.150391
111011       84   4.101562
011          68   3.320312
0            24   1.171875
100          19   0.927734
             10   0.488281



              count        pct
IRSp53_Cdc42                  
1              1055  51.513672
0               983  47.998047
                 10   0.488281



             count        pct
IRSp53_Rac1                  
1             1165  56.884766
101            498  24.316406
010            175   8.544922
0              108   5.273438
001             84   4.101562
                10   0.488281
001111           8   0.390625



        count        pct
LIMK                    
0        1245  60.791016
1         338  16.503906
011       284  13.867188
101       163   7.958984
           10   0.488281
111001      8   0.390625



      count        pct
NET1                  
0      2038  99.511719
         10   0.488281



     count        pct
PAK                  
1     1258  61.425781
101    434  21.191406
010    173   8.447266
0       89   4.345703
001     84   4.101562
        10   0.488281



      count        pct
PIP2                  
1      1021  49.853516
0      1017  49.658203
         10   0.488281



        count        pct
PKD                     
0        1245  60.791016
100       284  13.867188
010       163   7.958984
101       157   7.666016
1          97   4.736328
110        84   4.101562
           10   0.488281
000110      8   0.390625



          count        pct
Profilin                  
1          1600  78.125000
101         158   7.714844
0           150   7.324219
110          84   4.101562
010          38   1.855469
             10   0.488281
000110        8   0.390625



        count        pct
ROCK                    
0        1245  60.791016
001       284  13.867188
100       163   7.958984
011       157   7.666016
1          97   4.736328
101        84   4.101562
           10   0.488281
001100      8   0.390625



        count        pct
ROS                     
1        1165  56.884766
101       498  24.316406
010       175   8.544922
0         108   5.273438
001        84   4.101562
           10   0.488281
001111      8   0.390625



        count        pct
Rac1                    
1        1165  56.884766
011       498  24.316406
100       175   8.544922
0         108   5.273438
010        84   4.101562
           10   0.488281
011110      8   0.390625



        count        pct
RhoA                    
0        1165  56.884766
001       498  24.316406
110       175   8.544922
1         108   5.273438
011        84   4.101562
           10   0.488281
011000      8   0.390625



        count        pct
SSH                     
1        1245  60.791016
0         338  16.503906
001       284  13.867188
100       163   7.958984
           10   0.488281
001100      8   0.390625



          count        pct
Thymosin                  
0          1349  65.869141
01          466  22.753906
1           223  10.888672
             10   0.488281



        count        pct
WASP                    
1        1218  59.472656
01        382  18.652344
0         231  11.279297
011       123   6.005859
000101     84   4.101562
           10   0.488281



        count        pct
WAVE                    
1        1663  81.201172
011       175   8.544922
0         108   5.273438
101        84   4.101562
           10   0.488281
101111      8   0.390625



