                   count        pct
Actin_BR Actin_ST                  
1        1          1139  55.615234
011      1           198   9.667969
100      100         140   6.835938
011      011         140   6.835938
         110111      120   5.859375
0        0           105   5.126953
010      010011       84   4.101562
100      011          35   1.708984
1        0            26   1.269531
011      100          21   1.025391
         0            19   0.927734
                      10   0.488281
011010   000011        8   0.390625
0        1             3   0.146484



               count        pct
Rac1   RhoA                    
1      0        1165  56.884766
011    001       498  24.316406
100    110       175   8.544922
0      1         108   5.273438
010    011        84   4.101562
                  10   0.488281
011110 011000      8   0.390625



