                       count        pct
Actin_BR   Actin_ST                    
1          1             673  32.861328
01010      0111001111    199   9.716797
00100      01111         198   9.667969
101        1             129   6.298828
01010      1             108   5.273438
10000      11101          99   4.833984
0          1              91   4.443359
10111      11101          78   3.808594
01010      01110          73   3.564453
0011010110 11101          57   2.783203
00100      1              57   2.783203
           01100          50   2.441406
01010      01111          48   2.343750
1001110111 11101          47   2.294922
0011010110 1011111111     45   2.197266
10111      1011111111     36   1.757812
1001110111 1011111111     24   1.171875
11010      01011          13   0.634766
01010      01100          12   0.585938
0          0              11   0.537109



             count        pct
Rac1  RhoA                   
00001 10111    624  30.468750
10010 01011    372  18.164062
01001 10101    313  15.283203
1     0        306  14.941406
101   100      129   6.298828
0     1        123   6.005859
11000 11001     71   3.466797
01100 11100     63   3.076172
01110 01100     47   2.294922



