          count        pct
ARHGAP22                  
0           510  49.804688
111110      163  15.917969
011001       93   9.082031
110          67   6.542969
011          61   5.957031
011101       53   5.175781
001          35   3.417969
100          28   2.734375
10            7   0.683594
1             7   0.683594



          count        pct
Actin_BR                  
1           466  45.507812
000100      163  15.917969
011010       93   9.082031
010          84   8.203125
100          67   6.542969
001010       53   5.175781
011          42   4.101562
101          28   2.734375
0            21   2.050781
01            7   0.683594



          count        pct
Actin_ST                  
1           407  39.746094
0           269  26.269531
011101       88   8.593750
101          75   7.324219
001          46   4.492188
110          43   4.199219
011111       39   3.808594
010          30   2.929688
001010       24   2.343750
01            2   0.195312
001011        1   0.097656



        count        pct
Arp2_3                  
1         466  45.507812
001000    163  15.917969
110100     93   9.082031
100        84   8.203125
001        67   6.542969
010100     53   5.175781
110        42   4.101562
011        28   2.734375
0          21   2.050781
10          7   0.683594



        count        pct
CP                      
0         475  46.386719
1         248  24.218750
000100    132  12.890625
010        36   3.515625
010011     34   3.320312
100        32   3.125000
001010     24   2.343750
011        22   2.148438
101        12   1.171875
01          9   0.878906



       count        pct
Cdc42                  
0        524  51.171875
1        500  48.828125



         count        pct
Cofilin                  
0          910  88.867188
100000      44   4.296875
010001      36   3.515625
100         32   3.125000
01           2   0.195312



         count    pct
Coronin              
0         1024  100.0



           count        pct
Cortactin                  
1            466  45.507812
010000       163  15.917969
101001        93   9.082031
001           84   8.203125
010           67   6.542969
101000        53   5.175781
101           42   4.101562
110           28   2.734375
0             21   2.050781
01             7   0.683594



        count        pct
Dia1                    
0         510  49.804688
111101    163  15.917969
110010     93   9.082031
101        67   6.542969
110        61   5.957031
111010     53   5.175781
010        35   3.417969
001        28   2.734375
1           7   0.683594
01          7   0.683594



        count        pct
Dia2                    
1         507  49.511719
111101    163  15.917969
110010     93   9.082031
101        67   6.542969
110        61   5.957031
111010     53   5.175781
010        35   3.417969
001        28   2.734375
0          10   0.976562
01          7   0.683594



          count        pct
Ena_Vasp                  
1           679  66.308594
011111      218  21.289062
010111       70   6.835938
101          23   2.246094
110011       13   1.269531
10            9   0.878906
010110        8   0.781250
010           3   0.292969
0             1   0.097656



              count        pct
IRSp53_Cdc42                  
0               524  51.171875
1               500  48.828125



             count        pct
IRSp53_Rac1                  
1              466  45.507812
010000         163  15.917969
101001          93   9.082031
001             84   8.203125
010             67   6.542969
101000          53   5.175781
101             42   4.101562
110             28   2.734375
0               21   2.050781
01               7   0.683594



        count        pct
LIMK                    
1         931  90.917969
111101     93   9.082031



        count        pct
NET1                    
0         510  49.804688
110111    163  15.917969
001011     93   9.082031
110        67   6.542969
011        61   5.957031
101011     53   5.175781
001        35   3.417969
100        28   2.734375
1           7   0.683594
01          7   0.683594



        count        pct
PAK                     
1         510  49.804688
010000    163  15.917969
101001     93   9.082031
010        67   6.542969
001        61   5.957031
101000     53   5.175781
101        35   3.417969
110        28   2.734375
01          7   0.683594
0           7   0.683594



      count        pct
PIP2                  
1       517  50.488281
0       507  49.511719



        count        pct
PKD                     
0         510  49.804688
111110    163  15.917969
011001     93   9.082031
110        67   6.542969
011        61   5.957031
011101     53   5.175781
001        35   3.417969
100        28   2.734375
10          7   0.683594
1           7   0.683594



          count        pct
Profilin                  
1           835  81.542969
011111      152  14.843750
110          23   2.246094
0            14   1.367188



        count        pct
ROCK                    
0         510  49.804688
111101    163  15.917969
110010     93   9.082031
101        67   6.542969
110        61   5.957031
111010     53   5.175781
010        35   3.417969
001        28   2.734375
1           7   0.683594
01          7   0.683594



     count    pct
ROS              
0     1024  100.0



        count        pct
Rac1                    
1         466  45.507812
100000    163  15.917969
010011     93   9.082031
010        84   8.203125
100        67   6.542969
010001     53   5.175781
011        42   4.101562
101        28   2.734375
0          21   2.050781
10          7   0.683594



        count        pct
RhoA                    
0         510  49.804688
111011    163  15.917969
100101     93   9.082031
011        67   6.542969
101        61   5.957031
110101     53   5.175781
100        35   3.417969
010        28   2.734375
10          7   0.683594
1           7   0.683594



     count    pct
SSH              
0     1024  100.0



          count        pct
Thymosin                  
0           365  35.644531
01          255  24.902344
10          208  20.312500
1           196  19.140625



        count        pct
WASP                    
1         338  33.007812
01        255  24.902344
0         196  19.140625
10        151  14.746094
001010     57   5.566406
011        16   1.562500
101111     11   1.074219



        count        pct
WAVE                    
1         543  53.027344
011000    163  15.917969
111101     93   9.082031
101        84   8.203125
011        67   6.542969
111100     53   5.175781
0          21   2.050781



