                   count        pct
Actin_BR Actin_ST                  
1        1           481  46.972656
0        0           120  11.718750
100      110100       89   8.691406
         100          79   7.714844
         1            50   4.882812
000100   110011       41   4.003906
         1            37   3.613281
1        0            31   3.027344
110      101          25   2.441406
         1            23   2.246094
100      0            16   1.562500
101      011111       15   1.464844
000100   000011       14   1.367188
110      0             3   0.292969



               count        pct
Rac1   RhoA                    
1      0         512  50.000000
100    010       234  22.851562
0      1         106  10.351562
100000 110011     92   8.984375
110    0          51   4.980469
101    0          15   1.464844
0      0          14   1.367188



