          count    pct
ARHGAP22              
0          1024  100.0



          count        pct
Actin_BR                  
0           511  49.902344
100         434  42.382812
101          69   6.738281
1            10   0.976562



          count        pct
Actin_ST                  
0           751  73.339844
100         160  15.625000
011         103  10.058594
1            10   0.976562



        count        pct
Arp2_3                  
0         511  49.902344
001       434  42.382812
011        69   6.738281
1          10   0.976562



     count        pct
CP                   
0      624  60.937500
100    331  32.324219
101     60   5.859375
1        9   0.878906



       count        pct
Cdc42                  
1        517  50.488281
0        507  49.511719



         count        pct
Cofilin                  
0          436  42.578125
1          339  33.105469
010        192  18.750000
10          46   4.492188
011         11   1.074219



         count        pct
Coronin                  
1          623  60.839844
0          282  27.539062
10         119  11.621094



           count        pct
Cortactin                  
0            511  49.902344
010          434  42.382812
110           69   6.738281
1             10   0.976562



      count    pct
Dia1              
0      1024  100.0



      count        pct
Dia2                  
1       517  50.488281
0       507  49.511719



          count        pct
Ena_Vasp                  
1           517  50.488281
0           507  49.511719



              count        pct
IRSp53_Cdc42                  
1               517  50.488281
0               507  49.511719



             count        pct
IRSp53_Rac1                  
0              511  49.902344
010            434  42.382812
110             69   6.738281
1               10   0.976562



      count        pct
LIMK                  
0       844  82.421875
1       122  11.914062
10       58   5.664062



      count        pct
NET1                  
0       521  50.878906
1       272  26.562500
101     211  20.605469
100      20   1.953125



     count        pct
PAK                  
1      521  50.878906
0      272  26.562500
100    211  20.605469
110     20   1.953125



      count        pct
PIP2                  
0       523  51.074219
1       501  48.925781



     count    pct
PKD              
0     1024  100.0



          count        pct
Profilin                  
0           511  49.902344
101         434  42.382812
1            79   7.714844



      count    pct
ROCK              
0      1024  100.0



     count        pct
ROS                  
0      511  49.902344
010    434  42.382812
110     69   6.738281
1       10   0.976562



      count        pct
Rac1                  
0       511  49.902344
100     434  42.382812
101      69   6.738281
1        10   0.976562



      count    pct
RhoA              
0      1024  100.0



     count        pct
SSH                  
1      623  60.839844
0      282  27.539062
01     119  11.621094



          count        pct
Thymosin                  
1           436  42.578125
0           339  33.105469
110         192  18.750000
10           46   4.492188
010          11   1.074219



      count    pct
WASP              
0      1024  100.0



      count        pct
WAVE                  
0       511  49.902344
011     434  42.382812
1        79   7.714844



