          count        pct
ARHGAP22                  
1           518  50.585938
11011       166  16.210938
01111       144  14.062500
0            82   8.007812
01011        55   5.371094
01101        50   4.882812
              7   0.683594
100           1   0.097656
010           1   0.097656



          count        pct
Actin_BR                  
0          1017  99.316406
              7   0.683594



            count        pct
Actin_ST                    
1             731  71.386719
1011111111    199  19.433594
10111          39   3.808594
011110000      23   2.246094
000111110      11   1.074219
11111101        9   0.878906
                7   0.683594
011             4   0.390625
101             1   0.097656



        count        pct
Arp2_3                  
0        1017  99.316406
            7   0.683594



    count        pct
CP                  
0    1017  99.316406
        7   0.683594



       count        pct
Cdc42                  
1        530  51.757812
0        487  47.558594
           7   0.683594



           count        pct
Cofilin                    
0            943  92.089844
1             45   4.394531
011110000     11   1.074219
00000101      11   1.074219
               7   0.683594
10110100       4   0.390625
00111100       2   0.195312
010            1   0.097656



         count        pct
Coronin                  
0          933  91.113281
1           82   8.007812
             7   0.683594
110          1   0.097656
011          1   0.097656



           count        pct
Cortactin                  
0            518  50.585938
00001        166  16.210938
00100        144  14.062500
00101         55   5.371094
10100         50   4.882812
011111000     34   3.320312
00001111      26   2.539062
10100101      19   1.855469
               7   0.683594
101            3   0.292969
100            1   0.097656
010            1   0.097656



           count        pct
Dia1                       
1            518  50.585938
10111        166  16.210938
11110        144  14.062500
10110         55   5.371094
11010         50   4.882812
111100001     34   3.320312
00111100      26   2.539062
10010110      19   1.855469
               7   0.683594
110            4   0.390625
011            1   0.097656



           count        pct
Dia2                       
1            978  95.507812
111100001     34   3.320312
               7   0.683594
110            4   0.390625
011            1   0.097656



          count        pct
Ena_Vasp                  
0          1017  99.316406
              7   0.683594



              count        pct
IRSp53_Cdc42                  
1               530  51.757812
0               487  47.558594
                  7   0.683594



             count        pct
IRSp53_Rac1                  
0              518  50.585938
00001          166  16.210938
00100          144  14.062500
00101           55   5.371094
10100           50   4.882812
011111000       34   3.320312
00001111        26   2.539062
10100101        19   1.855469
                 7   0.683594
101              4   0.390625
110              1   0.097656



      count        pct
LIMK                  
1       933  91.113281
0        82   8.007812
          7   0.683594
100       1   0.097656
001       1   0.097656



           count        pct
NET1                       
0            530  51.757812
1            448  43.750000
110000011     34   3.320312
               7   0.683594
001            4   0.390625
100            1   0.097656



           count        pct
PAK                        
1            530  51.757812
0            448  43.750000
011111000     34   3.320312
               7   0.683594
101            4   0.390625
110            1   0.097656



      count        pct
PIP2                  
0       531  51.855469
1       486  47.460938
          7   0.683594



       count        pct
PKD                    
1        518  50.585938
11011    166  16.210938
01111    144  14.062500
0         82   8.007812
01011     55   5.371094
01101     50   4.882812
           7   0.683594
100        1   0.097656
010        1   0.097656



            count        pct
Profilin                    
1             747  72.949219
0111111111    199  19.433594
01111          39   3.808594
111111110      23   2.246094
11111011        9   0.878906
                7   0.683594



       count        pct
ROCK                   
1        518  50.585938
10111    166  16.210938
11110    144  14.062500
0         82   8.007812
10110     55   5.371094
11010     50   4.882812
           7   0.683594
100        1   0.097656
001        1   0.097656



           count        pct
ROS                        
0            518  50.585938
00001        166  16.210938
00100        144  14.062500
00101         55   5.371094
10100         50   4.882812
011111000     34   3.320312
00001111      26   2.539062
10100101      19   1.855469
               7   0.683594
101            4   0.390625
110            1   0.097656



           count        pct
Rac1                       
0            518  50.585938
00010        166  16.210938
01000        144  14.062500
01010         55   5.371094
01001         50   4.882812
111110000     34   3.320312
00011110      26   2.539062
01001011      19   1.855469
               7   0.683594
011            4   0.390625
101            1   0.097656



           count        pct
RhoA                       
1            518  50.585938
01111        166  16.210938
11101        144  14.062500
01101         55   5.371094
10101         50   4.882812
111000011     34   3.320312
01111000      26   2.539062
00101101      19   1.855469
               7   0.683594
101            4   0.390625
110            1   0.097656



     count        pct
SSH                  
0      933  91.113281
1       82   8.007812
         7   0.683594
110      1   0.097656
101      1   0.097656



          count        pct
Thymosin                  
0           350  34.179688
1           304  29.687500
10          199  19.433594
01          164  16.015625
              7   0.683594



           count        pct
WASP                       
1            331  32.324219
0            304  29.687500
10           199  19.433594
01           164  16.015625
011111100     19   1.855469
               7   0.683594



           count        pct
WAVE                       
0            518  50.585938
10001        166  16.210938
00110        144  14.062500
10111         55   5.371094
11110         50   4.882812
011111100     34   3.320312
10001111      26   2.539062
11110111      19   1.855469
               7   0.683594
1              5   0.488281



