                     count        pct
Actin_BR Actin_ST                    
0        1             731  71.386719
         1011111111    199  19.433594
         10111          39   3.808594
         011110000      23   2.246094
         000111110      11   1.074219
         11111101        9   0.878906
                         7   0.683594
0        011             4   0.390625
         101             1   0.097656



                     count        pct
Rac1      RhoA                       
0         1            518  50.585938
00010     01111        166  16.210938
01000     11101        144  14.062500
01010     01101         55   5.371094
01001     10101         50   4.882812
111110000 111000011     34   3.320312
00011110  01111000      26   2.539062
01001011  00101101      19   1.855469
                         7   0.683594
011       101            4   0.390625
101       110            1   0.097656



