                     count        pct
cycle_Actin_BR_norm                  
1                      427  41.699219
0                      343  33.496094
1101                   105  10.253906
0100                    68   6.640625
1001                    34   3.320312
10                      27   2.636719
01                      20   1.953125



                     count        pct
cycle_Actin_ST_norm                  
1                      527  51.464844
0111                   256  25.000000
1001                   151  14.746094
0                       50   4.882812
01                      25   2.441406
0010                    15   1.464844



                   count        pct
cycle_Arp2_3_norm                  
1                    427  41.699219
0                    343  33.496094
1011                 105  10.253906
1000                  68   6.640625
0011                  34   3.320312
01                    27   2.636719
10                    20   1.953125



               count    pct
cycle_CP_norm              
0               1024  100.0



                  count        pct
cycle_Cdc42_norm                  
0                   522  50.976562
1                   502  49.023438



                    count        pct
cycle_Cofilin_norm                  
0                     644  62.890625
1                     202  19.726562
01                    114  11.132812
1110                   53   5.175781
1000                   11   1.074219



                    count        pct
cycle_Coronin_norm                  
0                     627  61.230469
0001                  153  14.941406
1011                  129  12.597656
1                     104  10.156250
10                     11   1.074219



                      count        pct
cycle_Cortactin_norm                  
0                       451  44.042969
0011                    153  14.941406
0010                    144  14.062500
1011                    129  12.597656
1                       104  10.156250
10                       43   4.199219



                 count        pct
cycle_Dia1_norm                  
1                  451  44.042969
0110               206  20.117188
1110               144  14.062500
0                  104  10.156250
0010                76   7.421875
10                  43   4.199219



                 count        pct
cycle_Dia2_norm                  
1                  555  54.199219
0111               426  41.601562
10                  43   4.199219



                     count    pct
cycle_Ena_Vasp_norm              
0                     1024  100.0



                   count        pct
cycle_IRSp53_norm                  
1                    556  54.296875
0                    415  40.527344
1011                  53   5.175781



                 count        pct
cycle_LIMK_norm                  
1                  627  61.230469
1110               153  14.941406
0100               129  12.597656
0                  104  10.156250
01                  11   1.074219



                count        pct
cycle_PAK_norm                  
1                 971  94.824219
1011               53   5.175781



                 count        pct
cycle_PIP2_norm                  
0                  519  50.683594
1                  505  49.316406



                count        pct
cycle_PKD_norm                  
1                 451  44.042969
0011              153  14.941406
0111              144  14.062500
0001              129  12.597656
0                 104  10.156250
01                 43   4.199219



                     count        pct
cycle_Profilin_norm                  
1                      808  78.906250
1011                   151  14.746094
0                       28   2.734375
0100                    19   1.855469
10                      18   1.757812



                 count        pct
cycle_ROCK_norm                  
1                  451  44.042969
0110               153  14.941406
1110               144  14.062500
0010               129  12.597656
0                  104  10.156250
10                  43   4.199219



                  count        pct
cycle_ROCK__norm                  
1                   451  44.042969
0011                153  14.941406
0111                144  14.062500
0001                129  12.597656
0                   104  10.156250
01                   43   4.199219



                 count        pct
cycle_Rac1_norm                  
0                  451  44.042969
0110               153  14.941406
0100               144  14.062500
0111               129  12.597656
1                  104  10.156250
01                  43   4.199219



                 count        pct
cycle_RhoA_norm                  
1                  451  44.042969
1100               206  20.117188
1101               144  14.062500
0                  104  10.156250
0100                76   7.421875
01                  43   4.199219



                count        pct
cycle_SSH_norm                  
0                 627  61.230469
0010              153  14.941406
0111              129  12.597656
1                 104  10.156250
01                 11   1.074219



                     count        pct
cycle_Thymosin_norm                  
0                      437  42.675781
01                     331  32.324219
1                      256  25.000000



                 count        pct
cycle_WASP_norm                  
1                  437  42.675781
01                 331  32.324219
0                  256  25.000000



                 count        pct
cycle_WAVE_norm                  
0                  451  44.042969
0011               153  14.941406
0010               144  14.062500
1011               129  12.597656
1                  104  10.156250
10                  43   4.199219



