          count    pct
ARHGAP22              
0          1024  100.0



          count        pct
Actin_BR                  
1           481  46.972656
001         244  23.828125
0           194  18.945312
101         105  10.253906



          count    pct
Actin_ST              
0          1024  100.0



        count        pct
Arp2_3                  
1         481  46.972656
010       244  23.828125
0         194  18.945312
011       105  10.253906



     count        pct
CP                   
0      604  58.984375
1      250  24.414062
001    121  11.816406
110     49   4.785156



       count        pct
Cdc42                  
0        530  51.757812
1        494  48.242188



         count        pct
Cofilin                  
1          564  55.078125
101        179  17.480469
0          163  15.917969
01         118  11.523438



         count        pct
Coronin                  
1          835  81.542969
0          143  13.964844
10          46   4.492188



           count        pct
Cortactin                  
1            481  46.972656
100          244  23.828125
0            194  18.945312
110          105  10.253906



      count    pct
Dia1              
0      1024  100.0



      count        pct
Dia2                  
0       530  51.757812
1       494  48.242188



          count        pct
Ena_Vasp                  
1           759  74.121094
011         121  11.816406
0           105  10.253906
01           39   3.808594



              count        pct
IRSp53_Cdc42                  
0               530  51.757812
1               494  48.242188



             count        pct
IRSp53_Rac1                  
1              481  46.972656
100            244  23.828125
0              194  18.945312
110            105  10.253906



      count        pct
LIMK                  
0      1007  98.339844
10       10   0.976562
1         7   0.683594



      count    pct
NET1              
0      1024  100.0



     count        pct
PAK                  
1      500  48.828125
100    244  23.828125
0      175  17.089844
110    105  10.253906



      count        pct
PIP2                  
0       517  50.488281
1       507  49.511719



     count    pct
PKD              
0     1024  100.0



          count    pct
Profilin              
0          1024  100.0



      count    pct
ROCK              
0      1024  100.0



     count        pct
ROS                  
1      481  46.972656
100    244  23.828125
0      194  18.945312
110    105  10.253906



      count        pct
Rac1                  
1       481  46.972656
001     244  23.828125
0       194  18.945312
101     105  10.253906



      count    pct
RhoA              
0      1024  100.0



     count        pct
SSH                  
1      835  81.542969
0      143  13.964844
01      46   4.492188



          count        pct
Thymosin                  
0           774  75.585938
01          147  14.355469
1           103  10.058594



      count        pct
WASP                  
1       652  63.671875
01      130  12.695312
110     121  11.816406
0       121  11.816406



      count        pct
WAVE                  
1       586  57.226562
110     244  23.828125
0       194  18.945312



