          count        pct
ARHGAP22                  
1          1290  62.988281
11101       189   9.228516
10110       147   7.177734
10111       128   6.250000
11010       103   5.029297
10011        69   3.369141
01010        51   2.490234
01100        29   1.416016
01000        28   1.367188
0            14   0.683594



            count        pct
Actin_BR                    
0            1051  51.318359
1             556  27.148438
01            170   8.300781
1001010000    128   6.250000
01010         103   5.029297
00001          21   1.025391
10010          19   0.927734



          count        pct
Actin_ST                  
1           713  34.814453
0           600  29.296875
11101       235  11.474609
11011       231  11.279297
01          170   8.300781
01110        59   2.880859
00001        40   1.953125



            count        pct
Arp2_3                      
0            1051  51.318359
1             556  27.148438
10            170   8.300781
0010100001    128   6.250000
10100         103   5.029297
00010          21   1.025391
00101          19   0.927734



    count        pct
CP                  
1    1049  51.220703
0     998  48.730469
10      1   0.048828



       count        pct
Cdc42                  
1       1042  50.878906
0       1006  49.121094



         count        pct
Cofilin                  
0         1500  73.242188
01         174   8.496094
10111      138   6.738281
1          135   6.591797
11010       79   3.857422
10000       12   0.585938
01100       10   0.488281



         count    pct
Coronin              
0         2048  100.0



           count        pct
Cortactin                  
0           1290  62.988281
10000        189   9.228516
01010        147   7.177734
00010        128   6.250000
01001        103   5.029297
00011         69   3.369141
01101         51   2.490234
11100         29   1.416016
11101         28   1.367188
1             14   0.683594



       count        pct
Dia1                   
0       1056  51.562500
1        542  26.464844
01111    128   6.250000
10101    103   5.029297
11101     81   3.955078
10110     68   3.320312
00111     27   1.318359
10100     21   1.025391
00011     12   0.585938
10000     10   0.488281



       count        pct
Dia2                   
1       1304  63.671875
11011    415  20.263672
01111    231  11.279297
11100     98   4.785156



          count        pct
Ena_Vasp                  
1          2047  99.951172
10            1   0.048828



              count        pct
IRSp53_Cdc42                  
1              1042  50.878906
0              1006  49.121094



             count    pct
IRSp53_Rac1              
0             2048  100.0



       count        pct
LIMK                   
1       1857  90.673828
11011    120   5.859375
10011     29   1.416016
00011     28   1.367188
0         14   0.683594



      count        pct
NET1                  
0      1050  51.269531
1       998  48.730469



     count        pct
PAK                  
1     1050  51.269531
0      998  48.730469



      count        pct
PIP2                  
0      1049  51.220703
1       999  48.779297



       count        pct
PKD                    
1       1290  62.988281
11101    189   9.228516
10110    147   7.177734
10111    128   6.250000
11010    103   5.029297
10011     69   3.369141
01010     51   2.490234
01100     29   1.416016
01000     28   1.367188
0         14   0.683594



          count        pct
Profilin                  
1          1007  49.169922
0           600  29.296875
10111       231  11.279297
10          170   8.300781
00010        40   1.953125



       count        pct
ROCK                   
1       1290  62.988281
11011    189   9.228516
01101    147   7.177734
01111    128   6.250000
10101    103   5.029297
00111     69   3.369141
10100     51   2.490234
11000     29   1.416016
10000     28   1.367188
0         14   0.683594



       count        pct
ROS                    
0       1290  62.988281
10000    189   9.228516
01010    147   7.177734
00010    128   6.250000
01001    103   5.029297
00011     69   3.369141
01101     51   2.490234
11100     29   1.416016
11101     28   1.367188
1         14   0.683594



       count        pct
Rac1                   
0       1290  62.988281
00001    189   9.228516
10100    147   7.177734
00100    128   6.250000
10010    103   5.029297
00110     69   3.369141
11010     51   2.490234
11001     29   1.416016
11011     28   1.367188
1         14   0.683594



       count        pct
RhoA                   
1       1290  62.988281
10111    189   9.228516
11010    147   7.177734
11110    128   6.250000
01011    103   5.029297
01110     69   3.369141
01001     51   2.490234
10001     29   1.416016
00001     28   1.367188
0         14   0.683594



       count        pct
SSH                    
0       1857  90.673828
01000    120   5.859375
11000     29   1.416016
11001     28   1.367188
1         14   0.683594



          count        pct
Thymosin                  
0           755  36.865234
01          653  31.884766
1           640  31.250000



      count        pct
WASP                  
1       755  36.865234
01      653  31.884766
0       640  31.250000



       count        pct
WAVE                   
0       1290  62.988281
10000    189   9.228516
01010    147   7.177734
00010    128   6.250000
01001    103   5.029297
00011     69   3.369141
01101     51   2.490234
11100     29   1.416016
11101     28   1.367188
1         14   0.683594



