                     count        pct
Actin_BR   Actin_ST                  
0          0           600  29.296875
           1           451  22.021484
1          1           262  12.792969
           11101       235  11.474609
01         01          170   8.300781
1001010000 11011       128   6.250000
01010      11011       103   5.029297
1          01110        59   2.880859
00001      00001        21   1.025391
10010      00001        19   0.927734



             count        pct
Rac1  RhoA                   
0     1       1290  62.988281
00001 10111    189   9.228516
10100 11010    147   7.177734
00100 11110    128   6.250000
10010 01011    103   5.029297
00110 01110     69   3.369141
11010 01001     51   2.490234
11001 10001     29   1.416016
11011 00001     28   1.367188
1     0         14   0.683594



