          count    pct
ARHGAP22              
0          1024  100.0



          count        pct
Actin_BR                  
1           659  64.355469
001         209  20.410156
011         155  15.136719
0             1   0.097656



          count        pct
Actin_ST                  
1           526  51.367188
0           299  29.199219
001         199  19.433594



        count        pct
Arp2_3                  
1         659  64.355469
010       209  20.410156
110       155  15.136719
0           1   0.097656



     count        pct
CP                   
0      526  51.367188
1      299  29.199219
001    111  10.839844
011     88   8.593750



       count        pct
Cdc42                  
0        521  50.878906
1        503  49.121094



         count        pct
Cofilin                  
1          859  83.886719
110        165  16.113281



         count    pct
Coronin              
1         1024  100.0



           count        pct
Cortactin                  
1            659  64.355469
100          209  20.410156
101          155  15.136719
0              1   0.097656



      count        pct
Dia1                  
0       815  79.589844
010     209  20.410156



      count        pct
Dia2                  
1       503  49.121094
0       312  30.468750
010     209  20.410156



          count        pct
Ena_Vasp                  
1           913  89.160156
011         111  10.839844



              count        pct
IRSp53_Cdc42                  
0               521  50.878906
1               503  49.121094



             count        pct
IRSp53_Rac1                  
1              659  64.355469
100            209  20.410156
101            155  15.136719
0                1   0.097656



      count    pct
LIMK              
0      1024  100.0



      count        pct
NET1                  
0       660  64.453125
101     209  20.410156
001     155  15.136719



     count        pct
PAK                  
1      660  64.453125
100    209  20.410156
101    155  15.136719



      count        pct
PIP2                  
1       525  51.269531
0       499  48.730469



     count    pct
PKD              
0     1024  100.0



          count        pct
Profilin                  
1           913  89.160156
011         111  10.839844



      count    pct
ROCK              
0      1024  100.0



     count        pct
ROS                  
1      659  64.355469
100    209  20.410156
101    155  15.136719
0        1   0.097656



      count        pct
Rac1                  
1       659  64.355469
001     209  20.410156
011     155  15.136719
0         1   0.097656



      count        pct
RhoA                  
0       815  79.589844
100     209  20.410156



     count    pct
SSH              
1     1024  100.0



          count    pct
Thymosin              
0          1024  100.0



      count        pct
WASP                  
1       913  89.160156
110     111  10.839844



      count        pct
WAVE                  
1       814  79.492188
110     209  20.410156
0         1   0.097656



