          count        pct
ARHGAP22                  
1           605  59.082031
0           152  14.843750
11101        67   6.542969
01111        49   4.785156
11010        37   3.613281
01011        36   3.515625
11100        24   2.343750
11000        19   1.855469
01110        18   1.757812
100          12   1.171875
010           5   0.488281



            count        pct
Actin_BR                    
0             531  51.855469
1             214  20.898438
101            56   5.468750
0100           56   5.468750
1000110101     49   4.785156
01111          37   3.613281
01             30   2.929688
1001110111     18   1.757812
00100          12   1.171875
100            10   0.976562
00101           9   0.878906
00000100        2   0.195312



            count        pct
Actin_ST                    
1             642  62.695312
0             105  10.253906
1111110111    104  10.156250
01             86   8.398438
001            29   2.832031
11110          21   2.050781
011            12   1.171875
111100000      10   0.976562
111110          5   0.488281
101100          5   0.488281
11101111        4   0.390625
101001          1   0.097656



            count        pct
Arp2_3                      
0             531  51.855469
1             214  20.898438
1000           56   5.468750
011            56   5.468750
0001101011     49   4.785156
11110          37   3.613281
10             30   2.929688
0011101111     18   1.757812
01000          12   1.171875
001            10   0.976562
01010           9   0.878906
00001000        2   0.195312



        count        pct
CP                      
0         798  77.929688
1          96   9.375000
0100       56   5.468750
01         39   3.808594
101        29   2.832031
100         5   0.488281
101000      1   0.097656



       count        pct
Cdc42                  
0        522  50.976562
1        502  49.023438



         count    pct
Cofilin              
0         1024  100.0



         count        pct
Coronin                  
0          794  77.539062
1          152  14.843750
01000       24   2.343750
11000       19   1.855469
00100       18   1.757812
110         12   1.171875
011          5   0.488281



           count        pct
Cortactin                  
0            605  59.082031
1             77   7.519531
10000         67   6.542969
00100         49   4.785156
11000         43   4.199219
110           43   4.199219
01001         37   3.613281
00101         36   3.515625
01100         18   1.757812
011           13   1.269531
100           12   1.171875
111110000     10   0.976562
010           10   0.976562
10010110       2   0.195312
00001111       2   0.195312



           count        pct
Dia1                       
1            514  50.195312
0            164  16.015625
1101          56   5.468750
11110         49   4.785156
11011         41   4.003906
10101         37   3.613281
01            30   2.929688
001           30   2.929688
011           24   2.343750
10110         22   2.148438
11100         18   1.757812
10011         11   1.074219
111000011     10   0.976562
00110          8   0.781250
101            5   0.488281
01011010       2   0.195312
00111100       2   0.195312
001011         1   0.097656



           count        pct
Dia2                       
1            948  92.578125
011           41   4.003906
0             25   2.441406
111000011     10   0.976562



          count        pct
Ena_Vasp                  
1           974  95.117188
0            14   1.367188
01           12   1.171875
10           11   1.074219
100           8   0.781250
011101        5   0.488281



              count        pct
IRSp53_Cdc42                  
0               522  50.976562
1               502  49.023438



             count        pct
IRSp53_Rac1                  
0              605  59.082031
1               77   7.519531
110             73   7.128906
10000           67   6.542969
00100           49   4.785156
01001           37   3.613281
00101           36   3.515625
11000           24   2.343750
11001           19   1.855469
01100           18   1.757812
111110000       10   0.976562
010              5   0.488281
10010110         2   0.195312
00001111         2   0.195312



      count    pct
LIMK              
0      1024  100.0



           count        pct
NET1                       
0            527  51.464844
1            446  43.554688
100           41   4.003906
100000111     10   0.976562



           count        pct
PAK                        
1            527  51.464844
0            446  43.554688
110           41   4.003906
111110000     10   0.976562



      count        pct
PIP2                  
1       515  50.292969
0       509  49.707031



       count        pct
PKD                    
1        605  59.082031
0        152  14.843750
11101     67   6.542969
01111     49   4.785156
11010     37   3.613281
01011     36   3.515625
11100     24   2.343750
11000     19   1.855469
01110     18   1.757812
100       12   1.171875
010        5   0.488281



            count        pct
Profilin                    
1             794  77.539062
1111101111    104  10.156250
1110           56   5.468750
10             30   2.929688
11101          21   2.050781
111111101      10   0.976562
111101          5   0.488281
11011111        4   0.390625



       count        pct
ROCK                   
1        605  59.082031
0        152  14.843750
11011     67   6.542969
11110     49   4.785156
10101     37   3.613281
10110     36   3.515625
11001     24   2.343750
10001     19   1.855469
11100     18   1.757812
001       12   1.171875
100        5   0.488281



           count        pct
ROS                        
0            605  59.082031
1             77   7.519531
110           73   7.128906
10000         67   6.542969
00100         49   4.785156
01001         37   3.613281
00101         36   3.515625
11000         24   2.343750
11001         19   1.855469
01100         18   1.757812
111110000     10   0.976562
010            5   0.488281
10010110       2   0.195312
00001111       2   0.195312



           count        pct
Rac1                       
0            605  59.082031
1             77   7.519531
101           73   7.128906
00001         67   6.542969
01000         49   4.785156
10010         37   3.613281
01010         36   3.515625
10001         24   2.343750
10011         19   1.855469
11000         18   1.757812
111100001     10   0.976562
100            5   0.488281
00101101       2   0.195312
00011110       2   0.195312



           count        pct
RhoA                       
1            605  59.082031
0             77   7.519531
10111         67   6.542969
11101         49   4.785156
110           46   4.492188
01011         37   3.613281
01101         36   3.515625
001           32   3.125000
10011         24   2.343750
00011         19   1.855469
11001         18   1.757812
110000111     10   0.976562
10110100       2   0.195312
01111000       2   0.195312



       count        pct
SSH                    
0        794  77.539062
1        152  14.843750
10000     24   2.343750
10001     19   1.855469
01000     18   1.757812
101       12   1.171875
110        5   0.488281



          count        pct
Thymosin                  
01          398  38.867188
1           339  33.105469
0           287  28.027344



      count        pct
WASP                  
01      398  38.867188
0       339  33.105469
1       287  28.027344



           count        pct
WAVE                       
0            605  59.082031
1            150  14.648438
11000         67   6.542969
10111         55   5.371094
00110         49   4.785156
11101         37   3.613281
11100         24   2.343750
01110         18   1.757812
111111000     10   0.976562
011            5   0.488281
11011111       2   0.195312
10001111       2   0.195312



