                     count        pct
Actin_BR   Actin_ST                  
0          0           608  29.687500
           1           460  22.460938
1          1           324  15.820312
           11110       314  15.332031
1100011010 11101        82   4.003906
11101      11101        70   3.417969
1          00111        68   3.320312
01         01           33   1.611328
0111100111 11101        31   1.513672
01000      01100        29   1.416016
01011      01101        23   1.123047
11110      01100         4   0.195312
1          00001         1   0.048828
           0             1   0.048828



             count        pct
Rac1  RhoA                   
0     1       1200  58.593750
10000 11011    285  13.916016
10100 11010    135   6.591797
01100 11100     83   4.052734
00100 11110     82   4.003906
01101 10100     81   3.955078
01010 01101     57   2.783203
10001 10011     31   1.513672
01110 01100     31   1.513672
11011 00001     27   1.318359
01111 00100     13   0.634766
00111 00110     13   0.634766
1     0         10   0.488281



