                    count        pct
Actin_BR Actin_ST                   
1        0            333  32.519531
         1            254  24.804688
100      100          132  12.890625
         1            106  10.351562
000010   011100        57   5.566406
101      1             37   3.613281
         100           28   2.734375
000010   1             18   1.757812
0        1             14   1.367188
         0             13   1.269531
000010   111001        10   0.976562
0        000111000     10   0.976562
         10             8   0.781250
000010   010111         4   0.390625



                     count        pct
Rac1      RhoA                       
1         0            587  57.324219
100       010          238  23.242188
010000    111001        89   8.691406
101       0             65   6.347656
0         0             22   2.148438
          1             13   1.269531
001111000 111100000     10   0.976562



