                   count        pct
Actin_BR Actin_ST                  
1        0           253  24.707031
         1           226  22.070312
001      100          95   9.277344
000010   001110       86   8.398438
100      100101       67   6.542969
001      1            58   5.664062
101      100          46   4.492188
000010   1            39   3.808594
         111110       33   3.222656
100      100          32   3.125000
001      110          25   2.441406
101      1            17   1.660156
0        0            13   1.269531
         1            12   1.171875
000010   110011       11   1.074219
011      010000        7   0.683594
101      0             4   0.390625



               count        pct
Rac1   RhoA                    
1      0         479  46.777344
010000 111001    169  16.503906
001    100       153  14.941406
100    010        99   9.667969
101    0          67   6.542969
001    0          25   2.441406
0      0          13   1.269531
       1          12   1.171875
011    0           7   0.683594



