                     count        pct
cycle_Actin_BR_norm                  
0                      400  39.062500
1                      316  30.859375
0011                    98   9.570312
10                      92   8.984375
1101                    87   8.496094
1000                    31   3.027344



                     count        pct
cycle_Actin_ST_norm                  
1                      448  43.750000
0                      268  26.171875
1011                   203  19.824219
10                      34   3.320312
1000                    33   3.222656
01                      28   2.734375
0110                    10   0.976562



                   count        pct
cycle_Arp2_3_norm                  
0                    400  39.062500
1                    316  30.859375
0110                  98   9.570312
01                    92   8.984375
1011                  87   8.496094
0001                  31   3.027344



               count        pct
cycle_CP_norm                  
0                526  51.367188
1                498  48.632812



                  count        pct
cycle_Cdc42_norm                  
1                   535  52.246094
0                   489  47.753906



                    count    pct
cycle_Cofilin_norm              
0                    1024  100.0



                    count    pct
cycle_Coronin_norm              
0                    1024  100.0



                      count        pct
cycle_Cortactin_norm                  
0                       517  50.488281
1001                    203  19.824219
0010                    189  18.457031
0111                     67   6.542969
10                       28   2.734375
1                        20   1.953125



                 count        pct
cycle_Dia1_norm                  
0                  508  49.609375
1                  255  24.902344
0011               101   9.863281
1110                83   8.105469
0100                56   5.468750
10                  21   2.050781



                 count        pct
cycle_Dia2_norm                  
1                  537  52.441406
1110               459  44.824219
10                  28   2.734375



                     count    pct
cycle_Ena_Vasp_norm              
1                     1024  100.0



                   count        pct
cycle_IRSp53_norm                  
1                    547  53.417969
0                    477  46.582031



                 count    pct
cycle_LIMK_norm              
1                 1024  100.0



                count    pct
cycle_PAK_norm              
1                1024  100.0



                 count        pct
cycle_PIP2_norm                  
1                  526  51.367188
0                  498  48.632812



                count        pct
cycle_PKD_norm                  
1                 517  50.488281
1001              203  19.824219
0111              189  18.457031
0010               67   6.542969
01                 28   2.734375
0                  20   1.953125



                     count        pct
cycle_Profilin_norm                  
1                      448  43.750000
0                      268  26.171875
0111                   203  19.824219
01                      34   3.320312
0001                    33   3.222656
10                      28   2.734375
1100                    10   0.976562



                 count        pct
cycle_ROCK_norm                  
1                  517  50.488281
0011               203  19.824219
1110               189  18.457031
0100                67   6.542969
10                  28   2.734375
0                   20   1.953125



                  count        pct
cycle_ROCK__norm                  
1                   517  50.488281
1001                203  19.824219
0111                189  18.457031
0010                 67   6.542969
01                   28   2.734375
0                    20   1.953125



                 count        pct
cycle_Rac1_norm                  
0                  517  50.488281
0011               203  19.824219
0100               189  18.457031
1110                67   6.542969
01                  28   2.734375
1                   20   1.953125



                 count        pct
cycle_RhoA_norm                  
1                  517  50.488281
0110               203  19.824219
1101               189  18.457031
1000                67   6.542969
01                  28   2.734375
0                   20   1.953125



                count    pct
cycle_SSH_norm              
0                1024  100.0



                     count        pct
cycle_Thymosin_norm                  
10                     405  39.550781
1                      313  30.566406
0                      306  29.882812



                 count        pct
cycle_WASP_norm                  
10                 405  39.550781
0                  313  30.566406
1                  306  29.882812



                 count        pct
cycle_WAVE_norm                  
0                  517  50.488281
1001               203  19.824219
0010               189  18.457031
0111                67   6.542969
10                  28   2.734375
1                   20   1.953125



