          count        pct
ARHGAP22                  
0           678  66.210938
011110      178  17.382812
010         161  15.722656
1             7   0.683594



          count        pct
Actin_BR                  
010         393  38.378906
110         291  28.417969
000010      178  17.382812
0            91   8.886719
1            71   6.933594



          count        pct
Actin_ST                  
100         463  45.214844
0           173  16.894531
1           142  13.867188
001111       89   8.691406
001110       89   8.691406
011          68   6.640625



        count        pct
Arp2_3                  
100       393  38.378906
101       291  28.417969
000100    178  17.382812
0          91   8.886719
1          71   6.933594



        count        pct
CP                      
0         383  37.402344
010       325  31.738281
101       181  17.675781
000010     89   8.691406
1          46   4.492188



       count        pct
Cdc42                  
1        522  50.976562
0        502  49.023438



         count        pct
Cofilin                  
1          352  34.375000
0          251  24.511719
110        243  23.730469
000010      89   8.691406
010         83   8.105469
01           6   0.585938



         count        pct
Coronin                  
1          595  58.105469
0          421  41.113281
01           8   0.781250



           count        pct
Cortactin                  
001          393  38.378906
011          291  28.417969
001000       178  17.382812
0             91   8.886719
1             71   6.933594



        count        pct
Dia1                    
0         579  56.542969
100       260  25.390625
111100    178  17.382812
1           7   0.683594



        count        pct
Dia2                    
1         529  51.660156
100       260  25.390625
111100    178  17.382812
0          57   5.566406



          count        pct
Ena_Vasp                  
1           529  51.660156
001111      178  17.382812
001         161  15.722656
0           156  15.234375



              count        pct
IRSp53_Cdc42                  
1               522  50.976562
0               502  49.023438



             count        pct
IRSp53_Rac1                  
001            393  38.378906
011            291  28.417969
001000         178  17.382812
0               91   8.886719
1               71   6.933594



        count        pct
LIMK                    
0         595  58.105469
1         243  23.730469
011111    178  17.382812
10          8   0.781250



        count        pct
NET1                    
0         536  52.343750
011       260  25.390625
111011    178  17.382812
100        43   4.199219
1           7   0.683594



        count        pct
PAK                     
1         536  52.343750
001       260  25.390625
001000    178  17.382812
110        43   4.199219
0           7   0.683594



      count        pct
PIP2                  
0       541  52.832031
1       483  47.167969



        count        pct
PKD                     
0         678  66.210938
011110    178  17.382812
010       161  15.722656
1           7   0.683594



          count        pct
Profilin                  
110         393  38.378906
1           369  36.035156
011110      178  17.382812
0            84   8.203125



        count        pct
ROCK                    
0         678  66.210938
111100    178  17.382812
100       161  15.722656
1           7   0.683594



        count        pct
ROS                     
001       393  38.378906
011       291  28.417969
001000    178  17.382812
0          91   8.886719
1          71   6.933594



        count        pct
Rac1                    
010       393  38.378906
110       291  28.417969
010000    178  17.382812
0          91   8.886719
1          71   6.933594



        count        pct
RhoA                    
0         579  56.542969
001       260  25.390625
111001    178  17.382812
1           7   0.683594



     count        pct
SSH                  
1      595  58.105469
0      421  41.113281
10       8   0.781250



          count    pct
Thymosin              
0          1024  100.0



      count    pct
WASP              
0      1024  100.0



        count        pct
WAVE                    
101       393  38.378906
1         362  35.351562
001100    178  17.382812
0          91   8.886719



