                   count        pct
Actin_BR Actin_ST                  
010      100         325  31.738281
110      100         138  13.476562
         1           110  10.742188
000010   001111       89   8.691406
         001110       89   8.691406
0        0            84   8.203125
010      011          68   6.640625
1        0            46   4.492188
110      0            43   4.199219
1        1            25   2.441406
0        1             7   0.683594



               count        pct
Rac1   RhoA                    
110    0         291  28.417969
010    001       260  25.390625
010000 111001    178  17.382812
010    0         133  12.988281
0      0          84   8.203125
1      0          71   6.933594
0      1           7   0.683594



