          count        pct
ARHGAP22                  
1           988  48.242188
0           364  17.773438
11110       313  15.283203
10110       177   8.642578
00011        98   4.785156
01110        84   4.101562
001          24   1.171875



          count        pct
Actin_BR                  
1          1094  53.417969
0           878  42.871094
011          76   3.710938



          count    pct
Actin_ST              
1          2048  100.0



        count        pct
Arp2_3                  
1        1094  53.417969
0         878  42.871094
110        76   3.710938



    count    pct
CP              
0    2048  100.0



       count        pct
Cdc42                  
1       1030  50.292969
0       1018  49.707031



         count        pct
Cofilin                  
0         1208  58.984375
1          503  24.560547
11011      165   8.056641
11010       88   4.296875
00011       49   2.392578
101         35   1.708984



         count        pct
Coronin                  
0         1478  72.167969
1          364  17.773438
00011       98   4.785156
00100       84   4.101562
101         24   1.171875



           count        pct
Cortactin                  
0            988  48.242188
01000        313  15.283203
1            312  15.234375
00110        182   8.886719
01010        177   8.642578
101           52   2.539062
001           24   1.171875



       count        pct
Dia1                   
1        988  48.242188
11101    313  15.283203
0        312  15.234375
01101    177   8.642578
00110     98   4.785156
11100     84   4.101562
110       76   3.710938



       count        pct
Dia2                   
1       1376  67.187500
01111    490  23.925781
00111    182   8.886719



          count       pct
Ena_Vasp                 
1          2032  99.21875
110          16   0.78125



              count        pct
IRSp53_Cdc42                  
1              1030  50.292969
0              1018  49.707031



             count        pct
IRSp53_Rac1                  
0              988  48.242188
01000          313  15.283203
1              312  15.234375
01010          177   8.642578
00111           98   4.785156
01100           84   4.101562
101             76   3.710938



       count        pct
LIMK                   
1       1478  72.167969
0        364  17.773438
11100     98   4.785156
11011     84   4.101562
010       24   1.171875



      count        pct
NET1                  
0      1094  53.417969
1       878  42.871094
001      76   3.710938



     count        pct
PAK                  
1     1094  53.417969
0      878  42.871094
101     76   3.710938



      count        pct
PIP2                  
0      1048  51.171875
1      1000  48.828125



       count        pct
PKD                    
1        988  48.242188
0        364  17.773438
11110    313  15.283203
10110    177   8.642578
00011     98   4.785156
01110     84   4.101562
001       24   1.171875



          count    pct
Profilin              
1          2048  100.0



       count        pct
ROCK                   
1        988  48.242188
0        364  17.773438
11101    313  15.283203
01101    177   8.642578
00110     98   4.785156
11100     84   4.101562
010       24   1.171875



       count        pct
ROS                    
0        988  48.242188
01000    313  15.283203
1        312  15.234375
01010    177   8.642578
00111     98   4.785156
01100     84   4.101562
101       76   3.710938



       count        pct
Rac1                   
0        988  48.242188
10000    313  15.283203
1        312  15.234375
10100    177   8.642578
01110     98   4.785156
11000     84   4.101562
011       76   3.710938



       count        pct
RhoA                   
1        988  48.242188
11011    313  15.283203
0        312  15.234375
11010    177   8.642578
01100     98   4.785156
11001     84   4.101562
101       76   3.710938



       count        pct
SSH                    
0       1478  72.167969
1        364  17.773438
00110     98   4.785156
01000     84   4.101562
011       24   1.171875



          count    pct
Thymosin              
0          2048  100.0



      count        pct
WASP                  
1      1579  77.099609
0       453  22.119141
101      16   0.781250



       count        pct
WAVE                   
0        988  48.242188
1        388  18.945312
01100    313  15.283203
01111    275  13.427734
01110     84   4.101562



