          count        pct
ARHGAP22                  
0           656  64.062500
010         181  17.675781
011110      175  17.089844
1            12   1.171875



          count        pct
Actin_BR                  
1           488  47.656250
010         254  24.804688
000010      175  17.089844
101          91   8.886719
0            16   1.562500



          count    pct
Actin_ST              
0          1024  100.0



        count        pct
Arp2_3                  
1         488  47.656250
100       254  24.804688
000100    175  17.089844
011        91   8.886719
0          16   1.562500



        count        pct
CP                      
0         382  37.304688
1         243  23.730469
000010    147  14.355469
010       127  12.402344
01         81   7.910156
011        44   4.296875



       count        pct
Cdc42                  
0        545  53.222656
1        479  46.777344



         count        pct
Cofilin                  
1          475  46.386719
0          297  29.003906
011         92   8.984375
10          82   8.007812
010000      74   7.226562
010          4   0.390625



         count        pct
Coronin                  
1          653  63.769531
0          370  36.132812
10           1   0.097656



           count        pct
Cortactin                  
1            488  47.656250
001          254  24.804688
001000       175  17.089844
110           91   8.886719
0             16   1.562500



        count        pct
Dia1                    
0         583  56.933594
100       254  24.804688
111100    175  17.089844
1          12   1.171875



        count        pct
Dia2                    
1         491  47.949219
100       254  24.804688
111100    175  17.089844
0         104  10.156250



          count        pct
Ena_Vasp                  
1           619  60.449219
101011      124  12.109375
001111      107  10.449219
01           82   8.007812
011111       36   3.515625
101          28   2.734375
001          21   2.050781
0             7   0.683594



              count    pct
IRSp53_Cdc42              
0              1024  100.0



             count        pct
IRSp53_Rac1                  
1              488  47.656250
001            254  24.804688
001000         175  17.089844
110             91   8.886719
0               16   1.562500



        count        pct
LIMK                    
0         653  63.769531
1         195  19.042969
011111    175  17.089844
01          1   0.097656



        count        pct
NET1                    
0         492  48.046875
011       254  24.804688
111011    175  17.089844
100        91   8.886719
1          12   1.171875



        count        pct
PAK                     
1         492  48.046875
001       254  24.804688
001000    175  17.089844
110        91   8.886719
0          12   1.171875



      count        pct
PIP2                  
1       518  50.585938
0       506  49.414062



        count        pct
PKD                     
0         656  64.062500
010       181  17.675781
011110    175  17.089844
1          12   1.171875



          count    pct
Profilin              
0          1024  100.0



        count        pct
ROCK                    
0         656  64.062500
100       181  17.675781
111100    175  17.089844
1          12   1.171875



        count        pct
ROS                     
1         488  47.656250
001       254  24.804688
001000    175  17.089844
110        91   8.886719
0          16   1.562500



        count        pct
Rac1                    
1         488  47.656250
010       254  24.804688
010000    175  17.089844
101        91   8.886719
0          16   1.562500



        count        pct
RhoA                    
0         583  56.933594
001       254  24.804688
111001    175  17.089844
1          12   1.171875



     count        pct
SSH                  
1      653  63.769531
0      370  36.132812
01       1   0.097656



          count        pct
Thymosin                  
0           636  62.109375
01          160  15.625000
1           143  13.964844
10           85   8.300781



        count        pct
WASP                    
1         604  58.984375
10        171  16.699219
0         143  13.964844
000101     74   7.226562
101        32   3.125000



        count        pct
WAVE                    
1         579  56.542969
101       254  24.804688
001100    175  17.089844
0          16   1.562500



