          count        pct
ARHGAP22                  
0           649  63.378906
010         170  16.601562
011110      113  11.035156
1            92   8.984375



          count        pct
Actin_BR                  
1           490  47.851562
001         193  18.847656
0           119  11.621094
000010      113  11.035156
110          70   6.835938
010          39   3.808594



          count        pct
Actin_ST                  
1           664  64.843750
0           113  11.035156
001         100   9.765625
110011       48   4.687500
010011       39   3.808594
101          37   3.613281
000011       17   1.660156
01            6   0.585938



        count        pct
Arp2_3                  
1         490  47.851562
010       193  18.847656
0         119  11.621094
000100    113  11.035156
101        70   6.835938
100        39   3.808594



        count        pct
CP                      
1         498  48.632812
0         468  45.703125
000010     39   3.808594
01         17   1.660156
010         2   0.195312



       count        pct
Cdc42                  
0        524  51.171875
1        500  48.828125



         count        pct
Cofilin                  
1          545  53.222656
0          151  14.746094
010        129  12.597656
010000     108  10.546875
110         68   6.640625
10          23   2.246094



         count        pct
Coronin                  
1          630  61.523438
0          388  37.890625
01           6   0.585938



           count        pct
Cortactin                  
1            490  47.851562
100          193  18.847656
0            119  11.621094
001000       113  11.035156
011           70   6.835938
001           39   3.808594



        count        pct
Dia1                    
0         777  75.878906
100       132  12.890625
111100    113  11.035156
1           2   0.195312



        count        pct
Dia2                    
1         590  57.617188
110       263  25.683594
111100    113  11.035156
101        39   3.808594
0          19   1.855469



          count        pct
Ena_Vasp                  
1           847  82.714844
111011       48   4.687500
101011       39   3.808594
011          27   2.636719
01           23   2.246094
0            21   2.050781
001111       17   1.660156
001           2   0.195312



              count    pct
IRSp53_Cdc42              
0              1024  100.0



             count        pct
IRSp53_Rac1                  
1              490  47.851562
100            193  18.847656
0              119  11.621094
001000         113  11.035156
011             70   6.835938
001             39   3.808594



      count    pct
LIMK              
0      1024  100.0



        count        pct
NET1                    
0         509  49.707031
101       193  18.847656
111011    113  11.035156
1         100   9.765625
010        70   6.835938
011        39   3.808594



        count        pct
PAK                     
1         509  49.707031
100       193  18.847656
001000    113  11.035156
0         100   9.765625
011        70   6.835938
001        39   3.808594



      count        pct
PIP2                  
1       526  51.367188
0       498  48.632812



        count        pct
PKD                     
0         649  63.378906
010       170  16.601562
011110    113  11.035156
1          92   8.984375



          count        pct
Profilin                  
1           701  68.457031
0           111  10.839844
011         100   9.765625
100111       48   4.687500
110          39   3.808594
000110       17   1.660156
10            6   0.585938
010           2   0.195312



        count        pct
ROCK                    
0         649  63.378906
100       170  16.601562
111100    113  11.035156
1          92   8.984375



        count        pct
ROS                     
1         490  47.851562
100       193  18.847656
0         119  11.621094
001000    113  11.035156
011        70   6.835938
001        39   3.808594



        count        pct
Rac1                    
1         490  47.851562
001       193  18.847656
0         119  11.621094
010000    113  11.035156
110        70   6.835938
010        39   3.808594



        count        pct
RhoA                    
0         579  56.542969
100       193  18.847656
111001    113  11.035156
1         100   9.765625
001        39   3.808594



     count        pct
SSH                  
1      630  61.523438
0      388  37.890625
10       6   0.585938



          count        pct
Thymosin                  
0           791  77.246094
1           122  11.914062
01           87   8.496094
10           24   2.343750



      count        pct
WASP                  
1       683  66.699219
0       130  12.695312
110     100   9.765625
01       87   8.496094
10       24   2.343750



        count        pct
WAVE                    
1         560  54.687500
110       193  18.847656
0         119  11.621094
001100    113  11.035156
101        39   3.808594



