          count        pct
ARHGAP22                  
0          1020  99.609375
              4   0.390625



          count        pct
Actin_BR                  
0           370  36.132812
101         326  31.835938
100         260  25.390625
1            64   6.250000
              4   0.390625



           count        pct
Actin_ST                   
001          476  46.484375
000001111    164  16.015625
11110111     139  13.574219
1            112  10.937500
011           67   6.542969
0             62   6.054688
               4   0.390625



        count        pct
Arp2_3                  
0         370  36.132812
011       326  31.835938
001       260  25.390625
1          64   6.250000
            4   0.390625



     count        pct
CP                   
0      482  47.070312
101    323  31.542969
100    153  14.941406
1       62   6.054688
         4   0.390625



       count        pct
Cdc42                  
1        526  51.367188
0        494  48.242188
           4   0.390625



         count        pct
Cofilin                  
1          532  51.953125
0          370  36.132812
100        107  10.449219
011         11   1.074219
             4   0.390625



         count        pct
Coronin                  
1         1020  99.609375
             4   0.390625



           count        pct
Cortactin                  
110          500  48.828125
100001111    164  16.015625
010          153  14.941406
10000111     139  13.574219
1             64   6.250000
               4   0.390625



           count        pct
Dia1                       
010          492  48.046875
000111110    164  16.015625
0            158  15.429688
00011110     139  13.574219
110           67   6.542969
               4   0.390625



           count        pct
Dia2                       
1            526  51.367188
011          296  28.906250
000111110    164  16.015625
0             34   3.320312
               4   0.390625



          count        pct
Ena_Vasp                  
1           526  51.367188
0           494  48.242188
              4   0.390625



              count        pct
IRSp53_Cdc42                  
1               526  51.367188
0               494  48.242188
                  4   0.390625



             count        pct
IRSp53_Rac1                  
110            500  48.828125
100001111      164  16.015625
010            153  14.941406
10000111       139  13.574219
1               64   6.250000
                 4   0.390625



      count        pct
LIMK                  
0      1020  99.609375
          4   0.390625



           count        pct
NET1                       
0            560  54.687500
100          296  28.906250
001111000    164  16.015625
               4   0.390625



           count        pct
PAK                        
1            560  54.687500
110          296  28.906250
100001111    164  16.015625
               4   0.390625



      count        pct
PIP2                  
0       530  51.757812
1       490  47.851562
          4   0.390625



     count        pct
PKD                  
0     1020  99.609375
         4   0.390625



           count        pct
Profilin                   
1            564  55.078125
111011111    164  16.015625
101          153  14.941406
11101111     139  13.574219
               4   0.390625



      count        pct
ROCK                  
0      1020  99.609375
          4   0.390625



           count        pct
ROS                        
110          500  48.828125
100001111    164  16.015625
010          153  14.941406
10000111     139  13.574219
1             64   6.250000
               4   0.390625



           count        pct
Rac1                       
101          500  48.828125
000011111    164  16.015625
100          153  14.941406
00001111     139  13.574219
1             64   6.250000
               4   0.390625



           count        pct
RhoA                       
110          449  43.847656
100          204  19.921875
001111100    164  16.015625
00111100     139  13.574219
0             64   6.250000
               4   0.390625



     count        pct
SSH                  
1     1020  99.609375
         4   0.390625



          count        pct
Thymosin                  
0           532  51.953125
1           370  36.132812
101         107  10.449219
010          11   1.074219
              4   0.390625



      count        pct
WASP                  
0      1020  99.609375
          4   0.390625



           count        pct
WAVE                       
1            564  55.078125
110001111    164  16.015625
011          153  14.941406
11000111     139  13.574219
               4   0.390625



