          count    pct
ARHGAP22              
0          1024  100.0



          count        pct
Actin_BR                  
1           475  46.386719
0           166  16.210938
010         158  15.429688
001         118  11.523438
110          64   6.250000
011          43   4.199219



          count        pct
Actin_ST                  
1           592  57.812500
0           200  19.531250
101000      118  11.523438
100          54   5.273438
111110       26   2.539062
110101       17   1.660156
101          17   1.660156



        count        pct
Arp2_3                  
1         475  46.386719
0         166  16.210938
100       158  15.429688
010       118  11.523438
101        64   6.250000
110        43   4.199219



        count        pct
CP                      
1         527  51.464844
0         385  37.597656
000001     62   6.054688
010001     26   2.539062
010        15   1.464844
011         6   0.585938
01          3   0.292969



       count        pct
Cdc42                  
0        523  51.074219
1        501  48.925781



         count        pct
Cofilin                  
0          865  84.472656
010         86   8.398438
000010      73   7.128906



         count    pct
Coronin              
0         1024  100.0



           count        pct
Cortactin                  
1            475  46.386719
0            166  16.210938
001          158  15.429688
100          118  11.523438
011           64   6.250000
101           43   4.199219



      count    pct
Dia1              
0      1024  100.0



      count        pct
Dia2                  
1       475  46.386719
0       166  16.210938
001     158  15.429688
100     118  11.523438
011      64   6.250000
101      43   4.199219



          count        pct
Ena_Vasp                  
1           641  62.597656
01          148  14.453125
0           125  12.207031
010100       56   5.468750
101          54   5.273438



              count        pct
IRSp53_Cdc42                  
0               523  51.074219
1               501  48.925781



             count        pct
IRSp53_Rac1                  
1              475  46.386719
0              166  16.210938
001            158  15.429688
100            118  11.523438
011             64   6.250000
101             43   4.199219



      count        pct
LIMK                  
1       507  49.511719
0       153  14.941406
100     142  13.867188
010     118  11.523438
101      61   5.957031
110      43   4.199219



      count        pct
NET1                  
0       507  49.511719
1       153  14.941406
011     142  13.867188
101     118  11.523438
010      61   5.957031
001      43   4.199219



     count        pct
PAK                  
1      507  49.511719
0      153  14.941406
001    142  13.867188
100    118  11.523438
011     61   5.957031
101     43   4.199219



      count        pct
PIP2                  
0       527  51.464844
1       497  48.535156



     count    pct
PKD              
0     1024  100.0



          count        pct
Profilin                  
1           636  62.109375
0           190  18.554688
011         118  11.523438
101          80   7.812500



      count    pct
ROCK              
0      1024  100.0



     count        pct
ROS                  
1      475  46.386719
0      166  16.210938
001    158  15.429688
100    118  11.523438
011     64   6.250000
101     43   4.199219



      count        pct
Rac1                  
1       475  46.386719
0       166  16.210938
010     158  15.429688
001     118  11.523438
110      64   6.250000
011      43   4.199219



      count    pct
RhoA              
0      1024  100.0



     count    pct
SSH              
0     1024  100.0



          count        pct
Thymosin                  
0           408  39.843750
01          273  26.660156
1           182  17.773438
10          161  15.722656



        count        pct
WASP                    
1         354  34.570312
01        273  26.660156
0         182  17.773438
10        105  10.253906
101000     56   5.468750
011        54   5.273438



      count        pct
WAVE                  
1       582  56.835938
0       166  16.210938
101     158  15.429688
110     118  11.523438



