                   count        pct
Actin_BR Actin_ST                  
1        1           450  43.945312
0        0           144  14.062500
001      101000      118  11.523438
010      1            63   6.152344
110      1            57   5.566406
010      100          54   5.273438
011      111110       26   2.539062
1        0            25   2.441406
010      0            25   2.441406
0        1            22   2.148438
011      110101       17   1.660156
010      101          16   1.562500
110      0             6   0.585938
         101           1   0.097656



           count        pct
Rac1 RhoA                  
1    0       475  46.386719
0    0       166  16.210938
010  0       158  15.429688
001  0       118  11.523438
110  0        64   6.250000
011  0        43   4.199219



