                    count        pct
Actin_BR Actin_ST                   
1        1            754  36.816406
0        0            527  25.732422
         1            238  11.621094
                       93   4.541016
0        11011111      89   4.345703
01       1             74   3.613281
001      001           64   3.125000
01       01            51   2.490234
101      1             31   1.513672
0        00011000      30   1.464844
         111000000     25   1.220703
101      011           23   1.123047
00100000 11011111      19   0.927734
0        10010110      19   0.927734
         01            10   0.488281
         011            1   0.048828



                     count        pct
Rac1      RhoA                       
0         1            913  44.580078
1         0            737  35.986328
00111100  11110000     119   5.810547
                        93   4.541016
001       1             64   3.125000
101       110           55   2.685547
00101101  10110100      38   1.855469
110000111 000011111     25   1.220703
011       101            4   0.195312



