                                         count        pct
cycle_Actin_BR_norm cycle_Actin_ST_norm                  
0                   0                      500  48.828125
1                   1                      150  14.648438
0                   1                      102   9.960938
10                  10                      80   7.812500
1                   0                       65   6.347656
1101                1000                    44   4.296875
                    0                       36   3.515625
                    0110                    22   2.148438
0001                1101                    15   1.464844
1                   10                      10   0.976562



