                     count        pct
cycle_Actin_BR_norm                  
1                      452  44.140625
0                      379  37.011719
1000                    80   7.812500
10                      57   5.566406
1101                    33   3.222656
1001                    23   2.246094



                     count        pct
cycle_Actin_ST_norm                  
1                      830  81.054688
1101                   105  10.253906
0                       29   2.832031
0001                    24   2.343750
01                      21   2.050781
11101                    6   0.585938
111110                   5   0.488281
011000                   2   0.195312
00100                    2   0.195312



                   count        pct
cycle_Arp2_3_norm                  
1                    452  44.140625
0                    379  37.011719
0001                  80   7.812500
01                    57   5.566406
1011                  33   3.222656
0011                  23   2.246094



               count    pct
cycle_CP_norm              
0               1024  100.0



                  count        pct
cycle_Cdc42_norm                  
1                   518  50.585938
0                   506  49.414062



                    count        pct
cycle_Cofilin_norm                  
0                     606  59.179688
1                     294  28.710938
1000                   51   4.980469
1001                   43   4.199219
10                     24   2.343750
01                      6   0.585938



                    count        pct
cycle_Coronin_norm                  
0                     658  64.257812
0001                  190  18.554688
1                      89   8.691406
1101                   81   7.910156
10                      6   0.585938



                      count    pct
cycle_Cortactin_norm              
0                      1024  100.0



                 count        pct
cycle_Dia1_norm                  
1                  462  45.117188
0110               223  21.777344
1101               152  14.843750
0                   74   7.226562
10                  50   4.882812
0001                48   4.687500
100011               7   0.683594
00110                6   0.585938
10001                2   0.195312



                 count        pct
cycle_Dia2_norm                  
1                  536  52.343750
0111               423  41.308594
10                  50   4.882812
111011               7   0.683594
10111                6   0.585938
11101                2   0.195312



                     count        pct
cycle_Ena_Vasp_norm                  
1                     1017  99.316406
111110                   5   0.488281
111100                   2   0.195312



                   count        pct
cycle_IRSp53_norm                  
1                    553  54.003906
0                    431  42.089844
0111                  33   3.222656
111001                 7   0.683594



                 count        pct
cycle_LIMK_norm                  
1                  658  64.257812
1110               190  18.554688
0                   89   8.691406
0010                81   7.910156
01                   6   0.585938



                count        pct
cycle_PAK_norm                  
1                 984  96.093750
0111               33   3.222656
111001              7   0.683594



                 count        pct
cycle_PIP2_norm                  
1                  534  52.148438
0                  490  47.851562



                count        pct
cycle_PKD_norm                  
1                 462  45.117188
0011              190  18.554688
1110              152  14.843750
0                  89   8.691406
1000               81   7.910156
01                 50   4.882812



                     count        pct
cycle_Profilin_norm                  
1                      830  81.054688
1011                   105  10.253906
0                       29   2.832031
0010                    24   2.343750
10                      21   2.050781
11011                    6   0.585938
111101                   5   0.488281
110000                   2   0.195312
01000                    2   0.195312



                 count        pct
cycle_ROCK_norm                  
1                  462  45.117188
0110               190  18.554688
1101               152  14.843750
0                   89   8.691406
0001                81   7.910156
10                  50   4.882812



                  count        pct
cycle_ROCK__norm                  
1                   462  45.117188
0011                190  18.554688
1110                152  14.843750
0                    89   8.691406
1000                 81   7.910156
01                   50   4.882812



                 count        pct
cycle_Rac1_norm                  
0                  462  45.117188
0110               190  18.554688
1000               152  14.843750
1011                81   7.910156
1                   74   7.226562
01                  50   4.882812
110011               7   0.683594
00111                6   0.585938
11001                2   0.195312



                 count        pct
cycle_RhoA_norm                  
1                  462  45.117188
1100               223  21.777344
1011               152  14.843750
0                   74   7.226562
01                  50   4.882812
0010                48   4.687500
000111               7   0.683594
01100                6   0.585938
00011                2   0.195312



                count        pct
cycle_SSH_norm                  
0                 658  64.257812
0010              190  18.554688
1                  89   8.691406
1011               81   7.910156
01                  6   0.585938



                     count        pct
cycle_Thymosin_norm                  
0                      485  47.363281
1                      280  27.343750
10                     253  24.707031
01                       6   0.585938



                 count        pct
cycle_WASP_norm                  
1                  485  47.363281
0                  280  27.343750
10                 253  24.707031
01                   6   0.585938



                 count        pct
cycle_WAVE_norm                  
0                  462  45.117188
0011               190  18.554688
0100               152  14.843750
1101                81   7.910156
1                   74   7.226562
10                  50   4.882812
111001               7   0.683594
10011                6   0.585938
11100                2   0.195312



