          count        pct
ARHGAP22                  
1           888  86.718750
0           112  10.937500
010          19   1.855469
100           5   0.488281



          count        pct
Actin_BR                  
0           891  87.011719
1            69   6.738281
110          59   5.761719
001           5   0.488281



           count        pct
Actin_ST                   
1            994  97.070312
011           12   1.171875
10            11   1.074219
101111         5   0.488281
111100000      2   0.195312



        count        pct
Arp2_3                  
0         891  87.011719
1          69   6.738281
101        59   5.761719
010         5   0.488281



    count    pct
CP              
0    1024  100.0



       count    pct
Cdc42              
0       1024  100.0



         count        pct
Cofilin                  
0          891  87.011719
1           93   9.082031
110         24   2.343750
10          11   1.074219
001000       5   0.488281



         count        pct
Coronin                  
0          888  86.718750
1          112  10.937500
011         19   1.855469
110          5   0.488281



           count        pct
Cortactin                  
0            888  86.718750
1             69   6.738281
011           41   4.003906
010           19   1.855469
100            5   0.488281
111110000      2   0.195312



           count        pct
Dia1                       
1            888  86.718750
0             69   6.738281
101           60   5.859375
011            5   0.488281
111000011      2   0.195312



           count        pct
Dia2                       
1            888  86.718750
0             69   6.738281
101           60   5.859375
011            5   0.488281
111000011      2   0.195312



          count        pct
Ena_Vasp                  
1           994  97.070312
110          11   1.074219
01           11   1.074219
010111        5   0.488281
0             2   0.195312
001           1   0.097656



              count    pct
IRSp53_Cdc42              
0              1024  100.0



             count        pct
IRSp53_Rac1                  
0              888  86.718750
1               69   6.738281
011             60   5.859375
110              5   0.488281
111110000        2   0.195312



      count        pct
LIMK                  
1       888  86.718750
0       112  10.937500
100      19   1.855469
001       5   0.488281



           count        pct
NET1                       
1            888  86.718750
0             69   6.738281
010           60   5.859375
100            5   0.488281
100000111      2   0.195312



           count        pct
PAK                        
0            888  86.718750
1             69   6.738281
011           60   5.859375
110            5   0.488281
111110000      2   0.195312



      count        pct
PIP2                  
1       516  50.390625
0       508  49.609375



     count        pct
PKD                  
1      888  86.718750
0      112  10.937500
010     19   1.855469
100      5   0.488281



           count        pct
Profilin                   
1           1022  99.804688
111111101      2   0.195312



      count        pct
ROCK                  
1       888  86.718750
0       112  10.937500
100      19   1.855469
001       5   0.488281



           count        pct
ROS                        
0            888  86.718750
1             69   6.738281
011           60   5.859375
110            5   0.488281
111110000      2   0.195312



           count        pct
Rac1                       
0            888  86.718750
1             69   6.738281
110           60   5.859375
101            5   0.488281
111100001      2   0.195312



           count        pct
RhoA                       
1            888  86.718750
0             69   6.738281
011           60   5.859375
110            5   0.488281
110000111      2   0.195312



     count        pct
SSH                  
0      888  86.718750
1      112  10.937500
110     19   1.855469
101      5   0.488281



          count        pct
Thymosin                  
1           496  48.437500
0           299  29.199219
01          224  21.875000
10            5   0.488281



      count        pct
WASP                  
0       496  48.437500
1       288  28.125000
01      224  21.875000
101      11   1.074219
10        5   0.488281



           count        pct
WAVE                       
0            888  86.718750
1            134  13.085938
111111000      2   0.195312



