                    count        pct
Actin_BR Actin_ST                   
0        1            888  86.718750
1        1             58   5.664062
110      1             48   4.687500
         011           11   1.074219
1        10            11   1.074219
001      101111         5   0.488281
0        111100000      2   0.195312
         011            1   0.097656



                     count        pct
Rac1      RhoA                       
0         1            888  86.718750
1         0             69   6.738281
110       011           60   5.859375
101       110            5   0.488281
111100001 110000111      2   0.195312



