          count        pct
ARHGAP22                  
0           913  89.160156
111100      102   9.960938
1             9   0.878906



          count        pct
Actin_BR                  
1           568  55.468750
100         237  23.144531
000100      102   9.960938
011          63   6.152344
0            54   5.273438



           count        pct
Actin_ST                   
1            441  43.066406
0            329  32.128906
010          147  14.355469
011100        58   5.664062
10            16   1.562500
111010        15   1.464844
011110         9   0.878906
000111000      9   0.878906



        count        pct
Arp2_3                  
1         568  55.468750
001       237  23.144531
001000    102   9.960938
110        63   6.152344
0          54   5.273438



        count        pct
CP                      
0         500  48.828125
1         301  29.394531
100       114  11.132812
000100     67   6.542969
011        33   3.222656
10          9   0.878906



       count        pct
Cdc42                  
1        537  52.441406
0        487  47.558594



         count        pct
Cofilin                  
1          704  68.750000
110        153  14.941406
100110      54   5.273438
0           47   4.589844
001000      24   2.343750
01          22   2.148438
001         20   1.953125



         count        pct
Coronin                  
1          887  86.621094
10         126  12.304688
0           11   1.074219



           count        pct
Cortactin                  
1            568  55.468750
010          237  23.144531
010000       102   9.960938
101           63   6.152344
0             45   4.394531
000111100      9   0.878906



           count        pct
Dia1                       
0            667  65.136719
001          237  23.144531
111001       102   9.960938
1              9   0.878906
011110000      9   0.878906



           count        pct
Dia2                       
1            546  53.320312
001          237  23.144531
0            130  12.695312
111001       102   9.960938
011110000      9   0.878906



          count        pct
Ena_Vasp                  
1           802  78.320312
101         114  11.132812
000100       54   5.273438
01           37   3.613281
0            17   1.660156



              count        pct
IRSp53_Cdc42                  
1               537  52.441406
0               487  47.558594



             count        pct
IRSp53_Rac1                  
1              568  55.468750
010            237  23.144531
010000         102   9.960938
101             63   6.152344
0               45   4.394531
000111100        9   0.878906



        count        pct
LIMK                    
0         887  86.621094
010100    102   9.960938
01         24   2.343750
1          11   1.074219



           count        pct
NET1                       
0            604  58.984375
110          237  23.144531
110111       102   9.960938
001           63   6.152344
111100001      9   0.878906
1              9   0.878906



           count        pct
PAK                        
1            604  58.984375
010          237  23.144531
010000       102   9.960938
101           63   6.152344
000111100      9   0.878906
0              9   0.878906



      count        pct
PIP2                  
0       518  50.585938
1       506  49.414062



     count    pct
PKD              
0     1024  100.0



           count        pct
Profilin                   
1            784  76.562500
101          114  11.132812
111100        58   5.664062
111101        24   2.343750
0             19   1.855469
01            16   1.562500
001111111      9   0.878906



        count        pct
ROCK                    
0         913  89.160156
111001    102   9.960938
1           9   0.878906



           count        pct
ROS                        
1            568  55.468750
010          237  23.144531
010000       102   9.960938
101           63   6.152344
0             45   4.394531
000111100      9   0.878906



           count        pct
Rac1                       
1            568  55.468750
100          237  23.144531
100000       102   9.960938
011           63   6.152344
0             45   4.394531
001111000      9   0.878906



           count        pct
RhoA                       
0            667  65.136719
010          237  23.144531
110011       102   9.960938
111100000      9   0.878906
1              9   0.878906



     count        pct
SSH                  
1      887  86.621094
01     126  12.304688
0       11   1.074219



          count        pct
Thymosin                  
0           878  85.742188
10           57   5.566406
101000       54   5.273438
1            35   3.417969



        count        pct
WASP                    
1         764  74.609375
011       114  11.132812
10         56   5.468750
001000     54   5.273438
0          36   3.515625



           count        pct
WAVE                       
1            631  61.621094
011          237  23.144531
011000       102   9.960938
0             45   4.394531
000111110      9   0.878906



