                     count        pct
Actin_BR   Actin_ST                  
0          0           468  45.703125
1          0           347  33.886719
01         0            64   6.250000
101        0            55   5.371094
1111011111 0            38   3.710938
1110111010 0            30   2.929688
10001      0             8   0.781250
1110111110 0             7   0.683594
01111      0             6   0.585938
10011      0             1   0.097656



             count        pct
Rac1  RhoA                   
0     1        575  56.152344
1     0        144  14.062500
10000 11011     82   8.007812
101   110       55   5.371094
00110 01110     35   3.417969
10010 01011     34   3.320312
11001 10001     31   3.027344
00100 11110     30   2.929688
00101 10110     24   2.343750
00111 00110     14   1.367188



