                   count        pct
Actin_BR Actin_ST                  
1        1           479  46.777344
0        0           153  14.941406
100      0           130  12.695312
001      000101       63   6.152344
100      1            60   5.859375
101      011          37   3.613281
0        1            35   3.417969
1        0            34   3.320312
101      1            19   1.855469
011      110111       10   0.976562
101      0             4   0.390625



           count        pct
Rac1 RhoA                  
1    0       513  50.097656
100  0       190  18.554688
0    0       188  18.359375
001  0        63   6.152344
101  0        60   5.859375
011  0        10   0.976562



