                   count        pct
Actin_BR Actin_ST                  
1        0           287  28.027344
         1           227  22.167969
0        0           109  10.644531
001      001          79   7.714844
         1            64   6.250000
011      0            53   5.175781
010      010011       52   5.078125
000010   001111       36   3.515625
010      100010       30   2.929688
000010   1            22   2.148438
001      0            20   1.953125
011      1            15   1.464844
101      01           13   1.269531
000010   000011       12   1.171875
0        1             3   0.292969
1        01            2   0.195312



               count        pct
Rac1   RhoA                    
1      0         516  50.390625
001    100       163  15.917969
0      1          98   9.570312
010    001        82   8.007812
010000 111001     70   6.835938
011    0          68   6.640625
0      0          14   1.367188
101    0          13   1.269531



