          count    pct
ARHGAP22              
0          1024  100.0



          count        pct
Actin_BR                  
1           519  50.683594
110         169  16.503906
010         128  12.500000
001         105  10.253906
0           103  10.058594



          count        pct
Actin_ST                  
1           519  50.683594
101         169  16.503906
010011      128  12.500000
001         105  10.253906
0           102   9.960938
10            1   0.097656



        count        pct
Arp2_3                  
1         519  50.683594
101       169  16.503906
100       128  12.500000
010       105  10.253906
0         103  10.058594



    count    pct
CP              
1    1024  100.0



       count        pct
Cdc42                  
0        525  51.269531
1        499  48.730469



         count        pct
Cofilin                  
1          774  75.585938
010000     128  12.500000
0          111  10.839844
001         10   0.976562
10           1   0.097656



         count        pct
Coronin                  
1          774  75.585938
0          248  24.218750
01           2   0.195312



           count        pct
Cortactin                  
1            519  50.683594
011          169  16.503906
001          128  12.500000
100          105  10.253906
0            103  10.058594



      count    pct
Dia1              
0      1024  100.0



      count        pct
Dia2                  
1       611  59.667969
011     274  26.757812
101     128  12.500000
0        11   1.074219



          count        pct
Ena_Vasp                  
1           793  77.441406
101011      128  12.500000
011          77   7.519531
010          18   1.757812
0             8   0.781250



              count        pct
IRSp53_Cdc42                  
0               525  51.269531
1               499  48.730469



             count        pct
IRSp53_Rac1                  
1              519  50.683594
011            169  16.503906
001            128  12.500000
100            105  10.253906
0              103  10.058594



      count        pct
LIMK                  
0       774  75.585938
1       248  24.218750
10        2   0.195312



      count        pct
NET1                  
0       530  51.757812
010     169  16.503906
011     128  12.500000
101     105  10.253906
1        92   8.984375



     count        pct
PAK                  
1      530  51.757812
011    169  16.503906
001    128  12.500000
100    105  10.253906
0       92   8.984375



      count    pct
PIP2              
0      1024  100.0



     count        pct
PKD                  
0      784  76.562500
010    128  12.500000
1       84   8.203125
100     28   2.734375



          count        pct
Profilin                  
1           689  67.285156
110         128  12.500000
011         105  10.253906
0           101   9.863281
01            1   0.097656



      count        pct
ROCK                  
0       784  76.562500
100     128  12.500000
1        84   8.203125
001      28   2.734375



     count        pct
ROS                  
1      519  50.683594
011    169  16.503906
001    128  12.500000
100    105  10.253906
0      103  10.058594



      count        pct
Rac1                  
1       519  50.683594
110     169  16.503906
010     128  12.500000
001     105  10.253906
0       103  10.058594



      count        pct
RhoA                  
0       699  68.261719
001     128  12.500000
100     105  10.253906
1        92   8.984375



     count        pct
SSH                  
1      774  75.585938
0      248  24.218750
10       2   0.195312



          count        pct
Thymosin                  
0           784  76.562500
01          128  12.500000
1           111  10.839844
10            1   0.097656



        count        pct
WASP                    
1         689  67.285156
000101    128  12.500000
0         119  11.621094
110        87   8.496094
10          1   0.097656



      count        pct
WAVE                  
1       688  67.187500
101     128  12.500000
110     105  10.253906
0       103  10.058594



