          count    pct
ARHGAP22              
0          1024  100.0



          count        pct
Actin_BR                  
1           877  85.644531
101         103  10.058594
110          39   3.808594
0             5   0.488281



          count        pct
Actin_ST                  
1           514  50.195312
0           361  35.253906
001         103  10.058594
100          39   3.808594
10            7   0.683594



        count        pct
Arp2_3                  
1         877  85.644531
011       103  10.058594
101        39   3.808594
0           5   0.488281



     count        pct
CP                   
0      514  50.195312
1      361  35.253906
101    103  10.058594
110     39   3.808594
10       7   0.683594



       count        pct
Cdc42                  
1        548  53.515625
0        476  46.484375



         count        pct
Cofilin                  
0          831  81.152344
100         73   7.128906
1           66   6.445312
010000      39   3.808594
01          15   1.464844



         count        pct
Coronin                  
0          938  91.601562
1           86   8.398438



           count        pct
Cortactin                  
1            882  86.132812
110          103  10.058594
011           39   3.808594



      count        pct
Dia1                  
1       514  50.195312
0       361  35.253906
001     103  10.058594
100      39   3.808594
10        7   0.683594



      count    pct
Dia2              
1      1024  100.0



          count        pct
Ena_Vasp                  
1          1016  99.218750
10            7   0.683594
0             1   0.097656



              count        pct
IRSp53_Cdc42                  
1               548  53.515625
0               476  46.484375



             count        pct
IRSp53_Rac1                  
1              882  86.132812
110            103  10.058594
011             39   3.808594



      count        pct
LIMK                  
1       938  91.601562
0        86   8.398438



      count        pct
NET1                  
0       890  86.914062
100      95   9.277344
010      39   3.808594



     count        pct
PAK                  
1      890  86.914062
110     95   9.277344
011     39   3.808594



      count        pct
PIP2                  
1       521  50.878906
0       503  49.121094



     count        pct
PKD                  
1      938  91.601562
0       86   8.398438



          count    pct
Profilin              
1          1024  100.0



      count        pct
ROCK                  
1       938  91.601562
0        86   8.398438



     count    pct
ROS              
0     1024  100.0



      count        pct
Rac1                  
1       882  86.132812
101     103  10.058594
110      39   3.808594



      count    pct
RhoA              
1      1024  100.0



     count        pct
SSH                  
0      938  91.601562
1       86   8.398438



          count        pct
Thymosin                  
0           510  49.804688
01          403  39.355469
1           111  10.839844



      count        pct
WASP                  
1       510  49.804688
01      403  39.355469
0       111  10.839844



      count    pct
WAVE              
1      1024  100.0



