          count        pct
ARHGAP22                  
0           306  29.882812
1           259  25.292969
010         250  24.414062
100111      209  20.410156



          count        pct
Actin_BR                  
0           293  28.613281
001         226  22.070312
100000      209  20.410156
010         183  17.871094
011          95   9.277344
1            18   1.757812



          count        pct
Actin_ST                  
0           334  32.617188
1           272  26.562500
110011      116  11.328125
010001       97   9.472656
000001       86   8.398438
001          73   7.128906
110          46   4.492188



        count        pct
Arp2_3                  
0         293  28.613281
010       226  22.070312
000001    209  20.410156
100       183  17.871094
110        95   9.277344
1          18   1.757812



        count        pct
CP                      
1         501  48.925781
0         424  41.406250
000010     86   8.398438
001        10   0.976562
10          3   0.292969



       count    pct
Cdc42              
0       1024  100.0



         count        pct
Cofilin                  
0          628  61.328125
1          151  14.746094
011        140  13.671875
010000      97   9.472656
100          5   0.488281
01           3   0.292969



         count        pct
Coronin                  
0          718  70.117188
1          306  29.882812



           count        pct
Cortactin                  
0            281  27.441406
100          229  22.363281
000010       209  20.410156
001          183  17.871094
101           95   9.277344
1             18   1.757812
000001111      9   0.878906



           count        pct
Dia1                       
0            561  54.785156
100          241  23.535156
001111       209  20.410156
000111100      9   0.878906
1              4   0.390625



           count        pct
Dia2                       
110          324  31.640625
1            299  29.199219
001111       209  20.410156
101          183  17.871094
000111111      9   0.878906



          count        pct
Ena_Vasp                  
1           579  56.542969
101011      183  17.871094
111011      116  11.328125
011          68   6.640625
0            34   3.320312
011110       30   2.929688
100          11   1.074219
10            3   0.292969



              count    pct
IRSp53_Cdc42              
0              1024  100.0



             count        pct
IRSp53_Rac1                  
0              281  27.441406
100            229  22.363281
000010         209  20.410156
001            183  17.871094
101             95   9.277344
1               18   1.757812
000001111        9   0.878906



        count        pct
LIMK                    
1         509  49.707031
0         306  29.882812
110111    209  20.410156



           count        pct
NET1                       
1            281  27.441406
101          229  22.363281
111110       209  20.410156
011          183  17.871094
001           95   9.277344
0             18   1.757812
011111000      9   0.878906



           count        pct
PAK                        
0            281  27.441406
100          229  22.363281
000010       209  20.410156
001          183  17.871094
101           95   9.277344
1             18   1.757812
000001111      9   0.878906



      count        pct
PIP2                  
1       523  51.074219
0       501  48.925781



        count        pct
PKD                     
0         306  29.882812
1         259  25.292969
010       250  24.414062
100111    209  20.410156



          count        pct
Profilin                  
0           334  32.617188
1           318  31.054688
100111      116  11.328125
100010       97   9.472656
010          86   8.398438
011          73   7.128906



        count        pct
ROCK                    
0         306  29.882812
1         259  25.292969
100       250  24.414062
001111    209  20.410156



           count        pct
ROS                        
0            281  27.441406
100          229  22.363281
000010       209  20.410156
001          183  17.871094
101           95   9.277344
1             18   1.757812
000001111      9   0.878906



           count        pct
Rac1                       
0            281  27.441406
001          229  22.363281
000100       209  20.410156
010          183  17.871094
011           95   9.277344
1             18   1.757812
000011110      9   0.878906



           count        pct
RhoA                       
1            281  27.441406
100          229  22.363281
011110       209  20.410156
001          183  17.871094
0            113  11.035156
001111000      9   0.878906



     count        pct
SSH                  
0      718  70.117188
1      306  29.882812



          count        pct
Thymosin                  
0           411  40.136719
1           309  30.175781
01          304  29.687500



        count        pct
WASP                    
0         331  32.324219
1         316  30.859375
01        207  20.214844
000101     97   9.472656
110        73   7.128906



      count    pct
WAVE              
0      1024  100.0



