                   count        pct
Actin_BR Actin_ST                  
0        0           290  28.320312
001      1           142  13.867188
100000   110011      116  11.328125
010      010001       97   9.472656
         000001       86   8.398438
001      001          73   7.128906
100000   1            63   6.152344
011      1            49   4.785156
         110          46   4.492188
100000   0            30   2.929688
1        1            15   1.464844
001      0            11   1.074219
1        0             3   0.292969
0        1             3   0.292969



                     count        pct
Rac1      RhoA                       
0         1            281  27.441406
001       100          229  22.363281
000100    011110       209  20.410156
010       001          183  17.871094
011       0             95   9.277344
1         0             18   1.757812
000011110 001111000      9   0.878906



