          count        pct
ARHGAP22                  
0          1019  99.511719
              5   0.488281



          count        pct
Actin_BR                  
1           580  56.640625
100         171  16.699219
011         167  16.308594
010          66   6.445312
0            35   3.417969
              5   0.488281



           count        pct
Actin_ST                   
1            409  39.941406
0            342  33.398438
010          229  22.363281
110010        22   2.148438
000000111     13   1.269531
               5   0.488281
01             4   0.390625



        count        pct
Arp2_3                  
1         580  56.640625
001       171  16.699219
110       167  16.308594
100        66   6.445312
0          35   3.417969
            5   0.488281



        count        pct
CP                      
0         444  43.359375
1         300  29.296875
100       100   9.765625
011        85   8.300781
010        44   4.296875
10         24   2.343750
010000     22   2.148438
            5   0.488281



       count        pct
Cdc42                  
1        511  49.902344
0        508  49.609375
           5   0.488281



         count        pct
Cofilin                  
1          669  65.332031
011        122  11.914062
0          102   9.960938
01          68   6.640625
010000      44   4.296875
100         14   1.367188
             5   0.488281



         count        pct
Coronin                  
1          879  85.839844
0          131  12.792969
10           9   0.878906
             5   0.488281



           count        pct
Cortactin                  
1            580  56.640625
010          171  16.699219
101          167  16.308594
001           66   6.445312
0             22   2.148438
100000111     13   1.269531
               5   0.488281



           count        pct
Dia1                       
0            769  75.097656
001          171  16.699219
100           66   6.445312
000011110     13   1.269531
               5   0.488281



           count        pct
Dia2                       
1            511  49.902344
0            258  25.195312
001          171  16.699219
100           66   6.445312
000011110     13   1.269531
               5   0.488281



          count        pct
Ena_Vasp                  
1           830  81.054688
101          69   6.738281
101011       66   6.445312
10           24   2.343750
001          17   1.660156
0            13   1.269531
              5   0.488281



              count        pct
IRSp53_Cdc42                  
1               511  49.902344
0               508  49.609375
                  5   0.488281



             count        pct
IRSp53_Rac1                  
1              580  56.640625
010            171  16.699219
101            167  16.308594
001             66   6.445312
0               22   2.148438
100000111       13   1.269531
                 5   0.488281



      count        pct
LIMK                  
0       879  85.839844
1       131  12.792969
01        9   0.878906
          5   0.488281



           count        pct
NET1                       
0            602  58.789062
110          171  16.699219
001          167  16.308594
011           66   6.445312
001111100     13   1.269531
               5   0.488281



           count        pct
PAK                        
1            602  58.789062
010          171  16.699219
101          167  16.308594
001           66   6.445312
100000111     13   1.269531
               5   0.488281



      count        pct
PIP2                  
0       524  51.171875
1       495  48.339844
          5   0.488281



     count        pct
PKD                  
0      891  87.011719
010    128  12.500000
         5   0.488281



           count        pct
Profilin                   
1            818  79.882812
101          100   9.765625
110           44   4.296875
110111        22   2.148438
0             18   1.757812
111001111     13   1.269531
               5   0.488281
10             4   0.390625



      count        pct
ROCK                  
0       891  87.011719
100     128  12.500000
          5   0.488281



           count        pct
ROS                        
1            580  56.640625
010          171  16.699219
101          167  16.308594
001           66   6.445312
0             22   2.148438
100000111     13   1.269531
               5   0.488281



           count        pct
Rac1                       
1            580  56.640625
100          171  16.699219
011          167  16.308594
010           66   6.445312
0             22   2.148438
000001111     13   1.269531
               5   0.488281



           count        pct
RhoA                       
0            769  75.097656
010          171  16.699219
001           66   6.445312
000111100     13   1.269531
               5   0.488281



     count        pct
SSH                  
1      879  85.839844
0      131  12.792969
01       9   0.878906
         5   0.488281



          count        pct
Thymosin                  
0           836  81.640625
01          135  13.183594
1            48   4.687500
              5   0.488281



        count        pct
WASP                    
1         753  73.535156
011        83   8.105469
01         69   6.738281
0          48   4.687500
000101     44   4.296875
10         22   2.148438
            5   0.488281



           count        pct
WAVE                       
1            747  72.949219
011          171  16.699219
101           66   6.445312
0             22   2.148438
110000111     13   1.269531
               5   0.488281



