                     count        pct
cycle_Actin_BR_norm                  
1                      390  38.085938
0                      225  21.972656
01                     157  15.332031
0110                    99   9.667969
1101                    91   8.886719
011                     37   3.613281
0100                    25   2.441406



                     count        pct
cycle_Actin_ST_norm                  
0                      523  51.074219
1                      243  23.730469
0100                    92   8.984375
01                      65   6.347656
0110                    61   5.957031
1101                    20   1.953125
10                      20   1.953125



                   count        pct
cycle_Arp2_3_norm                  
1                    390  38.085938
0                    225  21.972656
10                   157  15.332031
1100                  99   9.667969
1011                  91   8.886719
110                   37   3.613281
1000                  25   2.441406



               count        pct
cycle_CP_norm                  
1                517  50.488281
0                507  49.511719



                  count       pct
cycle_Cdc42_norm                 
1                   552  53.90625
0                   472  46.09375



                    count        pct
cycle_Cofilin_norm                  
0                     648  63.281250
1                     194  18.945312
10                     61   5.957031
0111                   47   4.589844
01                     35   3.417969
011                    24   2.343750
0100                   15   1.464844



                    count        pct
cycle_Coronin_norm                  
0                     603  58.886719
1000                  243  23.730469
1                      97   9.472656
1011                   80   7.812500
01                      1   0.097656



                      count        pct
cycle_Cortactin_norm                  
0                       424  41.406250
1001                    243  23.730469
0001                    171  16.699219
1011                     80   7.812500
1                        60   5.859375
101                      37   3.613281
10                        9   0.878906



                 count    pct
cycle_Dia1_norm              
0                 1024  100.0



                 count    pct
cycle_Dia2_norm              
0                 1024  100.0



                     count       pct
cycle_Ena_Vasp_norm                 
1                     1016  99.21875
1110                     8   0.78125



                   count        pct
cycle_IRSp53_norm                  
1                    604  58.984375
0                    378  36.914062
1011                  42   4.101562



                 count        pct
cycle_LIMK_norm                  
1                  603  58.886719
0111               243  23.730469
0                   97   9.472656
0100                80   7.812500
10                   1   0.097656



                count        pct
cycle_PAK_norm                  
1                 982  95.898438
1011               42   4.101562



                 count        pct
cycle_PIP2_norm                  
0                  517  50.488281
1                  507  49.511719



                count        pct
cycle_PKD_norm                  
1                 424  41.406250
1001              243  23.730469
1011              171  16.699219
0                  97   9.472656
0001               80   7.812500
01                  9   0.878906



                     count        pct
cycle_Profilin_norm                  
1                      458  44.726562
0                      348  33.984375
1011                    64   6.250000
1100                    61   5.957031
1000                    59   5.761719
10                      19   1.855469
01                      15   1.464844



                 count        pct
cycle_ROCK_norm                  
1                  424  41.406250
0011               243  23.730469
0111               171  16.699219
0                   97   9.472656
0010                80   7.812500
10                   9   0.878906



                  count        pct
cycle_ROCK__norm                  
1                   424  41.406250
1001                243  23.730469
1011                171  16.699219
0                    97   9.472656
0001                 80   7.812500
01                    9   0.878906



                 count        pct
cycle_Rac1_norm                  
0                  424  41.406250
0011               243  23.730469
0010               171  16.699219
0111                80   7.812500
1                   60   5.859375
011                 37   3.613281
01                   9   0.878906



                 count        pct
cycle_RhoA_norm                  
1                  424  41.406250
0110               285  27.832031
1110               171  16.699219
0                   60   5.859375
0100                38   3.710938
010                 37   3.613281
01                   9   0.878906



                count        pct
cycle_SSH_norm                  
0                 603  58.886719
0001              243  23.730469
1                  97   9.472656
0111               80   7.812500
10                  1   0.097656



                     count        pct
cycle_Thymosin_norm                  
0                      447  43.652344
01                     304  29.687500
1                      273  26.660156



                 count        pct
cycle_WASP_norm                  
1                  447  43.652344
01                 304  29.687500
0                  273  26.660156



                 count        pct
cycle_WAVE_norm                  
0                  424  41.406250
1001               243  23.730469
0001               171  16.699219
1011                80   7.812500
1                   60   5.859375
101                 37   3.613281
10                   9   0.878906



