                                         count        pct
cycle_Actin_BR_norm cycle_Actin_ST_norm                  
0                   0                      225  21.972656
1                   1                      207  20.214844
                    0                      143  13.964844
01                  0                       84   8.203125
                    0100                    39   3.808594
1                   0100                    33   3.222656
0110                0110                    30   2.929688
1101                01                      29   2.832031
                    0110                    26   2.539062
011                 1                       24   2.343750
0110                0                       22   2.148438
01                  01                      21   2.050781
1101                0                       20   1.953125
0100                0                       16   1.562500
0110                1101                    16   1.562500
                    0100                    16   1.562500
                    01                      15   1.464844
01                  10                      13   1.269531
011                 0                       13   1.269531
1101                1                       12   1.171875
1                   10                       7   0.683594
0100                0110                     5   0.488281
                    0100                     4   0.390625
1101                1101                     4   0.390625



