          count        pct
ARHGAP22                  
0          1162  56.738281
1           886  43.261719



          count        pct
Actin_BR                  
0           959  46.826172
1           639  31.201172
10          219  10.693359
010         149   7.275391
101          82   4.003906



          count        pct
Actin_ST                  
1          1054  51.464844
0           842  41.113281
01           88   4.296875
011          64   3.125000



        count        pct
Arp2_3                  
0         959  46.826172
1         639  31.201172
01        219  10.693359
100       149   7.275391
011        82   4.003906



    count        pct
CP                  
1    1039  50.732422
0    1007  49.169922
01      2   0.097656



       count        pct
Cdc42                  
0       1054  51.464844
1        994  48.535156



         count        pct
Cofilin                  
1         1000  48.828125
0          496  24.218750
01         423  20.654297
101        129   6.298828



         count        pct
Coronin                  
1         1162  56.738281
01         655  31.982422
0          231  11.279297



           count        pct
Cortactin                  
0           1204  58.789062
1            613  29.931641
001          149   7.275391
110           82   4.003906



      count    pct
Dia1              
0      2048  100.0



      count    pct
Dia2              
1      2048  100.0



          count        pct
Ena_Vasp                  
1          1342  65.527344
0           467  22.802734
01          175   8.544922
110          64   3.125000



              count        pct
IRSp53_Cdc42                  
0              1054  51.464844
1               994  48.535156



             count        pct
IRSp53_Rac1                  
0             1204  58.789062
1              613  29.931641
001            149   7.275391
110             82   4.003906



      count        pct
LIMK                  
0      1162  56.738281
10      655  31.982422
1       231  11.279297



      count        pct
NET1                  
0      1003  48.974609
1       814  39.746094
011     149   7.275391
100      82   4.003906



     count        pct
PAK                  
1     1003  48.974609
0      814  39.746094
001    149   7.275391
110     82   4.003906



      count        pct
PIP2                  
0      1039  50.732422
1      1009  49.267578



     count    pct
PKD              
0     2048  100.0



          count        pct
Profilin                  
1          1054  51.464844
0           842  41.113281
10           88   4.296875
110          64   3.125000



      count        pct
ROCK                  
0      1162  56.738281
1       886  43.261719



     count        pct
ROS                  
0     1204  58.789062
1      613  29.931641
001    149   7.275391
110     82   4.003906



      count        pct
Rac1                  
0      1204  58.789062
1       613  29.931641
010     149   7.275391
101      82   4.003906



      count        pct
RhoA                  
1      1353  66.064453
0       613  29.931641
110      82   4.003906



     count        pct
SSH                  
1     1162  56.738281
10     655  31.982422
0      231  11.279297



          count        pct
Thymosin                  
0          1249  60.986328
01          606  29.589844
1           193   9.423828



      count        pct
WASP                  
1      1051  51.318359
0       506  24.707031
10      427  20.849609
101      64   3.125000



      count        pct
WAVE                  
0      1204  58.789062
1       695  33.935547
101     149   7.275391



