                   count        pct
Actin_BR Actin_ST                  
0        0           769  37.548828
1        1           639  31.201172
0        1           185   9.033203
010      1            85   4.150391
10       01           83   4.052734
101      1            82   4.003906
10       0            73   3.564453
010      011          64   3.125000
10       1            63   3.076172
0        01            5   0.244141



           count        pct
Rac1 RhoA                  
0    1      1204  58.789062
1    0       613  29.931641
010  1       149   7.275391
101  110      82   4.003906



