          count        pct
ARHGAP22                  
11110       277  27.050781
1           274  26.757812
0           132  12.890625
01111       108  10.546875
01011       102   9.960938
10110        71   6.933594
11100        41   4.003906
             19   1.855469



            count        pct
Actin_BR                    
0             314  30.664062
1             233  22.753906
00010         117  11.425781
110            70   6.835938
0000100101     57   5.566406
01             55   5.371094
1010100101     40   3.906250
01001          40   3.906250
10010          31   3.027344
00000100       19   1.855469
               19   1.855469
0010           18   1.757812
001            11   1.074219



            count        pct
Actin_ST                    
1             377  36.816406
0             159  15.527344
01111         131  12.792969
1111110111    108  10.546875
01             64   6.250000
001            50   4.882812
1011111110     40   3.906250
0101110110     31   3.027344
               19   1.855469
10             18   1.757812
11010111       13   1.269531
10101           8   0.781250
00011110        3   0.292969
01011101        2   0.195312
011             1   0.097656



            count        pct
Arp2_3                      
0             314  30.664062
1             233  22.753906
00100         117  11.425781
101            70   6.835938
0001001010     57   5.566406
10             55   5.371094
10010          40   3.906250
0101001011     40   3.906250
00101          31   3.027344
00001000       19   1.855469
               19   1.855469
0100           18   1.757812
010            11   1.074219



            count        pct
CP                          
0             691  67.480469
1             159  15.527344
01             55   5.371094
110            40   3.906250
0000000010     31   3.027344
               19   1.855469
0010           18   1.757812
001            11   1.074219



       count        pct
Cdc42                  
0        511  49.902344
1        494  48.242188
          19   1.855469



          count        pct
Cofilin                   
0           667  65.136719
1           119  11.621094
11101        63   6.152344
01           55   5.371094
101          30   2.929688
01101        29   2.832031
00010100     24   2.343750
             19   1.855469
0010         18   1.757812



         count        pct
Coronin                  
0          832  81.250000
1          132  12.890625
01000       41   4.003906
            19   1.855469



           count        pct
Cortactin                  
01000        277  27.050781
0            274  26.757812
00100        108  10.546875
00101        102   9.960938
01010         71   6.933594
011           70   6.835938
11000         41   4.003906
1             24   2.343750
10010110      19   1.855469
              19   1.855469
100           11   1.074219
00011110       8   0.781250



            count        pct
Dia1                        
11101         214  20.898438
0             200  19.531250
1             183  17.871094
11110         108  10.546875
10110          73   7.128906
01             55   5.371094
010            41   4.003906
11010          40   3.906250
0110101100     31   3.027344
01011010       19   1.855469
               19   1.855469
1110           18   1.757812
00111          15   1.464844
01111000        8   0.781250



          count        pct
Dia2                      
1           653  63.769531
11101       219  21.386719
10110        40   3.906250
010          32   3.125000
01101        31   3.027344
             19   1.855469
110          10   0.976562
01011010      9   0.878906
0             9   0.878906
01111000      2   0.195312



            count        pct
Ena_Vasp                    
1             792  77.343750
01111         110  10.742188
1111101111     51   4.980469
1111101011     31   3.027344
               19   1.855469
10             11   1.074219
011            10   0.976562



              count        pct
IRSp53_Cdc42                  
0               511  49.902344
1               494  48.242188
                 19   1.855469



             count        pct
IRSp53_Rac1                  
01000          277  27.050781
0              274  26.757812
00100          108  10.546875
00101          102   9.960938
01010           71   6.933594
011             70   6.835938
11000           41   4.003906
1               24   2.343750
10010110        19   1.855469
                19   1.855469
100             11   1.074219
00011110         8   0.781250



       count        pct
LIMK                   
1        832  81.250000
0        132  12.890625
10111     41   4.003906
          19   1.855469



      count        pct
NET1                  
0      1005  98.144531
         19   1.855469



          count        pct
PAK                       
1           503  49.121094
01000       219  21.386719
0           159  15.527344
00101        40   3.906250
110          32   3.125000
01010        31   3.027344
             19   1.855469
100          10   0.976562
10010110      9   0.878906
00011110      2   0.195312



      count        pct
PIP2                  
0       521  50.878906
1       484  47.265625
         19   1.855469



       count        pct
PKD                    
11110    277  27.050781
1        274  26.757812
0        132  12.890625
01111    108  10.546875
01011    102   9.960938
10110     71   6.933594
11100     41   4.003906
          19   1.855469



            count        pct
Profilin                    
1             577  56.347656
11110         131  12.792969
1111101111    108  10.546875
1011111110     71   6.933594
10             55   5.371094
10101111       24   2.343750
               19   1.855469
0111           18   1.757812
011            10   0.976562
01011           8   0.781250
00111100        3   0.292969



       count        pct
ROCK                   
11101    277  27.050781
1        274  26.757812
0        132  12.890625
11110    108  10.546875
10110    102   9.960938
01101     71   6.933594
11001     41   4.003906
          19   1.855469



          count        pct
ROS                       
01000       277  27.050781
0           274  26.757812
00100       108  10.546875
00101       102   9.960938
01010        71   6.933594
011          70   6.835938
11000        41   4.003906
1            24   2.343750
10010110     19   1.855469
             19   1.855469
100          11   1.074219
00011110      8   0.781250



          count        pct
Rac1                      
10000       277  27.050781
0           274  26.757812
01000       108  10.546875
01010       102   9.960938
10100        71   6.933594
110          70   6.835938
10001        41   4.003906
1            24   2.343750
00101101     19   1.855469
             19   1.855469
001          11   1.074219
00111100      8   0.781250



          count        pct
RhoA                      
11011       277  27.050781
1           274  26.757812
11101       108  10.546875
01101       102   9.960938
11010        71   6.933594
010          70   6.835938
10011        41   4.003906
0            24   2.343750
10110100     19   1.855469
             19   1.855469
101          11   1.074219
11110000      8   0.781250



       count        pct
SSH                    
0        832  81.250000
1        132  12.890625
10000     41   4.003906
          19   1.855469



          count        pct
Thymosin                  
0           418  40.820312
1           292  28.515625
01          277  27.050781
             19   1.855469
10           18   1.757812



      count        pct
WASP                  
1       408  39.843750
0       292  28.515625
01      277  27.050781
         19   1.855469
10       18   1.757812
110      10   0.976562



      count        pct
WAVE                  
0      1005  98.144531
         19   1.855469



