                    count        pct
Actin_BR Actin_ST                   
0        1            496  48.437500
1        0            346  33.789062
0100     0100          83   8.105469
01       0             50   4.882812
011      0             41   4.003906
001      001            4   0.390625
0        000111100      4   0.390625



                     count        pct
Rac1      RhoA                       
0         1            670  65.429688
1         0            120  11.718750
00001     10111         88   8.593750
10100     11010         44   4.296875
011       101           41   4.003906
11000     11001         34   3.320312
01110     01100         19   1.855469
101       110            4   0.390625
001111100 111110000      4   0.390625



