          count        pct
ARHGAP22                  
1          1223  59.716797
11011       246  12.011719
0           240  11.718750
11101       117   5.712891
10110        95   4.638672
00111        55   2.685547
01101        54   2.636719
             11   0.537109
100           5   0.244141
001           2   0.097656



            count        pct
Actin_BR                    
0             977  47.705078
1             482  23.535156
01            166   8.105469
110           120   5.859375
0010010100    117   5.712891
001            61   2.978516
0010110101     54   2.636719
00001          38   1.855469
10010          22   1.074219
               11   0.537109



          count        pct
Actin_ST                  
0           860  41.992188
1           670  32.714844
01          166   8.105469
10000       139   6.787109
11110       117   5.712891
10110        54   2.636719
10010        29   1.416016
             11   0.537109
001101        2   0.097656



            count        pct
Arp2_3                      
0             977  47.705078
1             482  23.535156
10            166   8.105469
101           120   5.859375
0100101000    117   5.712891
010            61   2.978516
0101101010     54   2.636719
00010          38   1.855469
00101          22   1.074219
               11   0.537109



    count        pct
CP                  
1    1058  51.660156
0     979  47.802734
       11   0.537109



       count        pct
Cdc42                  
1       1044  50.976562
0        993  48.486328
          11   0.537109



         count        pct
Cofilin                  
0         1351  65.966797
1          274  13.378906
01         167   8.154297
11110      139   6.787109
101         74   3.613281
11010       29   1.416016
            11   0.537109
100          3   0.146484



         count        pct
Coronin                  
0         1735  84.716797
1          240  11.718750
00010       55   2.685547
            11   0.537109
110          5   0.244141
101          2   0.097656



           count        pct
Cortactin                  
0           1237  60.400391
00001        246  12.011719
011          120   5.859375
10000        117   5.712891
01010         95   4.638672
100           63   3.076172
00110         55   2.685547
10100         54   2.636719
1             35   1.708984
              11   0.537109
100001111      7   0.341797
10100101       5   0.244141
001            2   0.097656
11000011       1   0.048828



           count        pct
Dia1                       
0           1089  53.173828
1            482  23.535156
11011        117   5.712891
10111        107   5.224609
01101         66   3.222656
11010         54   2.636719
010           51   2.490234
11100         28   1.367188
011           28   1.367188
              11   0.537109
000111110      7   0.341797
10010110       5   0.244141
110            2   0.097656
00001111       1   0.048828



      count        pct
Dia2                  
0      2037  99.462891
         11   0.537109



          count        pct
Ena_Vasp                  
1          1989  97.119141
011          25   1.220703
0            19   0.927734
             11   0.537109
101110        2   0.097656
010           2   0.097656



              count        pct
IRSp53_Cdc42                  
1              1044  50.976562
0               993  48.486328
                 11   0.537109



             count        pct
IRSp53_Rac1                  
0             1237  60.400391
00001          246  12.011719
011            125   6.103516
10000          117   5.712891
01010           95   4.638672
100             58   2.832031
00110           55   2.685547
10100           54   2.636719
1               35   1.708984
                11   0.537109
100001111        7   0.341797
10100101         5   0.244141
101              2   0.097656
11000011         1   0.048828



       count        pct
LIMK                   
1       1735  84.716797
0        240  11.718750
11101     55   2.685547
          11   0.537109
001        5   0.244141
010        2   0.097656



           count        pct
NET1                       
0           1067  52.099609
1            898  43.847656
100           38   1.855469
101           25   1.220703
              11   0.537109
001111000      7   0.341797
001            2   0.097656



           count        pct
PAK                        
1           1067  52.099609
0            898  43.847656
110           38   1.855469
100           25   1.220703
              11   0.537109
100001111      7   0.341797
101            2   0.097656



      count        pct
PIP2                  
0      1058  51.660156
1       979  47.802734
         11   0.537109



       count        pct
PKD                    
1       1223  59.716797
11011    246  12.011719
0        240  11.718750
11101    117   5.712891
10110     95   4.638672
00111     55   2.685547
01101     54   2.636719
          11   0.537109
100        5   0.244141
001        2   0.097656



          count        pct
Profilin                  
1          1045  51.025391
0           628  30.664062
10          166   8.105469
11101       117   5.712891
01101        54   2.636719
011          27   1.318359
             11   0.537109



       count        pct
ROCK                   
1       1223  59.716797
10111    246  12.011719
0        240  11.718750
11011    117   5.712891
01101     95   4.638672
01110     55   2.685547
11010     54   2.636719
          11   0.537109
001        5   0.244141
010        2   0.097656



           count        pct
ROS                        
0           1237  60.400391
00001        246  12.011719
011          125   6.103516
10000        117   5.712891
01010         95   4.638672
100           58   2.832031
00110         55   2.685547
10100         54   2.636719
1             35   1.708984
              11   0.537109
100001111      7   0.341797
10100101       5   0.244141
101            2   0.097656
11000011       1   0.048828



           count        pct
Rac1                       
0           1237  60.400391
00010        246  12.011719
110          125   6.103516
00001        117   5.712891
10100         95   4.638672
001           58   2.832031
01100         55   2.685547
01001         54   2.636719
1             35   1.708984
              11   0.537109
000011111      7   0.341797
01001011       5   0.244141
011            2   0.097656
10000111       1   0.048828



           count        pct
RhoA                       
1           1262  61.621094
01111        246  12.011719
10111        117   5.712891
11010         95   4.638672
010           87   4.248047
110           71   3.466797
11100         55   2.685547
10101         54   2.636719
0             35   1.708984
              11   0.537109
001111100      7   0.341797
00101101       5   0.244141
101            2   0.097656
00011110       1   0.048828



       count        pct
SSH                    
0       1735  84.716797
1        240  11.718750
00100     55   2.685547
          11   0.537109
101        5   0.244141
011        2   0.097656



          count        pct
Thymosin                  
0           851  41.552734
1           615  30.029297
10          398  19.433594
01          173   8.447266
             11   0.537109



      count        pct
WASP                  
1       814  39.746094
0       627  30.615234
10      398  19.433594
01      173   8.447266
110      25   1.220703
         11   0.537109



      count        pct
WAVE                  
0      2037  99.462891
         11   0.537109



