          count        pct
ARHGAP22                  
1          1343  65.576172
11011       280  13.671875
11010       109   5.322266
01010        86   4.199219
01110        65   3.173828
10101        56   2.734375
11001        36   1.757812
00110        33   1.611328
00010        26   1.269531
00001        11   0.537109
0             3   0.146484



            count        pct
Actin_BR                    
0            1104  53.906250
1             512  25.000000
01            194   9.472656
0110101100     86   4.199219
11110          67   3.271484
0111011110     36   1.757812
00001          29   1.416016
01011          20   0.976562



          count        pct
Actin_ST                  
1           791  38.623047
0           626  30.566406
10111       197   9.619141
01          194   9.472656
11110       189   9.228516
10001        29   1.416016
01101        20   0.976562
00001         2   0.097656



            count        pct
Arp2_3                      
0            1104  53.906250
1             512  25.000000
10            194   9.472656
1101011000     86   4.199219
11101          67   3.271484
1110111100     36   1.757812
00010          29   1.416016
10110          20   0.976562



    count        pct
CP                  
1    1042  50.878906
0    1006  49.121094



       count        pct
Cdc42                  
1       1025  50.048828
0       1023  49.951172



            count        pct
Cofilin                     
0            1561  76.220703
01            194   9.472656
11011          92   4.492188
11010          57   2.783203
10011          34   1.660156
01001          32   1.562500
1              31   1.513672
0100000001     15   0.732422
11000          14   0.683594
01000          13   0.634766
0000010000      5   0.244141



         count    pct
Coronin              
0         2048  100.0



           count        pct
Cortactin                  
0           1343  65.576172
00001        280  13.671875
01001        109   5.322266
01101         86   4.199219
01100         65   3.173828
10010         56   2.734375
10001         36   1.757812
01110         33   1.611328
01111         26   1.269531
10111         11   0.537109
1              3   0.146484



       count        pct
Dia1                   
0       1044  50.976562
1        564  27.539062
10111    188   9.179688
01011     56   2.734375
10101     52   2.539062
10011     36   1.757812
11100     31   1.513672
01001     21   1.025391
10100     18   0.878906
00100     13   0.634766
01100     11   0.537109
00011      8   0.390625
00010      6   0.292969



       count        pct
Dia2                   
1       1346  65.722656
11101    382  18.652344
11011    186   9.082031
11100     87   4.248047
10011     47   2.294922



          count        pct
Ena_Vasp                  
1          1243  60.693359
0           571  27.880859
10          234  11.425781



              count        pct
IRSp53_Cdc42                  
1              1025  50.048828
0              1023  49.951172



             count        pct
IRSp53_Rac1                  
0             1343  65.576172
00001          280  13.671875
01001          109   5.322266
01101           86   4.199219
01100           65   3.173828
10010           56   2.734375
10001           36   1.757812
01110           33   1.611328
01111           26   1.269531
10111           11   0.537109
1                3   0.146484



      count    pct
LIMK              
1      2048  100.0



      count        pct
NET1                  
0      1026  50.097656
1      1022  49.902344



     count        pct
PAK                  
1     1026  50.097656
0     1022  49.902344



      count        pct
PIP2                  
0      1042  50.878906
1      1006  49.121094



     count    pct
PKD              
0     2048  100.0



          count        pct
Profilin                  
1           988  48.242188
0           626  30.566406
10          194   9.472656
11101       189   9.228516
00011        29   1.416016
11010        20   0.976562
00010         2   0.097656



       count        pct
ROCK                   
1       1343  65.576172
10111    280  13.671875
10101    109   5.322266
10100     86   4.199219
11100     65   3.173828
01011     56   2.734375
10011     36   1.757812
01100     33   1.611328
00100     26   1.269531
00010     11   0.537109
0          3   0.146484



       count        pct
ROS                    
0       1343  65.576172
00001    280  13.671875
01001    109   5.322266
01101     86   4.199219
01100     65   3.173828
10010     56   2.734375
10001     36   1.757812
01110     33   1.611328
01111     26   1.269531
10111     11   0.537109
1          3   0.146484



       count        pct
Rac1                   
0       1343  65.576172
00010    280  13.671875
10010    109   5.322266
11010     86   4.199219
11000     65   3.173828
00101     56   2.734375
00011     36   1.757812
11100     33   1.611328
11110     26   1.269531
01111     11   0.537109
1          3   0.146484



       count        pct
RhoA                   
1       1343  65.576172
01111    280  13.671875
01011    109   5.322266
01001     86   4.199219
11001     65   3.173828
10110     56   2.734375
00111     36   1.757812
11000     33   1.611328
01000     26   1.269531
00100     11   0.537109
0          3   0.146484



     count    pct
SSH              
0     2048  100.0



          count        pct
Thymosin                  
01          689  33.642578
0           682  33.300781
1           677  33.056641



      count        pct
WASP                  
01      689  33.642578
1       682  33.300781
0       677  33.056641



       count        pct
WAVE                   
0       1343  65.576172
10001    280  13.671875
11101    131   6.396484
1        126   6.152344
11011     67   3.271484
01110     65   3.173828
11001     36   1.757812



