          count    pct
ARHGAP22              
0          1024  100.0



          count        pct
Actin_BR                  
1           754  73.632812
110         233  22.753906
0            37   3.613281



           count        pct
Actin_ST                   
0            428  41.796875
1            389  37.988281
100          170  16.601562
01111111      14   1.367188
011           12   1.171875
000001111     11   1.074219



        count        pct
Arp2_3                  
1         754  73.632812
101       233  22.753906
0          37   3.613281



     count        pct
CP                   
0      426  41.601562
1      340  33.203125
110    170  16.601562
01      88   8.593750



       count        pct
Cdc42                  
1        533  52.050781
0        491  47.949219



         count        pct
Cofilin                  
1          762  74.414062
10         162  15.820312
011         63   6.152344
0           37   3.613281



         count    pct
Coronin              
1         1024  100.0



           count        pct
Cortactin                  
1            754  73.632812
011          245  23.925781
01111000      14   1.367188
100001111     11   1.074219



           count        pct
Dia1                       
0            754  73.632812
100          170  16.601562
110           75   7.324219
11100001      14   1.367188
000111110     11   1.074219



           count        pct
Dia2                       
1            533  52.050781
101          245  23.925781
0            235  22.949219
000111110     11   1.074219



          count        pct
Ena_Vasp                  
1           913  89.160156
01           88   8.593750
0            23   2.246094



              count        pct
IRSp53_Cdc42                  
1               533  52.050781
0               491  47.949219



             count        pct
IRSp53_Rac1                  
1              754  73.632812
011            245  23.925781
01111000        14   1.367188
100001111       11   1.074219



      count    pct
LIMK              
0      1024  100.0



           count        pct
NET1                       
0            768  75.000000
010          245  23.925781
001111000     11   1.074219



           count        pct
PAK                        
1            768  75.000000
011          245  23.925781
100001111     11   1.074219



      count        pct
PIP2                  
1       514  50.195312
0       510  49.804688



     count    pct
PKD              
0     1024  100.0



           count        pct
Profilin                   
1            999  97.558594
11111110      14   1.367188
111011111     11   1.074219



      count    pct
ROCK              
0      1024  100.0



           count        pct
ROS                        
1            754  73.632812
011          245  23.925781
01111000      14   1.367188
100001111     11   1.074219



           count        pct
Rac1                       
1            754  73.632812
110          245  23.925781
11110000      14   1.367188
000011111     11   1.074219



           count        pct
RhoA                       
0            754  73.632812
011          245  23.925781
11000011      14   1.367188
001111100     11   1.074219



     count    pct
SSH              
1     1024  100.0



          count        pct
Thymosin                  
0           825  80.566406
10          162  15.820312
1            37   3.613281



      count        pct
WASP                  
1       825  80.566406
10      162  15.820312
0        37   3.613281



           count        pct
WAVE                       
1            999  97.558594
01111100      14   1.367188
110001111     11   1.074219



