          count       pct
ARHGAP22                 
0           560  54.68750
011110      184  17.96875
001         144  14.06250
010         128  12.50000
1             8   0.78125



          count        pct
Actin_BR                  
011         260  25.390625
1           249  24.316406
000010      184  17.968750
001         174  16.992188
010         128  12.500000
0            29   2.832031



          count        pct
Actin_ST                  
1           215  20.996094
0           167  16.308594
010         155  15.136719
101111      149  14.550781
001         142  13.867188
011100       97   9.472656
010110       61   5.957031
010000       21   2.050781
110011       14   1.367188
110           3   0.292969



        count        pct
Arp2_3                  
110       260  25.390625
1         249  24.316406
000100    184  17.968750
010       174  16.992188
100       128  12.500000
0          29   2.832031



        count        pct
CP                      
0         416  40.625000
000010    158  15.429688
1         135  13.183594
011       120  11.718750
001       110  10.742188
010        67   6.542969
001010     15   1.464844
10          3   0.292969



       count        pct
Cdc42                  
0        534  52.148438
1        490  47.851562



         count        pct
Cofilin                  
0          783  76.464844
010000     161  15.722656
010         80   7.812500



         count    pct
Coronin              
0         1024  100.0



           count        pct
Cortactin                  
101          260  25.390625
1            249  24.316406
001000       184  17.968750
100          174  16.992188
001          128  12.500000
0             29   2.832031



        count       pct
Dia1                   
0         560  54.68750
111100    184  17.96875
010       144  14.06250
100       128  12.50000
1           8   0.78125



        count        pct
Dia2                    
1         498  48.632812
111100    184  17.968750
010       144  14.062500
100       128  12.500000
0          70   6.835938



          count        pct
Ena_Vasp                  
1           675  65.917969
101011      128  12.500000
011110      111  10.839844
011111       47   4.589844
100          30   2.929688
10           25   2.441406
0             8   0.781250



              count        pct
IRSp53_Cdc42                  
0               534  52.148438
1               490  47.851562



             count    pct
IRSp53_Rac1              
0             1024  100.0



        count        pct
LIMK                    
1         775  75.683594
011111    184  17.968750
110        65   6.347656



        count        pct
NET1                    
0         495  48.339844
111011    184  17.968750
101       144  14.062500
011       128  12.500000
001        65   6.347656
1           8   0.781250



        count        pct
PAK                     
1         495  48.339844
001000    184  17.968750
100       144  14.062500
001       128  12.500000
101        65   6.347656
0           8   0.781250



      count        pct
PIP2                  
0       522  50.976562
1       502  49.023438



        count       pct
PKD                    
0         560  54.68750
011110    184  17.96875
001       144  14.06250
010       128  12.50000
1           8   0.78125



          count        pct
Profilin                  
1           369  36.035156
011111      319  31.152344
111100      111  10.839844
011         107  10.449219
110          67   6.542969
001          30   2.929688
0            21   2.050781



        count       pct
ROCK                   
0         560  54.68750
111100    184  17.96875
010       144  14.06250
100       128  12.50000
1           8   0.78125



        count        pct
ROS                     
101       260  25.390625
1         249  24.316406
001000    184  17.968750
100       174  16.992188
001       128  12.500000
0          29   2.832031



        count        pct
Rac1                    
011       260  25.390625
1         249  24.316406
010000    184  17.968750
001       174  16.992188
010       128  12.500000
0          29   2.832031



        count       pct
RhoA                   
0         560  54.68750
111001    184  17.96875
100       144  14.06250
001       128  12.50000
1           8   0.78125



     count    pct
SSH              
0     1024  100.0



          count        pct
Thymosin                  
0           421  41.113281
01          386  37.695312
1           209  20.410156
10            8   0.781250



        count        pct
WASP                    
1         357  34.863281
10        327  31.933594
0         209  20.410156
000101     67   6.542969
101        64   6.250000



        count        pct
WAVE                    
101       260  25.390625
1         249  24.316406
001000    184  17.968750
100       174  16.992188
001       128  12.500000
0          29   2.832031



