          count        pct
ARHGAP22                  
0           589  57.519531
011110      314  30.664062
010          94   9.179688
1            16   1.562500
             11   1.074219



          count        pct
Actin_BR                  
0           766  74.804688
010         247  24.121094
             11   1.074219



           count        pct
Actin_ST                   
0            377  36.816406
001111       314  30.664062
010          246  24.023438
000011100     52   5.078125
1             16   1.562500
              11   1.074219
110            8   0.781250



        count        pct
Arp2_3                  
0         766  74.804688
100       247  24.121094
           11   1.074219



     count        pct
CP                   
0      774  75.585938
010    239  23.339844
        11   1.074219



       count        pct
Cdc42                  
0        508  49.609375
1        505  49.316406
          11   1.074219



         count        pct
Cofilin                  
0          712  69.531250
1          271  26.464844
01          30   2.929688
            11   1.074219



         count        pct
Coronin                  
0          546  53.320312
1          391  38.183594
01          76   7.421875
            11   1.074219



           count        pct
Cortactin                  
0           1013  98.925781
              11   1.074219



           count        pct
Dia1                       
0            505  49.316406
111100       314  30.664062
100          126  12.304688
001111000     52   5.078125
1             16   1.562500
              11   1.074219



           count        pct
Dia2                       
1            521  50.878906
111100       314  30.664062
100          126  12.304688
001111000     52   5.078125
              11   1.074219



          count        pct
Ena_Vasp                  
1           521  50.878906
001111      314  30.664062
001          94   9.179688
0            84   8.203125
             11   1.074219



              count        pct
IRSp53_Cdc42                  
0               508  49.609375
1               505  49.316406
                 11   1.074219



             count        pct
IRSp53_Rac1                  
0              393  38.378906
001000         314  30.664062
001            254  24.804688
000011110       52   5.078125
                11   1.074219



        count        pct
LIMK                    
0         391  38.183594
011111    314  30.664062
1         232  22.656250
10         76   7.421875
           11   1.074219



           count        pct
NET1                       
0            505  49.316406
111011       314  30.664062
011          126  12.304688
111110000     52   5.078125
1             16   1.562500
              11   1.074219



           count        pct
PAK                        
1            505  49.316406
001000       314  30.664062
001          126  12.304688
000011110     52   5.078125
0             16   1.562500
              11   1.074219



      count        pct
PIP2                  
0       527  51.464844
1       486  47.460938
         11   1.074219



        count        pct
PKD                     
0         589  57.519531
011110    314  30.664062
010        94   9.179688
1          16   1.562500
           11   1.074219



           count        pct
Profilin                   
0            377  36.816406
011110       314  30.664062
110          254  24.804688
100111111     52   5.078125
1             16   1.562500
              11   1.074219



        count        pct
ROCK                    
0         589  57.519531
111100    314  30.664062
100        94   9.179688
1          16   1.562500
           11   1.074219



           count        pct
ROS                        
0            393  38.378906
001000       314  30.664062
001          254  24.804688
000011110     52   5.078125
              11   1.074219



           count        pct
Rac1                       
0            393  38.378906
010000       314  30.664062
010          254  24.804688
000111100     52   5.078125
              11   1.074219



           count        pct
RhoA                       
0            505  49.316406
111001       314  30.664062
001          126  12.304688
011110000     52   5.078125
1             16   1.562500
              11   1.074219



     count        pct
SSH                  
0      546  53.320312
1      391  38.183594
10      76   7.421875
        11   1.074219



          count        pct
Thymosin                  
1           712  69.531250
0           271  26.464844
01           30   2.929688
             11   1.074219



      count        pct
WASP                  
0      1013  98.925781
         11   1.074219



           count        pct
WAVE                       
0            393  38.378906
001100       314  30.664062
101          254  24.804688
000011111     52   5.078125
              11   1.074219



