          count        pct
ARHGAP22                  
0           624  60.937500
011         130  12.695312
1           107  10.449219
111110       69   6.738281
001          44   4.296875
001011       30   2.929688
101011       14   1.367188
10            6   0.585938



          count        pct
Actin_BR                  
1           507  49.511719
010         160  15.625000
0           121  11.816406
101         106  10.351562
000100       69   6.738281
010011       30   2.929688
010001       14   1.367188
011          11   1.074219
01            6   0.585938



          count    pct
Actin_ST              
0          1024  100.0



        count        pct
Arp2_3                  
1         507  49.511719
100       160  15.625000
0         121  11.816406
011       106  10.351562
001000     69   6.738281
100110     30   2.929688
100010     14   1.367188
110        11   1.074219
10          6   0.585938



        count        pct
CP                      
1         501  48.925781
0         487  47.558594
000001     29   2.832031
10          7   0.683594



       count        pct
Cdc42                  
0        519  50.683594
1        505  49.316406



         count        pct
Cofilin                  
1          480  46.875000
0          290  28.320312
01          97   9.472656
101         62   6.054688
010000      49   4.785156
010         35   3.417969
010001      11   1.074219



         count        pct
Coronin                  
1          611  59.667969
0          334  32.617188
101         44   4.296875
000101      30   2.929688
10           5   0.488281



           count        pct
Cortactin                  
1            507  49.511719
001          194  18.945312
0            121  11.816406
110           83   8.105469
010000        69   6.738281
001101        30   2.929688
000101        14   1.367188
01             6   0.585938



        count        pct
Dia1                    
0         777  75.878906
111101     69   6.738281
001        64   6.250000
110        50   4.882812
010110     30   2.929688
010111     14   1.367188
010        11   1.074219
01          6   0.585938
1           3   0.292969



        count        pct
Dia2                    
1         892  87.109375
111101     99   9.667969
010111     14   1.367188
0          13   1.269531
01          6   0.585938



          count        pct
Ena_Vasp                  
1           834  81.445312
101111       96   9.375000
011          55   5.371094
110101       27   2.636719
10            7   0.683594
010110        2   0.195312
001           2   0.195312
0             1   0.097656



              count        pct
IRSp53_Cdc42                  
0               519  50.683594
1               505  49.316406



             count        pct
IRSp53_Rac1                  
1              507  49.511719
001            158  15.429688
0              121  11.816406
110            108  10.546875
010000          69   6.738281
001101          30   2.929688
000101          14   1.367188
101             11   1.074219
01               6   0.585938



      count        pct
LIMK                  
0       619  60.449219
1       334  32.617188
010      36   3.515625
10       30   2.929688
01        5   0.488281



        count        pct
NET1                    
0         520  50.781250
011       158  15.429688
100       108  10.546875
1         108  10.546875
110111     69   6.738281
011001     30   2.929688
011101     14   1.367188
001        11   1.074219
01          6   0.585938



        count        pct
PAK                     
1         520  50.781250
001       158  15.429688
110       108  10.546875
0         108  10.546875
010000     69   6.738281
001101     30   2.929688
000101     14   1.367188
101        11   1.074219
01          6   0.585938



      count        pct
PIP2                  
1       523  51.074219
0       501  48.925781



        count        pct
PKD                     
0         624  60.937500
011       130  12.695312
1         107  10.449219
111110     69   6.738281
001        44   4.296875
001011     30   2.929688
101011     14   1.367188
10          6   0.585938



          count    pct
Profilin              
0          1024  100.0



        count        pct
ROCK                    
0         624  60.937500
110       130  12.695312
1         107  10.449219
111101     69   6.738281
010        44   4.296875
010110     30   2.929688
010111     14   1.367188
01          6   0.585938



     count    pct
ROS              
0     1024  100.0



        count        pct
Rac1                    
1         507  49.511719
010       158  15.429688
0         121  11.816406
101       108  10.546875
100000     69   6.738281
011010     30   2.929688
001010     14   1.367188
011        11   1.074219
10          6   0.585938



        count        pct
RhoA                    
0         520  50.781250
101       158  15.429688
1         108  10.546875
010       108  10.546875
111011     69   6.738281
101100     30   2.929688
101110     14   1.367188
100        11   1.074219
10          6   0.585938



        count        pct
SSH                     
1         611  59.667969
0         334  32.617188
011        44   4.296875
001010     30   2.929688
01          5   0.488281



          count        pct
Thymosin                  
0           643  62.792969
01          228  22.265625
1           153  14.941406



        count        pct
WASP                    
1         569  55.566406
0         154  15.039062
01        104  10.156250
10         91   8.886719
101        73   7.128906
000101     33   3.222656



        count        pct
WAVE                    
1         632  61.718750
101       158  15.429688
0         121  11.816406
011000     69   6.738281
101111     30   2.929688
100111     14   1.367188



