                   count        pct
Actin_BR Actin_ST                  
1        0           507  49.511719
010      0           160  15.625000
0        0           121  11.816406
101      0           106  10.351562
000100   0            69   6.738281
010011   0            30   2.929688
010001   0            14   1.367188
011      0            11   1.074219
01       0             6   0.585938



               count        pct
Rac1   RhoA                    
1      0         507  49.511719
010    101       158  15.429688
101    010       108  10.546875
0      1         108  10.546875
100000 111011     69   6.738281
011010 101100     30   2.929688
001010 101110     14   1.367188
0      0          13   1.269531
011    100        11   1.074219
10     10          6   0.585938



