          count        pct
ARHGAP22                  
1          1265  61.767578
11110       255  12.451172
10101       132   6.445312
11101        96   4.687500
11100        72   3.515625
01001        61   2.978516
01011        55   2.685547
10010        27   1.318359
00010        26   1.269531
00111        20   0.976562
11000        19   0.927734
10001        12   0.585938
0             8   0.390625



            count        pct
Actin_BR                    
0            1098  53.613281
1             663  32.373047
1011000110     96   4.687500
11101          67   3.271484
01             52   2.539062
00010          30   1.464844
1101111001     20   0.976562
10110          20   0.976562
10111           2   0.097656



          count        pct
Actin_ST                  
1           808  39.453125
0           635  31.005859
11011       265  12.939453
11110       183   8.935547
01           53   2.587891
11100        50   2.441406
00011        32   1.562500
11010        20   0.976562
00001         2   0.097656



            count        pct
Arp2_3                      
0            1098  53.613281
1             663  32.373047
0110001101     96   4.687500
11011          67   3.271484
10             52   2.539062
00100          30   1.464844
1011110011     20   0.976562
01101          20   0.976562
01111           2   0.097656



    count   pct
CP             
1    1024  50.0
0    1024  50.0



       count      pct
Cdc42                
0       1056  51.5625
1        992  48.4375



            count        pct
Cofilin                     
0            1154  56.347656
1             434  21.191406
1010000010    151   7.373047
11011          70   3.417969
01             54   2.636719
01011          51   2.490234
0100010000     32   1.562500
11001          29   1.416016
0000001010     27   1.318359
01001          22   1.074219
00011          10   0.488281
01000           8   0.390625
0100000000      6   0.292969



         count    pct
Coronin              
0         2048  100.0



           count        pct
Cortactin                  
0           1265  61.767578
01000        255  12.451172
10010        132   6.445312
10000         96   4.687500
11000         72   3.515625
10101         61   2.978516
00101         55   2.685547
01011         27   1.318359
01111         26   1.269531
00110         20   0.976562
11001         19   0.927734
10011         12   0.585938
1              8   0.390625



       count        pct
Dia1                   
0       1025  50.048828
1        563  27.490234
11101    100   4.882812
11011     96   4.687500
01011     71   3.466797
10110     55   2.685547
11100     29   1.416016
00101     27   1.318359
10100     22   1.074219
01110     20   0.976562
00100     16   0.781250
10001     12   0.585938
00011     12   0.585938



       count        pct
Dia2                   
1       1273  62.158203
11101    468  22.851562
01111    184   8.984375
11001     91   4.443359
01110     32   1.562500



          count        pct
Ena_Vasp                  
1          2046  99.902344
01            1   0.048828
0             1   0.048828



              count      pct
IRSp53_Cdc42                
0              1056  51.5625
1               992  48.4375



             count        pct
IRSp53_Rac1                  
0             1265  61.767578
01000          255  12.451172
10010          132   6.445312
10000           96   4.687500
11000           72   3.515625
10101           61   2.978516
00101           55   2.685547
01011           27   1.318359
01111           26   1.269531
00110           20   0.976562
11001           19   0.927734
10011           12   0.585938
1                8   0.390625



      count    pct
LIMK              
0      2048  100.0



      count        pct
NET1                  
1      1050  51.269531
0       998  48.730469



     count        pct
PAK                  
0     1050  51.269531
1      998  48.730469



      count   pct
PIP2             
1      1024  50.0
0      1024  50.0



       count        pct
PKD                    
1       1265  61.767578
11110    255  12.451172
10101    132   6.445312
11101     96   4.687500
11100     72   3.515625
01001     61   2.978516
01011     55   2.685547
10010     27   1.318359
00010     26   1.269531
00111     20   0.976562
11000     19   0.927734
10001     12   0.585938
0          8   0.390625



          count        pct
Profilin                  
1          1124  54.882812
0           635  31.005859
11101       183   8.935547
10           52   2.539062
00110        32   1.562500
10101        20   0.976562
00010         2   0.097656



       count        pct
ROCK                   
1       1265  61.767578
11101    255  12.451172
01011    132   6.445312
11011     96   4.687500
11001     72   3.515625
10010     61   2.978516
10110     55   2.685547
00101     27   1.318359
00100     26   1.269531
01110     20   0.976562
10001     19   0.927734
00011     12   0.585938
0          8   0.390625



       count        pct
ROS                    
0       1265  61.767578
01000    255  12.451172
10010    132   6.445312
10000     96   4.687500
11000     72   3.515625
10101     61   2.978516
00101     55   2.685547
01011     27   1.318359
01111     26   1.269531
00110     20   0.976562
11001     19   0.927734
10011     12   0.585938
1          8   0.390625



       count        pct
Rac1                   
0       1265  61.767578
10000    255  12.451172
00101    132   6.445312
00001     96   4.687500
10001     72   3.515625
01011     61   2.978516
01010     55   2.685547
10110     27   1.318359
11110     26   1.269531
01100     20   0.976562
10011     19   0.927734
00111     12   0.585938
1          8   0.390625



       count        pct
RhoA                   
1       1265  61.767578
11011    255  12.451172
10110    132   6.445312
10111     96   4.687500
10011     72   3.515625
00101     61   2.978516
01101     55   2.685547
01010     27   1.318359
01000     26   1.269531
11100     20   0.976562
00011     19   0.927734
00110     12   0.585938
0          8   0.390625



     count    pct
SSH              
0     2048  100.0



          count        pct
Thymosin                  
0           805  39.306641
1           690  33.691406
01          337  16.455078
10          216  10.546875



      count        pct
WASP                  
1       805  39.306641
0       690  33.691406
01      337  16.455078
10      216  10.546875



       count        pct
WAVE                   
0       1265  61.767578
01100    255  12.451172
11011    151   7.373047
1        122   5.957031
11000     96   4.687500
11100     72   3.515625
10111     67   3.271484
00111     20   0.976562



