                   count        pct
Actin_BR Actin_ST                  
101      1           213  20.800781
0        0           185  18.066406
101      101         181  17.675781
010      0           114  11.132812
1        1           100   9.765625
010      1            89   8.691406
0        1            53   5.175781
010      001          44   4.296875
001      0            37   3.613281
1        0             6   0.585938
0        10            2   0.195312



                 count        pct
Rac1    RhoA                     
101     0          394  38.476562
010     010        179  17.480469
0       1          177  17.285156
1       0          106  10.351562
010     0           68   6.640625
0       0           58   5.664062
001     001         37   3.613281
0111000 1100001      5   0.488281



