          count        pct
ARHGAP22                  
1           560  54.687500
11110       183  17.871094
11010       110  10.742188
11100        62   6.054688
00101        61   5.957031
00110        24   2.343750
00100        22   2.148438
0             2   0.195312



          count        pct
Actin_BR                  
1           519  50.683594
0           505  49.316406



          count       pct
Actin_ST                 
1           760  74.21875
0           264  25.78125



        count        pct
Arp2_3                  
1         519  50.683594
0         505  49.316406



    count       pct
CP                 
0     760  74.21875
1     264  25.78125



       count        pct
Cdc42                  
1        517  50.488281
0        507  49.511719



         count        pct
Cofilin                  
0          760  74.218750
01111      103  10.058594
10110       48   4.687500
10011       32   3.125000
1           31   3.027344
10100       24   2.343750
10000       16   1.562500
11000       10   0.976562



         count    pct
Coronin              
0         1024  100.0



           count        pct
Cortactin                  
0            560  54.687500
01000        183  17.871094
01001        110  10.742188
11000         62   6.054688
10110         61   5.957031
01110         24   2.343750
11110         22   2.148438
1              2   0.195312



       count        pct
Dia1                   
1        529  51.660156
0        266  25.976562
11101     80   7.812500
10101     62   6.054688
10100     37   3.613281
11100     30   2.929688
01100     14   1.367188
01000      6   0.585938



      count        pct
Dia2                  
1      1022  99.804688
0         2   0.195312



          count    pct
Ena_Vasp              
1          1024  100.0



              count        pct
IRSp53_Cdc42                  
1               517  50.488281
0               507  49.511719



             count        pct
IRSp53_Rac1                  
0              560  54.687500
01000          183  17.871094
01001          110  10.742188
11000           62   6.054688
10110           61   5.957031
01110           24   2.343750
11110           22   2.148438
1                2   0.195312



      count    pct
LIMK              
1      1024  100.0



      count        pct
NET1                  
0       519  50.683594
1       505  49.316406



     count        pct
PAK                  
1      519  50.683594
0      505  49.316406



      count        pct
PIP2                  
0       518  50.585938
1       506  49.414062



       count        pct
PKD                    
1        560  54.687500
11110    183  17.871094
11010    110  10.742188
11100     62   6.054688
00101     61   5.957031
00110     24   2.343750
00100     22   2.148438
0          2   0.195312



          count    pct
Profilin              
1          1024  100.0



       count        pct
ROCK                   
1        560  54.687500
11101    183  17.871094
10101    110  10.742188
11001     62   6.054688
01010     61   5.957031
01100     24   2.343750
01000     22   2.148438
0          2   0.195312



       count        pct
ROS                    
0        560  54.687500
01000    183  17.871094
01001    110  10.742188
11000     62   6.054688
10110     61   5.957031
01110     24   2.343750
11110     22   2.148438
1          2   0.195312



       count        pct
Rac1                   
0        560  54.687500
10000    183  17.871094
10010    110  10.742188
10001     62   6.054688
01101     61   5.957031
11100     24   2.343750
11101     22   2.148438
1          2   0.195312



       count        pct
RhoA                   
1        560  54.687500
11011    183  17.871094
01011    110  10.742188
10011     62   6.054688
10100     61   5.957031
11000     24   2.343750
10000     22   2.148438
0          2   0.195312



     count    pct
SSH              
0     1024  100.0



          count    pct
Thymosin              
0          1024  100.0



      count        pct
WASP                  
1       770  75.195312
0       254  24.804688



       count        pct
WAVE                   
0        560  54.687500
01100    183  17.871094
01111    134  13.085938
1         85   8.300781
11100     62   6.054688



