          count        pct
ARHGAP22                  
1          1376  67.187500
0           305  14.892578
11101       141   6.884766
10011       103   5.029297
01101        58   2.832031
10001        33   1.611328
             18   0.878906
010          11   0.537109
100           3   0.146484



            count        pct
Actin_BR                    
0            1064  51.953125
1             590  28.808594
01            182   8.886719
0001           96   4.687500
110            45   2.197266
1010110100     33   1.611328
001            20   0.976562
               18   0.878906



           count        pct
Actin_ST                   
0           1082  52.832031
1            446  21.777344
01           182   8.886719
01111        100   4.882812
1101          96   4.687500
110           33   1.611328
10001         33   1.611328
11000         25   1.220703
              18   0.878906
00001         16   0.781250
11111000       7   0.341797
111000000      7   0.341797
00000110       3   0.146484



            count        pct
Arp2_3                      
0            1064  51.953125
1             590  28.808594
10            182   8.886719
0010           96   4.687500
101            45   2.197266
0101101001     33   1.611328
010            20   0.976562
               18   0.878906



            count        pct
CP                          
1            1242  60.644531
0             559  27.294922
0001           96   4.687500
01             69   3.369141
1010110100     33   1.611328
110            31   1.513672
               18   0.878906



       count        pct
Cdc42                  
0       1044  50.976562
1        986  48.144531
          18   0.878906



            count        pct
Cofilin                     
0            1307  63.818359
1             524  25.585938
01            115   5.615234
1000100000     33   1.611328
01100          25   1.220703
               18   0.878906
11001          16   0.781250
10              7   0.341797
010000          3   0.146484



         count        pct
Coronin                  
0         1575  76.904297
1          305  14.892578
00001      103   5.029297
10001       33   1.611328
            18   0.878906
011         11   0.537109
110          3   0.146484



           count        pct
Cortactin                  
0           2030  99.121094
              18   0.878906



           count        pct
Dia1                       
0           1242  60.644531
1            535  26.123047
0111          96   4.687500
01            69   3.369141
00101         33   1.611328
100           31   1.513672
              18   0.878906
11000011       9   0.439453
100001111      7   0.341797
011            5   0.244141
101            2   0.097656
01011010       1   0.048828



           count        pct
Dia2                       
1           1678  81.933594
11110        199   9.716797
10011        103   5.029297
00111         33   1.611328
              18   0.878906
11110011       9   0.439453
111001111      7   0.341797
11011110       1   0.048828



          count        pct
Ena_Vasp                  
0          2030  99.121094
             18   0.878906



              count        pct
IRSp53_Cdc42                  
0              1044  50.976562
1               986  48.144531
                 18   0.878906



             count        pct
IRSp53_Rac1                  
0             1402  68.457031
1              204   9.960938
10000          141   6.884766
00011          103   5.029297
10100           58   2.832031
011             47   2.294922
10011           33   1.611328
100             20   0.976562
                18   0.878906
11110000         9   0.439453
111000011        7   0.341797
110              5   0.244141
10010110         1   0.048828



       count        pct
LIMK                   
1       1575  76.904297
0        305  14.892578
11110    103   5.029297
01110     33   1.611328
          18   0.878906
100       11   0.537109
001        3   0.146484



           count        pct
NET1                       
0            994  48.535156
1            957  46.728516
010           47   2.294922
101           20   0.976562
              18   0.878906
000011110      7   0.341797
100            5   0.244141



           count        pct
PAK                        
1            994  48.535156
0            957  46.728516
011           47   2.294922
100           20   0.976562
              18   0.878906
111000011      7   0.341797
110            5   0.244141



      count        pct
PIP2                  
1      1051  51.318359
0       979  47.802734
         18   0.878906



       count        pct
PKD                    
1       1376  67.187500
0        305  14.892578
11101    141   6.884766
10011    103   5.029297
01101     58   2.832031
10001     33   1.611328
          18   0.878906
010       11   0.537109
100        3   0.146484



           count        pct
Profilin                   
1           1067  52.099609
0            613  29.931641
10           182   8.886719
1011          96   4.687500
11011         33   1.611328
011           22   1.074219
              18   0.878906
11111101       7   0.341797
110000001      7   0.341797
00011000       2   0.097656
00101101       1   0.048828



       count        pct
ROCK                   
1       1376  67.187500
0        305  14.892578
11011    141   6.884766
00111    103   5.029297
11010     58   2.832031
00011     33   1.611328
          18   0.878906
100       11   0.537109
001        3   0.146484



           count        pct
ROS                        
0           1402  68.457031
1            204   9.960938
10000        141   6.884766
00011        103   5.029297
10100         58   2.832031
011           47   2.294922
10011         33   1.611328
100           20   0.976562
              18   0.878906
11110000       9   0.439453
111000011      7   0.341797
110            5   0.244141
10010110       1   0.048828



           count        pct
Rac1                       
0           1402  68.457031
1            204   9.960938
00001        141   6.884766
00110        103   5.029297
01001         58   2.832031
110           47   2.294922
00111         33   1.611328
001           20   0.976562
              18   0.878906
11100001       9   0.439453
110000111      7   0.341797
101            5   0.244141
00101101       1   0.048828



           count        pct
RhoA                       
1           1422  69.433594
0            204   9.960938
10111        141   6.884766
01110        103   5.029297
10101         58   2.832031
011           47   2.294922
00110         33   1.611328
              18   0.878906
10000111       9   0.439453
000011111      7   0.341797
110            5   0.244141
10110100       1   0.048828



       count        pct
SSH                    
0       1575  76.904297
1        305  14.892578
00010    103   5.029297
00011     33   1.611328
          18   0.878906
110       11   0.537109
101        3   0.146484



          count        pct
Thymosin                  
0           853  41.650391
1           601  29.345703
10          475  23.193359
01          101   4.931641
             18   0.878906



      count        pct
WASP                  
1       795  38.818359
0       625  30.517578
10      475  23.193359
01      101   4.931641
100      20   0.976562
         18   0.878906
110      14   0.683594



           count        pct
WAVE                       
0           1402  68.457031
1            256  12.500000
11000        141   6.884766
10011        103   5.029297
11011         91   4.443359
110           20   0.976562
              18   0.878906
11111000       9   0.439453
111100011      7   0.341797
11011111       1   0.048828



