          count        pct
ARHGAP22                  
1           522  50.976562
0           191  18.652344
10111       119  11.621094
10110        54   5.273438
00011        48   4.687500
01110        43   4.199219
11010        22   2.148438
00111        11   1.074219
100           8   0.781250
010           6   0.585938



            count        pct
Actin_BR                    
0             434  42.382812
1             374  36.523438
01             63   6.152344
101            48   4.687500
1101011101     38   3.710938
1111101111     22   2.148438
01100          15   1.464844
1101111101     11   1.074219
10111           8   0.781250
110             6   0.585938
01001           5   0.488281



          count    pct
Actin_ST              
0          1024  100.0



            count        pct
Arp2_3                      
0             434  42.382812
1             374  36.523438
10             63   6.152344
011            48   4.687500
1010111011     38   3.710938
1111011111     22   2.148438
11000          15   1.464844
1011111011     11   1.074219
01111           8   0.781250
101             6   0.585938
10010           5   0.488281



        count        pct
CP                      
0         726  70.898438
1         215  20.996094
01         50   4.882812
101        27   2.636719
010000      6   0.585938



       count        pct
Cdc42                  
1        526  51.367188
0        498  48.632812



            count        pct
Cofilin                     
0             587  57.324219
1             342  33.398438
01             50   4.882812
10011          16   1.562500
00110          12   1.171875
0001000001     11   1.074219
10              6   0.585938



         count        pct
Coronin                  
0          717  70.019531
1          191  18.652344
00011       48   4.687500
00100       43   4.199219
00010       11   1.074219
110          8   0.781250
011          6   0.585938



           count    pct
Cortactin              
0           1024  100.0



           count        pct
Dia1                       
1            450  43.945312
0            294  28.710938
01111         83   8.105469
01            50   4.882812
10101         43   4.199219
001           27   2.636719
011           21   2.050781
11100         17   1.660156
00110         16   1.562500
01110         11   1.074219
100101         6   0.585938
000111110      3   0.292969
01011010       2   0.195312
11100001       1   0.097656



           count        pct
Dia2                       
1            944  92.187500
011           48   4.687500
0             23   2.246094
101            6   0.585938
000111110      3   0.292969



          count        pct
Ena_Vasp                  
1           988  96.484375
011          27   2.636719
011101        6   0.585938
0             3   0.292969



              count        pct
IRSp53_Cdc42                  
1               526  51.367188
0               498  48.632812



             count        pct
IRSp53_Rac1                  
0              522  50.976562
1              145  14.160156
00010          119  11.621094
01010           54   5.273438
110             48   4.687500
00111           48   4.687500
01100           43   4.199219
01001           22   2.148438
00110           11   1.074219
011              6   0.585938
100001111        3   0.292969
10010110         2   0.195312
01111000         1   0.097656



       count        pct
LIMK                   
1        717  70.019531
0        191  18.652344
11100     48   4.687500
11011     43   4.199219
11101     11   1.074219
001        8   0.781250
100        6   0.585938



           count        pct
NET1                       
0            549  53.613281
1            418  40.820312
100           48   4.687500
010            6   0.585938
001111000      3   0.292969



           count        pct
PAK                        
1            549  53.613281
0            418  40.820312
110           48   4.687500
011            6   0.585938
100001111      3   0.292969



      count        pct
PIP2                  
0       522  50.976562
1       502  49.023438



       count        pct
PKD                    
1        522  50.976562
0        191  18.652344
10111    119  11.621094
10110     54   5.273438
00011     48   4.687500
01110     43   4.199219
11010     22   2.148438
00111     11   1.074219
100        8   0.781250
010        6   0.585938



          count    pct
Profilin              
0          1024  100.0



       count        pct
ROCK                   
1        522  50.976562
0        191  18.652344
01111    119  11.621094
01101     54   5.273438
00110     48   4.687500
11100     43   4.199219
10101     22   2.148438
01110     11   1.074219
001        8   0.781250
100        6   0.585938



           count        pct
ROS                        
0            522  50.976562
1            145  14.160156
00010        119  11.621094
01010         54   5.273438
110           48   4.687500
00111         48   4.687500
01100         43   4.199219
01001         22   2.148438
00110         11   1.074219
011            6   0.585938
100001111      3   0.292969
10010110       2   0.195312
01111000       1   0.097656



           count        pct
Rac1                       
0            522  50.976562
1            145  14.160156
00100        119  11.621094
10100         54   5.273438
101           48   4.687500
01110         48   4.687500
11000         43   4.199219
10010         22   2.148438
01100         11   1.074219
110            6   0.585938
000011111      3   0.292969
00101101       2   0.195312
11110000       1   0.097656



           count        pct
RhoA                       
1            522  50.976562
0            145  14.160156
11110        119  11.621094
11010         54   5.273438
110           48   4.687500
01100         48   4.687500
11001         43   4.199219
01011         22   2.148438
11100         11   1.074219
011            6   0.585938
001111100      3   0.292969
10110100       2   0.195312
11000011       1   0.097656



       count        pct
SSH                    
0        717  70.019531
1        191  18.652344
00110     48   4.687500
01000     43   4.199219
00100     11   1.074219
101        8   0.781250
110        6   0.585938



          count        pct
Thymosin                  
0           505  49.316406
1           288  28.125000
01          200  19.531250
10           31   3.027344



      count        pct
WASP                  
1       478  46.679688
0       288  28.125000
01      200  19.531250
10       31   3.027344
110      27   2.636719



           count        pct
WAVE                       
0            522  50.976562
1            199  19.433594
00011        119  11.621094
01111        102   9.960938
01110         43   4.199219
11101         22   2.148438
00111         11   1.074219
110001111      3   0.292969
11011111       2   0.195312
01111100       1   0.097656



