                     count        pct
Actin_BR   Actin_ST                  
0          0           434  42.382812
1          0           374  36.523438
01         0            63   6.152344
101        0            48   4.687500
1101011101 0            38   3.710938
1111101111 0            22   2.148438
01100      0            15   1.464844
1101111101 0            11   1.074219
10111      0             8   0.781250
110        0             6   0.585938
01001      0             5   0.488281



                     count        pct
Rac1      RhoA                       
0         1            522  50.976562
1         0            145  14.160156
00100     11110        119  11.621094
10100     11010         54   5.273438
101       110           48   4.687500
01110     01100         48   4.687500
11000     11001         43   4.199219
10010     01011         22   2.148438
01100     11100         11   1.074219
110       011            6   0.585938
000011111 001111100      3   0.292969
00101101  10110100       2   0.195312
11110000  11000011       1   0.097656



