                   count        pct
Actin_BR Actin_ST                  
0        0           521  50.878906
010      0           202  19.726562
         100         123  12.011719
         011          95   9.277344
101      100          44   4.296875
         0            26   2.539062
         1             6   0.585938
1        0             6   0.585938
         1             1   0.097656



           count        pct
Rac1 RhoA                  
0    0       521  50.878906
010  0       420  41.015625
101  0        76   7.421875
1    0         7   0.683594



