          count    pct
ARHGAP22              
0          1024  100.0



          count        pct
Actin_BR                  
011         423  41.308594
100         212  20.703125
010         158  15.429688
1           156  15.234375
0            75   7.324219



          count        pct
Actin_ST                  
1           491  47.949219
011         178  17.382812
010011      158  15.429688
0           102   9.960938
001          95   9.277344



        count        pct
Arp2_3                  
110       423  41.308594
001       212  20.703125
100       158  15.429688
1         156  15.234375
0          75   7.324219



        count        pct
CP                      
1         514  50.195312
0         406  39.648438
010000     46   4.492188
10         40   3.906250
010        18   1.757812



       count    pct
Cdc42              
0       1024  100.0



         count        pct
Cofilin                  
1          358  34.960938
110        299  29.199219
0          196  19.140625
010000     112  10.937500
01          40   3.906250
100         19   1.855469



         count        pct
Coronin                  
1          706  68.945312
0          318  31.054688



           count        pct
Cortactin                  
101          423  41.308594
010          212  20.703125
001          158  15.429688
1            156  15.234375
0             75   7.324219



      count        pct
Dia1                  
0       861  84.082031
001     117  11.425781
100      46   4.492188



      count        pct
Dia2                  
011     635  62.011719
1       231  22.558594
101     158  15.429688



          count        pct
Ena_Vasp                  
1           714  69.726562
101011      158  15.429688
011          64   6.250000
10           40   3.906250
001          30   2.929688
0            18   1.757812



              count    pct
IRSp53_Cdc42              
0              1024  100.0



             count        pct
IRSp53_Rac1                  
101            423  41.308594
010            212  20.703125
001            158  15.429688
1              156  15.234375
0               75   7.324219



      count        pct
LIMK                  
0       706  68.945312
1       318  31.054688



      count        pct
NET1                  
001     423  41.308594
110     212  20.703125
011     158  15.429688
0       156  15.234375
1        75   7.324219



     count        pct
PAK                  
101    423  41.308594
010    212  20.703125
001    158  15.429688
1      156  15.234375
0       75   7.324219



      count        pct
PIP2                  
1       519  50.683594
0       505  49.316406



     count        pct
PKD                  
0      706  68.945312
010    252  24.609375
1       66   6.445312



          count        pct
Profilin                  
1           669  65.332031
110         158  15.429688
011          95   9.277344
0            84   8.203125
010          18   1.757812



      count        pct
ROCK                  
0       706  68.945312
100     252  24.609375
1        66   6.445312



     count        pct
ROS                  
101    423  41.308594
010    212  20.703125
001    158  15.429688
1      156  15.234375
0       75   7.324219



      count        pct
Rac1                  
011     423  41.308594
100     212  20.703125
010     158  15.429688
1       156  15.234375
0        75   7.324219



      count        pct
RhoA                  
0       579  56.542969
010     212  20.703125
001     158  15.429688
1        75   7.324219



     count        pct
SSH                  
1      706  68.945312
0      318  31.054688



          count        pct
Thymosin                  
0           721  70.410156
01          198  19.335938
1           105  10.253906



        count        pct
WASP                    
1         629  61.425781
0         114  11.132812
000101    112  10.937500
110        83   8.105469
10         46   4.492188
01         40   3.906250



      count        pct
WAVE                  
1       579  56.542969
011     212  20.703125
101     158  15.429688
0        75   7.324219



