          count        pct
ARHGAP22                  
1           698  68.164062
10111        67   6.542969
01011        47   4.589844
11101        46   4.492188
00101        41   4.003906
10011        35   3.417969
10101        24   2.343750
10001        23   2.246094
10000        20   1.953125
01110        13   1.269531
00100         8   0.781250
0             2   0.195312



            count        pct
Actin_BR                    
0             583  56.933594
1             231  22.558594
0100           61   5.957031
1011000110     46   4.492188
01             36   3.515625
11110          31   3.027344
1001110111     13   1.269531
01001          12   1.171875
00001          11   1.074219



            count        pct
Actin_ST                    
1             675  65.917969
0             139  13.574219
01             97   9.472656
1111111110     90   8.789062
11101          23   2.246094



            count        pct
Arp2_3                      
0             583  56.933594
1             231  22.558594
1000           61   5.957031
0110001101     46   4.492188
10             36   3.515625
11101          31   3.027344
0011101111     13   1.269531
10010          12   1.171875
00010          11   1.074219



      count        pct
CP                    
0       788  76.953125
1       139  13.574219
0100     61   5.957031
01       36   3.515625



       count        pct
Cdc42                  
0        530  51.757812
1        494  48.242188



         count    pct
Cofilin              
0         1024  100.0



         count    pct
Coronin              
0         1024  100.0



           count        pct
Cortactin                  
0            698  68.164062
00010         67   6.542969
00101         47   4.589844
10000         46   4.492188
10110         41   4.003906
00011         35   3.417969
10010         24   2.343750
10011         23   2.246094
11011         20   1.953125
01100         13   1.269531
11110          8   0.781250
1              2   0.195312



       count        pct
Dia1                   
1        585  57.128906
0        140  13.671875
1101      61   5.957031
11011     46   4.492188
01111     37   3.613281
01        36   3.515625
10110     27   2.636719
01011     24   2.343750
00111     17   1.660156
00011     14   1.367188
11100     13   1.269531
10100     12   1.171875
01010      7   0.683594
00001      3   0.292969
01000      2   0.195312



      count        pct
Dia2                  
1      1023  99.902344
0         1   0.097656



          count    pct
Ena_Vasp              
1          1024  100.0



              count        pct
IRSp53_Cdc42                  
0               530  51.757812
1               494  48.242188



             count        pct
IRSp53_Rac1                  
0              698  68.164062
00010           67   6.542969
00101           47   4.589844
10000           46   4.492188
10110           41   4.003906
00011           35   3.417969
10010           24   2.343750
10011           23   2.246094
11011           20   1.953125
01100           13   1.269531
11110            8   0.781250
1                2   0.195312



       count        pct
LIMK                   
1        882  86.132812
11110     52   5.078125
11011     37   3.613281
01110     23   2.246094
00110     20   1.953125
10001      8   0.781250
0          2   0.195312



      count        pct
NET1                  
1       529  51.660156
0       495  48.339844



     count        pct
PAK                  
0      529  51.660156
1      495  48.339844



      count        pct
PIP2                  
0       553  54.003906
1       471  45.996094



       count        pct
PKD                    
1        698  68.164062
10111     67   6.542969
01011     47   4.589844
11101     46   4.492188
00101     41   4.003906
10011     35   3.417969
10101     24   2.343750
10001     23   2.246094
10000     20   1.953125
01110     13   1.269531
00100      8   0.781250
0          2   0.195312



            count        pct
Profilin                    
1             814  79.492188
1111111101     90   8.789062
1110           61   5.957031
10             36   3.515625
11011          23   2.246094



       count        pct
ROCK                   
1        698  68.164062
01111     67   6.542969
10110     47   4.589844
11011     46   4.492188
01010     41   4.003906
00111     35   3.417969
01011     24   2.343750
00011     23   2.246094
00001     20   1.953125
11100     13   1.269531
01000      8   0.781250
0          2   0.195312



       count        pct
ROS                    
0        698  68.164062
00010     67   6.542969
00101     47   4.589844
10000     46   4.492188
10110     41   4.003906
00011     35   3.417969
10010     24   2.343750
10011     23   2.246094
11011     20   1.953125
01100     13   1.269531
11110      8   0.781250
1          2   0.195312



       count        pct
Rac1                   
0        698  68.164062
00100     67   6.542969
01010     47   4.589844
00001     46   4.492188
01101     41   4.003906
00110     35   3.417969
00101     24   2.343750
00111     23   2.246094
10111     20   1.953125
11000     13   1.269531
11101      8   0.781250
1          2   0.195312



       count        pct
RhoA                   
1        698  68.164062
11110     67   6.542969
01101     47   4.589844
10111     46   4.492188
10100     41   4.003906
01110     35   3.417969
10110     24   2.343750
00110     23   2.246094
00010     20   1.953125
11001     13   1.269531
10000      8   0.781250
0          2   0.195312



       count        pct
SSH                    
0        882  86.132812
00010     52   5.078125
01000     37   3.613281
00011     23   2.246094
10011     20   1.953125
11100      8   0.781250
1          2   0.195312



          count        pct
Thymosin                  
1           369  36.035156
01          364  35.546875
0           291  28.417969



      count        pct
WASP                  
0       369  36.035156
01      364  35.546875
1       291  28.417969



       count        pct
WAVE                   
0        698  68.164062
1         71   6.933594
00011     67   6.542969
10111     63   6.152344
11000     46   4.492188
10011     35   3.417969
11011     31   3.027344
01110     13   1.269531



