                       count        pct
Actin_BR   Actin_ST                    
0          1             583  56.933594
1          0             139  13.574219
           1              92   8.984375
0100       01             61   5.957031
1011000110 1111111110     46   4.492188
01         01             36   3.515625
11110      1111111110     31   3.027344
1001110111 1111111110     13   1.269531
01001      11101          12   1.171875
00001      11101          11   1.074219



             count        pct
Rac1  RhoA                   
0     1        698  68.164062
00100 11110     67   6.542969
01010 01101     47   4.589844
00001 10111     46   4.492188
01101 10100     41   4.003906
00110 01110     35   3.417969
00101 10110     24   2.343750
00111 00110     23   2.246094
10111 00010     20   1.953125
11000 11001     13   1.269531
11101 10000      8   0.781250
1     0          2   0.195312



