          count        pct
ARHGAP22                  
0           846  82.617188
1           178  17.382812



          count        pct
Actin_BR                  
1           487  47.558594
0           274  26.757812
010         196  19.140625
110          67   6.542969



          count        pct
Actin_ST                  
0           409  39.941406
1           399  38.964844
100         131  12.792969
01           85   8.300781



        count        pct
Arp2_3                  
1         487  47.558594
0         274  26.757812
100       196  19.140625
101        67   6.542969



     count        pct
CP                   
0      628  61.328125
1      263  25.683594
001     90   8.789062
110     41   4.003906
10       2   0.195312



       count        pct
Cdc42                  
1        526  51.367188
0        498  48.632812



         count        pct
Cofilin                  
1          653  63.769531
0          148  14.453125
011        132  12.890625
10          91   8.886719



         count        pct
Coronin                  
1          816  79.687500
01         143  13.964844
0           65   6.347656



           count        pct
Cortactin                  
1            487  47.558594
0            274  26.757812
001          196  19.140625
011           67   6.542969



      count    pct
Dia1              
0      1024  100.0



      count        pct
Dia2                  
1       752  73.437500
100     196  19.140625
0        76   7.421875



          count        pct
Ena_Vasp                  
1           744  72.656250
0           127  12.402344
011          90   8.789062
10           63   6.152344



              count        pct
IRSp53_Cdc42                  
1               526  51.367188
0               498  48.632812



             count        pct
IRSp53_Rac1                  
1              487  47.558594
0              274  26.757812
001            196  19.140625
011             67   6.542969



      count        pct
LIMK                  
0       816  79.687500
10      143  13.964844
1        65   6.347656



      count        pct
NET1                  
0       535  52.246094
1       226  22.070312
011     196  19.140625
010      67   6.542969



     count        pct
PAK                  
1      535  52.246094
0      226  22.070312
001    196  19.140625
011     67   6.542969



      count        pct
PIP2                  
0       524  51.171875
1       500  48.828125



     count    pct
PKD              
0     1024  100.0



          count        pct
Profilin                  
1           705  68.847656
0           144  14.062500
011          90   8.789062
10           85   8.300781



      count        pct
ROCK                  
0       846  82.617188
1       178  17.382812



     count        pct
ROS                  
1      487  47.558594
0      274  26.757812
001    196  19.140625
011     67   6.542969



      count        pct
Rac1                  
1       487  47.558594
0       274  26.757812
010     196  19.140625
110      67   6.542969



      count        pct
RhoA                  
0       602  58.789062
1       226  22.070312
001     196  19.140625



     count        pct
SSH                  
1      816  79.687500
10     143  13.964844
0       65   6.347656



          count        pct
Thymosin                  
0           810  79.101562
01          154  15.039062
1            60   5.859375



      count        pct
WASP                  
1       701  68.457031
0       144  14.062500
110      90   8.789062
01       89   8.691406



      count        pct
WAVE                  
1       554  54.101562
0       274  26.757812
101     196  19.140625



