                   count        pct
Actin_BR Actin_ST                  
1        0           265  25.878906
         1           222  21.679688
0        0           144  14.062500
010      1           106  10.351562
         100          90   8.789062
0        01           85   8.300781
         1            45   4.394531
110      100          41   4.003906
         1            26   2.539062



           count        pct
Rac1 RhoA                  
1    0       487  47.558594
0    1       226  22.070312
010  001     196  19.140625
110  0        67   6.542969
0    0        48   4.687500



