                       count        pct
Actin_BR   Actin_ST                    
0          1             279  27.246094
1          0             184  17.968750
           1             104  10.156250
0100       01             64   6.250000
0100101000 1111110111     58   5.664062
011        1              52   5.078125
00001      1111110111     48   4.687500
10010      1111110111     40   3.906250
01001      1              39   3.808594
00100      1              38   3.710938
10010      1101110110     33   3.222656
00100      11011          30   2.929688
011        010            24   2.343750
001        011            12   1.171875
           010             7   0.683594
01001      00101           3   0.292969
           11011           3   0.292969
0          11001111        3   0.292969
                           2   0.195312
0          00111000        1   0.097656



                   count        pct
Rac1     RhoA                      
0        1           376  36.718750
10100    11010       188  18.359375
00001    10111       151  14.746094
01000    11101       106  10.351562
011      001          76   7.421875
1        0            66   6.445312
01110    01100        19   1.855469
001      101          19   1.855469
01100    11100        17   1.660156
00011110 01111000      4   0.390625
                       2   0.195312



