                                         count        pct
cycle_Actin_BR_norm cycle_Actin_ST_norm                  
0                   0                      453  44.238281
0100                0100                   279  27.246094
                    0011                   134  13.085938
010                 011000                  32   3.125000
1                   0                       31   3.027344
10                  10                      30   2.929688
011                 0                       25   2.441406
00101101101         00100001101             25   2.441406
1101                0                       13   1.269531
0110                10                       2   0.195312



