                                         count        pct
cycle_Actin_BR_norm cycle_Actin_ST_norm                  
0                   0                      276  26.953125
1                   1                      244  23.828125
0                   1                      146  14.257812
1                   1110                   139  13.574219
1110                1110                    67   6.542969
1100                1110                    25   2.441406
10                  10                      25   2.441406
0001                1110                    24   2.343750
01                  01                      19   1.855469
                    1110                    15   1.464844
10                  1110                    13   1.269531
1100                0001                     9   0.878906
1                   10                       9   0.878906
0001                0001                     9   0.878906
1110                0001                     4   0.390625



