          count    pct
ARHGAP22              
0          2048  100.0



          count        pct
Actin_BR                  
1          1452  70.898438
110         260  12.695312
001         215  10.498047
0           121   5.908203



          count    pct
Actin_ST              
0          2048  100.0



        count        pct
Arp2_3                  
1        1452  70.898438
101       260  12.695312
010       215  10.498047
0         121   5.908203



    count        pct
CP                  
1    1030  50.292969
0     861  42.041016
01    157   7.666016



       count        pct
Cdc42                  
1       1065  52.001953
0        983  47.998047



         count        pct
Cofilin                  
1         1313  64.111328
10         458  22.363281
0          142   6.933594
101        135   6.591797



         count        pct
Coronin                  
1         1933  94.384766
0           64   3.125000
01          51   2.490234



           count        pct
Cortactin                  
1           1452  70.898438
011          260  12.695312
100          215  10.498047
0            121   5.908203



      count        pct
Dia1                  
0      1913  93.408203
011     135   6.591797



      count    pct
Dia2              
1      2048  100.0



          count        pct
Ena_Vasp                  
1          1537  75.048828
011         215  10.498047
01          157   7.666016
0           139   6.787109



              count        pct
IRSp53_Cdc42                  
1              1065  52.001953
0               983  47.998047



             count        pct
IRSp53_Rac1                  
1             1452  70.898438
011            260  12.695312
100            215  10.498047
0              121   5.908203



      count        pct
LIMK                  
0      2034  99.316406
01       11   0.537109
1         3   0.146484



      count        pct
NET1                  
0      1466  71.582031
010     260  12.695312
101     215  10.498047
1       107   5.224609



     count        pct
PAK                  
1     1466  71.582031
011    260  12.695312
100    215  10.498047
0      107   5.224609



      count        pct
PIP2                  
1      1050  51.269531
0       998  48.730469



     count    pct
PKD              
0     2048  100.0



          count    pct
Profilin              
0          2048  100.0



      count    pct
ROCK              
0      2048  100.0



     count        pct
ROS                  
1     1452  70.898438
011    260  12.695312
100    215  10.498047
0      121   5.908203



      count        pct
Rac1                  
1      1452  70.898438
110     260  12.695312
001     215  10.498047
0       121   5.908203



      count        pct
RhoA                  
0      1452  70.898438
1       336  16.406250
011     260  12.695312



     count        pct
SSH                  
1     1933  94.384766
0       64   3.125000
10      51   2.490234



          count        pct
Thymosin                  
0          1448  70.703125
10          458  22.363281
1           142   6.933594



      count        pct
WASP                  
1      1227  59.912109
10      418  20.410156
110     215  10.498047
0       188   9.179688



      count        pct
WAVE                  
1      1712  83.593750
110     215  10.498047
0       121   5.908203



