          count        pct
ARHGAP22                  
0           669  65.332031
100         122  11.914062
1           111  10.839844
011110       82   8.007812
010          40   3.906250



          count        pct
Actin_BR                  
1           258  25.195312
110         213  20.800781
001         185  18.066406
0           150  14.648438
010          94   9.179688
000010       82   8.007812
011          42   4.101562



          count        pct
Actin_ST                  
1           531  51.855469
0           180  17.578125
100         111  10.839844
011010       62   6.054688
111011       60   5.859375
001111       41   4.003906
110          13   1.269531
000110       13   1.269531
101           9   0.878906
10            4   0.390625



        count        pct
Arp2_3                  
1         258  25.195312
101       213  20.800781
010       185  18.066406
0         150  14.648438
100        94   9.179688
000100     82   8.007812
110        42   4.101562



        count        pct
CP                      
1         518  50.585938
0         398  38.867188
010000     62   6.054688
000101     23   2.246094
001        19   1.855469
101         2   0.195312
10          2   0.195312



       count        pct
Cdc42                  
1        513  50.097656
0        511  49.902344



         count    pct
Cofilin              
0         1024  100.0



         count        pct
Coronin                  
1          639  62.402344
0          375  36.621094
10          10   0.976562



           count        pct
Cortactin                  
1            258  25.195312
011          213  20.800781
100          185  18.066406
0            150  14.648438
001           94   9.179688
001000        82   8.007812
101           42   4.101562



        count        pct
Dia1                    
0         817  79.785156
111100     82   8.007812
100        62   6.054688
010        57   5.566406
1           6   0.585938



        count        pct
Dia2                    
011       485  47.363281
1         375  36.621094
111100     82   8.007812
0          33   3.222656
010        32   3.125000
100        17   1.660156



          count        pct
Ena_Vasp                  
1           727  70.996094
010          89   8.691406
10           65   6.347656
0            49   4.785156
011111       41   4.003906
011101       40   3.906250
011110       13   1.269531



              count        pct
IRSp53_Cdc42                  
1               513  50.097656
0               511  49.902344



             count        pct
IRSp53_Rac1                  
1              258  25.195312
011            213  20.800781
100            185  18.066406
0              150  14.648438
001             94   9.179688
001000          82   8.007812
101             42   4.101562



        count        pct
LIMK                    
0         639  62.402344
1         293  28.613281
011111     82   8.007812
01         10   0.976562



        count        pct
NET1                    
0         523  51.074219
110       168  16.406250
1         117  11.425781
111011     82   8.007812
100        72   7.031250
011        62   6.054688



        count        pct
PAK                     
1         523  51.074219
010       168  16.406250
0         117  11.425781
001000     82   8.007812
110        72   7.031250
001        62   6.054688



      count        pct
PIP2                  
0       518  50.585938
1       506  49.414062



        count        pct
PKD                     
0         669  65.332031
100       122  11.914062
1         111  10.839844
011110     82   8.007812
010        40   3.906250



          count        pct
Profilin                  
1           572  55.859375
0           161  15.722656
011         120  11.718750
110          75   7.324219
011110       41   4.003906
011111       19   1.855469
001          19   1.855469
001100       13   1.269531
01            4   0.390625



        count        pct
ROCK                    
0         669  65.332031
001       122  11.914062
1         111  10.839844
111100     82   8.007812
100        40   3.906250



        count        pct
ROS                     
1         258  25.195312
011       213  20.800781
100       185  18.066406
0         150  14.648438
001        94   9.179688
001000     82   8.007812
101        42   4.101562



        count        pct
Rac1                    
1         258  25.195312
110       213  20.800781
001       185  18.066406
0         150  14.648438
010        94   9.179688
010000     82   8.007812
011        42   4.101562



        count        pct
RhoA                    
0         595  58.105469
010       168  16.406250
1         117  11.425781
111001     82   8.007812
001        62   6.054688



     count        pct
SSH                  
1      639  62.402344
0      375  36.621094
01      10   0.976562



          count        pct
Thymosin                  
10          348  33.984375
0           312  30.468750
1           311  30.371094
01           53   5.175781



      count        pct
WASP                  
10      348  33.984375
1       312  30.468750
0       311  30.371094
01       53   5.175781



        count        pct
WAVE                    
1         513  50.097656
110       185  18.066406
0         150  14.648438
101        94   9.179688
001100     82   8.007812



