                    count        pct
Actin_BR Actin_ST                   
0        1            892  87.109375
011      010           61   5.957031
1        0             33   3.222656
011      1             22   2.148438
1        1             10   0.976562
0        111100000      4   0.390625
100      110111         1   0.097656
0        101            1   0.097656



                     count        pct
Rac1      RhoA                       
0         1            892  87.109375
011       101           84   8.203125
1         0             43   4.199219
111100001 110000111      4   0.390625
110       011            1   0.097656



