                     count        pct
Actin_BR Actin_ST                    
0        1             272  26.562500
         1111111101    196  19.140625
         11100         195  19.042969
         11110         101   9.863281
         1100111011     79   7.714844
         10010          56   5.468750
         0101101001     27   2.636719
         00001110       25   2.441406
         01011          23   2.246094
         00100101       17   1.660156
         11101111       14   1.367188
         00001111       12   1.171875
         00101101        7   0.683594



                   count        pct
Rac1     RhoA                      
00010    01111       675  65.917969
10100    11010       205  20.019531
00011110 01111000     72   7.031250
00101101 10110100     53   5.175781
0        1            19   1.855469



