          count        pct
ARHGAP22                  
0           639  62.402344
111110      159  15.527344
001011       49   4.785156
101110       47   4.589844
101          42   4.101562
100          33   3.222656
110          30   2.929688
010          11   1.074219
1             9   0.878906
01            5   0.488281



          count        pct
Actin_BR                  
101         365  35.644531
1           218  21.289062
000100      159  15.527344
100         148  14.453125
010011       49   4.785156
000101       47   4.589844
0            33   3.222656
10            5   0.488281



            count        pct
Actin_ST                    
1             418  40.820312
010           189  18.457031
0             153  14.941406
011101         77   7.519531
011111         52   5.078125
110            44   4.296875
000101         31   3.027344
101            28   2.734375
100            23   2.246094
10              8   0.781250
0000011110      1   0.097656



        count        pct
Arp2_3                  
011       365  35.644531
1         218  21.289062
001000    159  15.527344
001       148  14.453125
100110     49   4.785156
001010     47   4.589844
0          33   3.222656
01          5   0.488281



        count        pct
CP                      
0         497  48.535156
011       189  18.457031
1         130  12.695312
000100     92   8.984375
010        44   4.296875
000101     26   2.539062
110100     23   2.246094
100        15   1.464844
10          8   0.781250



       count        pct
Cdc42                  
0        517  50.488281
1        507  49.511719



         count        pct
Cofilin                  
1          427  41.699219
0          271  26.464844
110        217  21.191406
100000      45   4.394531
000101      31   3.027344
010         13   1.269531
10          10   0.976562
001101      10   0.976562



         count        pct
Coronin                  
1          616  60.156250
0          303  29.589844
000101      49   4.785156
110         33   3.222656
01          12   1.171875
011         11   1.074219



            count        pct
Cortactin                   
101           332  32.421875
1             218  21.289062
010           181  17.675781
010000        159  15.527344
001101         49   4.785156
010100         47   4.589844
0              32   3.125000
10              5   0.488281
0000011111      1   0.097656



            count        pct
Dia1                        
0             527  51.464844
111101        159  15.527344
001           144  14.062500
010110         49   4.785156
011101         47   4.589844
011            42   4.101562
101            30   2.929688
100            11   1.074219
1               9   0.878906
10              5   0.488281
0001111100      1   0.097656



            count        pct
Dia2                        
1             516  50.390625
111101        159  15.527344
001           144  14.062500
010110         49   4.785156
011101         47   4.589844
011            42   4.101562
101            30   2.929688
0              20   1.953125
100            11   1.074219
10              5   0.488281
0001111100      1   0.097656



          count        pct
Ena_Vasp                  
1           754  73.632812
011111      178  17.382812
101110       37   3.613281
110          36   3.515625
111001       13   1.269531
10            5   0.488281
0             1   0.097656



              count        pct
IRSp53_Cdc42                  
0               517  50.488281
1               507  49.511719



             count    pct
IRSp53_Rac1              
0             1024  100.0



      count        pct
LIMK                  
0       616  60.156250
1       303  29.589844
10       61   5.957031
001      33   3.222656
100      11   1.074219



            count        pct
NET1                        
0             527  51.464844
110111        159  15.527344
100           144  14.062500
011001         49   4.785156
110101         47   4.589844
101            42   4.101562
110            30   2.929688
010            11   1.074219
1               9   0.878906
10              5   0.488281
0111110000      1   0.097656



            count        pct
PAK                         
1             527  51.464844
010000        159  15.527344
110           144  14.062500
001101         49   4.785156
010100         47   4.589844
100            42   4.101562
010            30   2.929688
011            11   1.074219
0               9   0.878906
10              5   0.488281
0000011111      1   0.097656



      count        pct
PIP2                  
0       518  50.585938
1       506  49.414062



        count        pct
PKD                     
0         639  62.402344
111110    159  15.527344
001011     49   4.785156
101110     47   4.589844
101        42   4.101562
100        33   3.222656
110        30   2.929688
010        11   1.074219
1           9   0.878906
01          5   0.488281



            count        pct
Profilin                    
1             835  81.542969
111110        128  12.500000
101110         34   3.320312
0              18   1.757812
01              8   0.781250
1000111111      1   0.097656



        count        pct
ROCK                    
0         639  62.402344
111101    159  15.527344
010110     49   4.785156
011101     47   4.589844
011        42   4.101562
001        33   3.222656
101        30   2.929688
100        11   1.074219
1           9   0.878906
10          5   0.488281



     count    pct
ROS              
0     1024  100.0



            count        pct
Rac1                        
101           365  35.644531
1             218  21.289062
100000        159  15.527344
100           137  13.378906
011010         49   4.785156
101000         47   4.589844
0              32   3.125000
110            11   1.074219
01              5   0.488281
0000111110      1   0.097656



            count        pct
RhoA                        
0             527  51.464844
111011        159  15.527344
010           144  14.062500
101100         49   4.785156
111010         47   4.589844
110            42   4.101562
011            30   2.929688
001            11   1.074219
1               9   0.878906
01              5   0.488281
0011111000      1   0.097656



        count        pct
SSH                     
1         616  60.156250
0         303  29.589844
001010     49   4.785156
101        33   3.222656
10         12   1.171875
110        11   1.074219



          count        pct
Thymosin                  
0           726  70.898438
10          161  15.722656
1           137  13.378906



        count        pct
WASP                    
1         681  66.503906
0         137  13.378906
01        100   9.765625
001010     46   4.492188
101        35   3.417969
10         15   1.464844
111110     10   0.976562



            count        pct
WAVE                        
110           365  35.644531
1             218  21.289062
010000        159  15.527344
010           137  13.378906
001101         49   4.785156
010100         47   4.589844
0              32   3.125000
011            11   1.074219
10              5   0.488281
0000011111      1   0.097656



