                   count        pct
Actin_BR Actin_ST                  
1        1           531  51.855469
000010   001111      137  13.378906
010      110         122  11.914062
         1            72   7.031250
011      1            69   6.738281
000010   1            38   3.710938
010      011010       31   3.027344
000010   011000       11   1.074219
0        0             8   0.781250
         1             3   0.292969
         10            2   0.195312



               count        pct
Rac1   RhoA                    
1      0         531  51.855469
010    001       225  21.972656
010000 111001    186  18.164062
011    0          69   6.738281
0      0           9   0.878906
       1           4   0.390625



