          count        pct
ARHGAP22                  
1           886  86.523438
0           115  11.230469
001          21   2.050781
010           2   0.195312



          count        pct
Actin_BR                  
0           886  86.523438
011          97   9.472656
1            39   3.808594
110           2   0.195312



          count    pct
Actin_ST              
0          1024  100.0



        count        pct
Arp2_3                  
0         886  86.523438
110        97   9.472656
1          39   3.808594
101         2   0.195312



        count        pct
CP                      
0         943  92.089844
011        58   5.664062
1          15   1.464844
10          6   0.585938
010000      2   0.195312



       count    pct
Cdc42              
0       1024  100.0



         count        pct
Cofilin                  
0          888  86.718750
1           89   8.691406
101         39   3.808594
01           6   0.585938
100010       2   0.195312



         count        pct
Coronin                  
0          886  86.523438
1          115  11.230469
101         21   2.050781
011          2   0.195312



           count        pct
Cortactin                  
0            886  86.523438
101           76   7.421875
1             39   3.808594
001           21   2.050781
010            2   0.195312



        count        pct
Dia1                    
1         886  86.523438
010        58   5.664062
011        39   3.808594
0          39   3.808594
100101      2   0.195312



      count        pct
Dia2                  
1       886  86.523438
110      97   9.472656
0        39   3.808594
101       2   0.195312



          count        pct
Ena_Vasp                  
1          1001  97.753906
110          13   1.269531
10            6   0.585938
011101        2   0.195312
0             2   0.195312



              count    pct
IRSp53_Cdc42              
0              1024  100.0



             count        pct
IRSp53_Rac1                  
0              886  86.523438
101             97   9.472656
1               39   3.808594
011              2   0.195312



      count        pct
LIMK                  
1       886  86.523438
0       115  11.230469
010      21   2.050781
100       2   0.195312



      count        pct
NET1                  
1       886  86.523438
001      97   9.472656
0        39   3.808594
010       2   0.195312



     count        pct
PAK                  
0      886  86.523438
101     97   9.472656
1       39   3.808594
011      2   0.195312



      count        pct
PIP2                  
0       516  50.390625
1       508  49.609375



     count        pct
PKD                  
1      886  86.523438
0      115  11.230469
001     21   2.050781
010      2   0.195312



          count    pct
Profilin              
0          1024  100.0



      count        pct
ROCK                  
1       886  86.523438
0       115  11.230469
010      21   2.050781
100       2   0.195312



     count        pct
ROS                  
0      886  86.523438
101     97   9.472656
1       39   3.808594
011      2   0.195312



      count        pct
Rac1                  
0       886  86.523438
011      97   9.472656
1        39   3.808594
110       2   0.195312



      count        pct
RhoA                  
1       886  86.523438
101      97   9.472656
0        39   3.808594
011       2   0.195312



     count        pct
SSH                  
0      886  86.523438
1      115  11.230469
011     21   2.050781
110      2   0.195312



          count        pct
Thymosin                  
1           486  47.460938
0           310  30.273438
10          228  22.265625



      count        pct
WASP                  
0       486  47.460938
1       297  29.003906
10      228  22.265625
101      13   1.269531



      count        pct
WAVE                  
0       886  86.523438
1       138  13.476562



