          count        pct
ARHGAP22                  
0           815  39.794922
1           789  38.525391
            444  21.679688



               count        pct
Actin_BR                       
0               1071  52.294922
                 444  21.679688
110              329  16.064453
001              162   7.910156
0100010010010     34   1.660156
1                  8   0.390625



               count        pct
Actin_ST                       
0               1169  57.080078
                 444  21.679688
101              302  14.746094
001               95   4.638672
0111010010011     34   1.660156
1                  4   0.195312



               count        pct
Arp2_3                         
0               1071  52.294922
                 444  21.679688
101              329  16.064453
010              162   7.910156
1000100100100     34   1.660156
1                  8   0.390625



               count        pct
CP                             
1               1015  49.560547
0                539  26.318359
                 444  21.679688
0100010010010     34   1.660156
101               16   0.781250



       count        pct
Cdc42                  
1        827  40.380859
0        777  37.939453
         444  21.679688



               count        pct
Cofilin                        
0                622  30.371094
1                511  24.951172
                 444  21.679688
101              269  13.134766
01               168   8.203125
0000010010010     34   1.660156



         count        pct
Coronin                  
1          815  39.794922
01         617  30.126953
           444  21.679688
0          172   8.398438



               count        pct
Cortactin                      
0               1071  52.294922
                 444  21.679688
011              329  16.064453
100              162   7.910156
1011011001001     34   1.660156
1                  8   0.390625



               count        pct
Dia1                           
0               1017  49.658203
                 444  21.679688
1                284  13.867188
010              269  13.134766
1101100100110     34   1.660156



               count        pct
Dia2                           
1               1189  58.056641
                 444  21.679688
011              381  18.603516
1111111101111     34   1.660156



          count        pct
Ena_Vasp                  
1           827  40.380859
0           777  37.939453
            444  21.679688



              count        pct
IRSp53_Cdc42                  
1               827  40.380859
0               777  37.939453
                444  21.679688



               count        pct
IRSp53_Rac1                    
0               1071  52.294922
                 444  21.679688
011              329  16.064453
100              162   7.910156
1011011001001     34   1.660156
1                  8   0.390625



      count        pct
LIMK                  
0       815  39.794922
10      617  30.126953
        444  21.679688
1       172   8.398438



               count        pct
NET1                           
0                830  40.527344
1                630  30.761719
                 444  21.679688
011               67   3.271484
100               43   2.099609
0010010011011     34   1.660156



               count        pct
PAK                            
1                830  40.527344
0                630  30.761719
                 444  21.679688
001               67   3.271484
110               43   2.099609
1011011001001     34   1.660156



      count        pct
PIP2                  
0      1014  49.511719
1       590  28.808594
        444  21.679688



     count        pct
PKD                  
0     1604  78.320312
       444  21.679688



               count        pct
Profilin                       
0               1072  52.343750
                 444  21.679688
011              415  20.263672
1                 83   4.052734
1110110110110     34   1.660156



      count        pct
ROCK                  
0       815  39.794922
1       789  38.525391
        444  21.679688



               count        pct
ROS                            
0               1071  52.294922
                 444  21.679688
011              329  16.064453
100              162   7.910156
1011011001001     34   1.660156
1                  8   0.390625



               count        pct
Rac1                           
0               1071  52.294922
                 444  21.679688
110              329  16.064453
001              162   7.910156
0110110010011     34   1.660156
1                  8   0.390625



               count        pct
RhoA                           
1               1138  55.566406
                 444  21.679688
010              286  13.964844
101              138   6.738281
1011011011111     34   1.660156
0                  8   0.390625



     count        pct
SSH                  
1      815  39.794922
10     617  30.126953
       444  21.679688
0      172   8.398438



               count        pct
Thymosin                       
1                622  30.371094
0                511  24.951172
                 444  21.679688
001              269  13.134766
01               168   8.203125
1111110110110     34   1.660156



      count        pct
WASP                  
0      1604  78.320312
        444  21.679688



               count        pct
WAVE                           
0               1071  52.294922
                 444  21.679688
1                337  16.455078
110              162   7.910156
1111111101101     34   1.660156



