          count        pct
ARHGAP22                  
0          2045  99.853516
              3   0.146484



          count        pct
Actin_BR                  
1           975  47.607422
011         732  35.742188
001         164   8.007812
0           102   4.980469
010          72   3.515625
              3   0.146484



          count        pct
Actin_ST                  
1          1280  62.500000
110         347  16.943359
0           167   8.154297
011         112   5.468750
010011       69   3.369141
100          47   2.294922
110111       23   1.123047
              3   0.146484



        count        pct
Arp2_3                  
1         975  47.607422
110       732  35.742188
010       164   8.007812
0         102   4.980469
100        72   3.515625
            3   0.146484



        count        pct
CP                      
1        1046  51.074219
0         751  36.669922
10        163   7.958984
000010     65   3.173828
010        20   0.976562
            3   0.146484



       count        pct
Cdc42                  
1       1046  51.074219
0        999  48.779297
           3   0.146484



         count        pct
Cofilin                  
1          736  35.937500
0          321  15.673828
011        274  13.378906
01         266  12.988281
100        241  11.767578
001000     207  10.107422
             3   0.146484



         count        pct
Coronin                  
1         1122  54.785156
0          561  27.392578
010        347  16.943359
110         12   0.585938
011          3   0.146484
             3   0.146484



           count        pct
Cortactin                  
1            975  47.607422
100          593  28.955078
011          375  18.310547
0            102   4.980469
               3   0.146484



        count        pct
Dia1                    
0        1669  81.494141
001       116   5.664062
100       112   5.468750
011        80   3.906250
101100     65   3.173828
101         3   0.146484
            3   0.146484



      count        pct
Dia2                  
1      1610  78.613281
101     435  21.240234
          3   0.146484



          count        pct
Ena_Vasp                  
1          1713  83.642578
10          163   7.958984
111011       88   4.296875
101          44   2.148438
0            32   1.562500
011101        3   0.146484
              3   0.146484
010           2   0.097656



              count        pct
IRSp53_Cdc42                  
1              1046  51.074219
0               999  48.779297
                  3   0.146484



             count        pct
IRSp53_Rac1                  
0             2045  99.853516
                 3   0.146484



      count        pct
LIMK                  
0      1122  54.785156
1       561  27.392578
101     347  16.943359
001      12   0.585938
100       3   0.146484
          3   0.146484



      count        pct
NET1                  
0      1422  69.433594
100     237  11.572266
110     136   6.640625
010      91   4.443359
1        90   4.394531
011      69   3.369141
          3   0.146484



     count        pct
PAK                  
1     1422  69.433594
110    237  11.572266
010    136   6.640625
011     91   4.443359
0       90   4.394531
001     69   3.369141
         3   0.146484



      count        pct
PIP2                  
1      1026  50.097656
0      1019  49.755859
          3   0.146484



     count        pct
PKD                  
0     1122  54.785156
010    362  17.675781
1      290  14.160156
110    271  13.232422
         3   0.146484



          count        pct
Profilin                  
1          1499  73.193359
0           167   8.154297
101         128   6.250000
110         112   5.468750
100110       69   3.369141
001          47   2.294922
101111       23   1.123047
              3   0.146484



      count        pct
ROCK                  
0      1122  54.785156
100     362  17.675781
1       290  14.160156
101     271  13.232422
          3   0.146484



     count        pct
ROS                  
1      975  47.607422
101    737  35.986328
010    162   7.910156
0      102   4.980469
001     69   3.369141
         3   0.146484



      count        pct
Rac1                  
1       975  47.607422
011     737  35.986328
100     162   7.910156
0       102   4.980469
010      69   3.369141
          3   0.146484



      count        pct
RhoA                  
0       975  47.607422
001     409  19.970703
1       307  14.990234
110     263  12.841797
011      91   4.443359
          3   0.146484



     count        pct
SSH                  
1     1122  54.785156
0      561  27.392578
100    347  16.943359
101     12   0.585938
110      3   0.146484
         3   0.146484



          count        pct
Thymosin                  
0          1294  63.183594
10          272  13.281250
01          266  12.988281
1           213  10.400391
              3   0.146484



        count        pct
WASP                    
1        1165  56.884766
01        266  12.988281
0         218  10.644531
10        203   9.912109
011       124   6.054688
000101     69   3.369141
            3   0.146484



      count        pct
WAVE                  
1       975  47.607422
101     737  35.986328
010     162   7.910156
0       102   4.980469
001      69   3.369141
          3   0.146484



