          count        pct
Actin_BR                  
1           540  52.734375
011         173  16.894531
101         116  11.328125
001         102   9.960938
101100       76   7.421875
010          13   1.269531
0             4   0.390625



          count        pct
Actin_ST                  
1           604  58.984375
101         183  17.871094
001          97   9.472656
100          61   5.957031
0            51   4.980469
10           28   2.734375



        count        pct
Arp2_3                  
1         540  52.734375
110       173  16.894531
011       116  11.328125
010       102   9.960938
011001     76   7.421875
100        13   1.269531
0           4   0.390625



    count        pct
CP                  
0     522  50.976562
1     502  49.023438



       count   pct
Cdc42             
1        512  50.0
0        512  50.0



         count        pct
Cofilin                  
1          557  54.394531
0          158  15.429688
000101     157  15.332031
10          86   8.398438
011         66   6.445312



         count        pct
Coronin                  
1          859  83.886719
010         89   8.691406
001         76   7.421875



           count        pct
Cortactin                  
1            789  77.050781
110          143  13.964844
011           89   8.691406
0              3   0.292969



      count    pct
Dia1              
0      1024  100.0



      count        pct
Dia2                  
1       543  53.027344
100     145  14.160156
101     130  12.695312
110     116  11.328125
010      89   8.691406
0         1   0.097656



          count        pct
Ena_Vasp                  
1           835  81.542969
111101      117  11.425781
011          52   5.078125
101110       13   1.269531
010           5   0.488281
0             2   0.195312



        count        pct
IRSp53                  
1         635  62.011719
101       154  15.039062
100       143  13.964844
010        89   8.691406
0           3   0.292969



      count        pct
LIMK                  
0       859  83.886719
100      89   8.691406
010      76   7.421875



     count        pct
PAK                  
1      635  62.011719
101    202  19.726562
110    117  11.425781
010     54   5.273438
001     13   1.269531
0        3   0.292969



      count        pct
PIP2                  
1       522  50.976562
0       502  49.023438



     count        pct
PKD                  
0      859  83.886719
010     89   8.691406
001     76   7.421875



          count        pct
Profilin                  
1           732  71.484375
011         116  11.328125
001          61   5.957031
0            51   4.980469
010          36   3.515625
010111       28   2.734375



      count        pct
ROCK                  
0       859  83.886719
100      89   8.691406
010      76   7.421875



      count        pct
Rac1                  
1       540  52.734375
001     145  14.160156
011     130  12.695312
101     116  11.328125
100      89   8.691406
0         4   0.390625



      count        pct
RhoA                  
0       789  77.050781
001     143  13.964844
100      89   8.691406
1         3   0.292969



     count        pct
SSH                  
1      859  83.886719
100     89   8.691406
010     76   7.421875



          count        pct
Thymosin                  
0           647  63.183594
10          291  28.417969
1            86   8.398438



      count        pct
WASP                  
1       646  63.085938
10      291  28.417969
0        87   8.496094



      count        pct
WAVE                  
1       540  52.734375
100     145  14.160156
101     130  12.695312
110     116  11.328125
010      89   8.691406
0         4   0.390625



