                   count        pct
Actin_BR Actin_ST                  
1        1           532  51.953125
101      101         116  11.328125
001      001          78   7.617188
011      101          67   6.542969
         1            64   6.250000
101100   100          48   4.687500
         10           28   2.734375
011      0            23   2.246094
         001          19   1.855469
001      0            17   1.660156
010      100          13   1.269531
1        0             8   0.781250
001      1             7   0.683594
0        0             3   0.292969
         1             1   0.097656



           count        pct
Rac1 RhoA                  
1    0       540  52.734375
001  001     143  13.964844
011  0       130  12.695312
101  0       116  11.328125
100  100      89   8.691406
0    1         3   0.292969
001  0         2   0.195312
0    0         1   0.097656



