          count    pct
ARHGAP22              
0          1024  100.0



          count        pct
Actin_BR                  
1           625  61.035156
101         230  22.460938
001          96   9.375000
010          68   6.640625
0             5   0.488281



          count        pct
Actin_ST                  
1           880  85.937500
011010       68   6.640625
101          54   5.273438
0            16   1.562500
010           6   0.585938



        count        pct
Arp2_3                  
1         625  61.035156
011       230  22.460938
010        96   9.375000
100        68   6.640625
0           5   0.488281



    count    pct
CP              
0    1024  100.0



       count        pct
Cdc42                  
0        514  50.195312
1        510  49.804688



         count        pct
Cofilin                  
1          691  67.480469
101        150  14.648438
01          76   7.421875
0           65   6.347656
010000      40   3.906250
100          2   0.195312



         count        pct
Coronin                  
1          924  90.234375
0           98   9.570312
10           2   0.195312



           count        pct
Cortactin                  
1            625  61.035156
110          230  22.460938
100           96   9.375000
001           68   6.640625
0              5   0.488281



      count        pct
Dia1                  
0       860  83.984375
010      96   9.375000
100      68   6.640625



      count        pct
Dia2                  
1       625  61.035156
110     326  31.835938
101      68   6.640625
0         5   0.488281



          count        pct
Ena_Vasp                  
1           856  83.593750
011101       68   6.640625
011          52   5.078125
10           37   3.613281
001          10   0.976562
0             1   0.097656



              count        pct
IRSp53_Cdc42                  
0               514  50.195312
1               510  49.804688



             count        pct
IRSp53_Rac1                  
1              625  61.035156
110            230  22.460938
100             96   9.375000
001             68   6.640625
0                5   0.488281



      count        pct
LIMK                  
0       924  90.234375
1        98   9.570312
01        2   0.195312



      count        pct
NET1                  
0       630  61.523438
100     230  22.460938
101      96   9.375000
011      68   6.640625



     count        pct
PAK                  
1      630  61.523438
110    230  22.460938
100     96   9.375000
001     68   6.640625



      count        pct
PIP2                  
0       513  50.097656
1       511  49.902344



     count        pct
PKD                  
0      929  90.722656
010     68   6.640625
100     27   2.636719



          count        pct
Profilin                  
1           880  85.937500
110          68   6.640625
011          60   5.859375
0            12   1.171875
010           4   0.390625



      count        pct
ROCK                  
0       929  90.722656
100      68   6.640625
001      27   2.636719



     count        pct
ROS                  
1      625  61.035156
110    230  22.460938
100     96   9.375000
001     68   6.640625
0        5   0.488281



      count        pct
Rac1                  
1       625  61.035156
101     230  22.460938
001      96   9.375000
010      68   6.640625
0         5   0.488281



      count        pct
RhoA                  
0       860  83.984375
100      96   9.375000
001      68   6.640625



     count        pct
SSH                  
1      924  90.234375
0       98   9.570312
01       2   0.195312



          count        pct
Thymosin                  
0           858  83.789062
01           77   7.519531
10           68   6.640625
1            21   2.050781



        count        pct
WASP                    
1         804  78.515625
01         77   7.519531
110        54   5.273438
000101     40   3.906250
10         28   2.734375
0          21   2.050781



      count        pct
WAVE                  
1       855  83.496094
110      96   9.375000
101      68   6.640625
0         5   0.488281



