                   count        pct
Actin_BR Actin_ST                  
1        1           618  60.351562
101      1           230  22.460938
010      011010       68   6.640625
001      101          54   5.273438
         1            32   3.125000
1        0             7   0.683594
001      010           6   0.585938
0        0             5   0.488281
001      0             4   0.390625



           count        pct
Rac1 RhoA                  
1    0       625  61.035156
101  0       230  22.460938
001  100      96   9.375000
010  001      68   6.640625
0    0         5   0.488281



