                     count        pct
cycle_Actin_BR_norm                  
1                      385  37.597656
0                      367  35.839844
10                      88   8.593750
0010                    52   5.078125
0111                    49   4.785156
1001                    39   3.808594
011                     23   2.246094
01                      18   1.757812
001000                   3   0.292969



                     count        pct
cycle_Actin_ST_norm                  
0                      424  41.406250
1                      372  36.328125
01                      97   9.472656
1001                    63   6.152344
0001                    42   4.101562
1101                    23   2.246094
100011                   3   0.292969



                   count        pct
cycle_Arp2_3_norm                  
1                    385  37.597656
0                    367  35.839844
01                    88   8.593750
0100                  52   5.078125
1110                  49   4.785156
0011                  39   3.808594
110                   23   2.246094
10                    18   1.757812
010000                 3   0.292969



               count        pct
cycle_CP_norm                  
0                523  51.074219
1                501  48.925781



                  count        pct
cycle_Cdc42_norm                  
1                   514  50.195312
0                   510  49.804688



                    count        pct
cycle_Cofilin_norm                  
0                     668  65.234375
1                     190  18.554688
10                     73   7.128906
1101                   61   5.957031
0100                   15   1.464844
01                     14   1.367188
001000                  3   0.292969



                    count        pct
cycle_Coronin_norm                  
0                     649  63.378906
1000                  219  21.386719
1                      88   8.593750
1101                   62   6.054688
01                      6   0.585938



                      count        pct
cycle_Cortactin_norm                  
0                       477  46.582031
1001                    219  21.386719
0100                    154  15.039062
1101                     62   6.054688
1                        60   5.859375
01                       24   2.343750
101                      23   2.246094
011110                    4   0.390625
10011                     1   0.097656



                 count        pct
cycle_Dia1_norm                  
0                  537  52.441406
1                  254  24.804688
0110               123  12.011719
0111                67   6.542969
1000                19   1.855469
01                  19   1.855469
111000               4   0.390625
00110                1   0.097656



                 count    pct
cycle_Dia2_norm              
0                 1024  100.0



                     count        pct
cycle_Ena_Vasp_norm                  
1                     1020  99.609375
110111                   3   0.292969
001111                   1   0.097656



                   count        pct
cycle_IRSp53_norm                  
1                    554  54.101562
0                    436  42.578125
1101                  30   2.929688
011110                 4   0.390625



                 count        pct
cycle_LIMK_norm                  
1                  649  63.378906
0111               219  21.386719
0                   88   8.593750
0010                62   6.054688
10                   6   0.585938



                count        pct
cycle_PAK_norm                  
1                 990  96.679688
1101               30   2.929688
011110              4   0.390625



                 count        pct
cycle_PIP2_norm                  
1                  523  51.074219
0                  501  48.925781



                count        pct
cycle_PKD_norm                  
1                 477  46.582031
1001              219  21.386719
1110              154  15.039062
0                  88   8.593750
1000               62   6.054688
10                 24   2.343750



                     count        pct
cycle_Profilin_norm                  
1                      573  55.957031
0                      269  26.269531
10                      93   9.082031
0011                    63   6.152344
1011                    23   2.246094
000111                   3   0.292969



                 count        pct
cycle_ROCK_norm                  
1                  477  46.582031
0011               219  21.386719
1101               154  15.039062
0                   88   8.593750
0001                62   6.054688
01                  24   2.343750



                  count        pct
cycle_ROCK__norm                  
1                   477  46.582031
1001                219  21.386719
1110                154  15.039062
0                    88   8.593750
1000                 62   6.054688
10                   24   2.343750



                 count        pct
cycle_Rac1_norm                  
0                  477  46.582031
0011               219  21.386719
1000               154  15.039062
1011                62   6.054688
1                   60   5.859375
10                  24   2.343750
011                 23   2.246094
111100               4   0.390625
00111                1   0.097656



                 count        pct
cycle_RhoA_norm                  
1                  477  46.582031
0110               249  24.316406
1011               154  15.039062
0                   60   5.859375
1000                32   3.125000
10                  24   2.343750
010                 23   2.246094
110001               4   0.390625
01100                1   0.097656



                count        pct
cycle_SSH_norm                  
0                 649  63.378906
0001              219  21.386719
1                  88   8.593750
1011               62   6.054688
10                  6   0.585938



                     count        pct
cycle_Thymosin_norm                  
0                      432  42.187500
01                     324  31.640625
1                      268  26.171875



                 count        pct
cycle_WASP_norm                  
1                  432  42.187500
01                 324  31.640625
0                  268  26.171875



                 count    pct
cycle_WAVE_norm              
0                 1024  100.0



