                       count        pct
Actin_BR   Actin_ST                    
0          0             521  25.439453
1          0             270  13.183594
           1             265  12.939453
00001      11101         118   5.761719
01         01            104   5.078125
01001      1              82   4.003906
00010      1              81   3.955078
0110001101 11101          78   3.808594
01001      1100111101     72   3.515625
1          00100          71   3.466797
0          1              63   3.076172
101        1              55   2.685547
00010      00011          55   2.685547
11110      11101          51   2.490234
1          00101          47   2.294922
1011110011 11101          41   2.001953
001        0              26   1.269531
101        0              25   1.220703
01011      01101          15   0.732422
01001      00011           4   0.195312
                           3   0.146484
1          01              1   0.048828



             count        pct
Rac1  RhoA                   
0     1        778  37.988281
10000 11011    261  12.744141
1     0        255  12.451172
00010 01111    196   9.570312
01010 01101    176   8.593750
00101 10110    123   6.005859
11000 11001    114   5.566406
101   100       80   3.906250
11001 10001     36   1.757812
001   101       26   1.269531
                 3   0.146484



