          count        pct
ARHGAP22                  
1           399  38.964844
0           335  32.714844
010         185  18.066406
100         105  10.253906



          count        pct
Actin_BR                  
0           425  41.503906
001         257  25.097656
010         185  18.066406
101         141  13.769531
1            16   1.562500



          count        pct
Actin_ST                  
0           377  36.816406
1           303  29.589844
010011      185  18.066406
001          87   8.496094
110          72   7.031250



        count        pct
Arp2_3                  
0         425  41.503906
010       257  25.097656
100       185  18.066406
011       141  13.769531
1          16   1.562500



        count        pct
CP                      
1         527  51.464844
0         428  41.796875
010000     58   5.664062
001        10   0.976562
01          1   0.097656



       count    pct
Cdc42              
0       1024  100.0



         count        pct
Cofilin                  
0          554  54.101562
1          176  17.187500
101        149  14.550781
010000     127  12.402344
010         11   1.074219
10           7   0.683594



         count        pct
Coronin                  
0          689  67.285156
1          335  32.714844



           count        pct
Cortactin                  
0            425  41.503906
100          257  25.097656
001          185  18.066406
110          141  13.769531
1             16   1.562500



      count    pct
Dia1              
0      1024  100.0



      count        pct
Dia2                  
1       441  43.066406
110     398  38.867188
101     185  18.066406



          count        pct
Ena_Vasp                  
1           727  70.996094
101011      185  18.066406
011          72   7.031250
0            19   1.855469
010          14   1.367188
01            7   0.683594



              count    pct
IRSp53_Cdc42              
0              1024  100.0



             count        pct
IRSp53_Rac1                  
0              425  41.503906
100            257  25.097656
001            185  18.066406
110            141  13.769531
1               16   1.562500



      count        pct
LIMK                  
1       689  67.285156
0       335  32.714844



      count        pct
NET1                  
1       425  41.503906
101     257  25.097656
011     185  18.066406
100     141  13.769531
0        16   1.562500



     count        pct
PAK                  
0      425  41.503906
100    257  25.097656
001    185  18.066406
110    141  13.769531
1       16   1.562500



      count        pct
PIP2                  
0       526  51.367188
1       498  48.632812



     count        pct
PKD                  
1      399  38.964844
0      335  32.714844
010    185  18.066406
100    105  10.253906



          count        pct
Profilin                  
0           377  36.816406
1           375  36.621094
110         185  18.066406
011          87   8.496094



      count        pct
ROCK                  
1       399  38.964844
0       335  32.714844
100     185  18.066406
001     105  10.253906



     count        pct
ROS                  
0      425  41.503906
100    257  25.097656
001    185  18.066406
110    141  13.769531
1       16   1.562500



      count        pct
Rac1                  
0       425  41.503906
001     257  25.097656
010     185  18.066406
101     141  13.769531
1        16   1.562500



      count        pct
RhoA                  
1       425  41.503906
100     257  25.097656
001     185  18.066406
0       157  15.332031



     count        pct
SSH                  
0      689  67.285156
1      335  32.714844



          count        pct
Thymosin                  
0           473  46.191406
01          288  28.125000
1           263  25.683594



        count        pct
WASP                    
1         374  36.523438
0         279  27.246094
000101    127  12.402344
01        103  10.058594
110        83   8.105469
10         58   5.664062



      count        pct
WAVE                  
0       425  41.503906
110     257  25.097656
101     185  18.066406
1       157  15.332031



