          count        pct
ARHGAP22                  
0           662  64.648438
1           222  21.679688
010         140  13.671875



          count        pct
Actin_BR                  
110         297  29.003906
0           251  24.511719
1           193  18.847656
100         160  15.625000
010         123  12.011719



          count        pct
Actin_ST                  
101         297  29.003906
0           244  23.828125
1           193  18.847656
001         160  15.625000
010011      123  12.011719
10            7   0.683594



        count        pct
Arp2_3                  
101       297  29.003906
0         251  24.511719
1         193  18.847656
001       160  15.625000
100       123  12.011719



    count    pct
CP              
1    1024  100.0



       count        pct
Cdc42                  
0        525  51.269531
1        499  48.730469



         count        pct
Cofilin                  
1          637  62.207031
0          250  24.414062
010000     123  12.011719
100          7   0.683594
10           7   0.683594



         count        pct
Coronin                  
1          637  62.207031
0          379  37.011719
10           8   0.781250



           count        pct
Cortactin                  
011          297  29.003906
0            251  24.511719
1            193  18.847656
010          160  15.625000
001          123  12.011719



      count    pct
Dia1              
0      1024  100.0



      count        pct
Dia2                  
1       416  40.625000
011     394  38.476562
101     123  12.011719
010      63   6.152344
0        28   2.734375



          count        pct
Ena_Vasp                  
1           810  79.101562
101011      123  12.011719
011          80   7.812500
001          10   0.976562
0             1   0.097656



              count        pct
IRSp53_Cdc42                  
0               525  51.269531
1               499  48.730469



             count    pct
IRSp53_Rac1              
0             1024  100.0



      count        pct
LIMK                  
0       637  62.207031
1       379  37.011719
01        8   0.781250



      count        pct
NET1                  
0       506  49.414062
1       223  21.777344
011     123  12.011719
101      97   9.472656
100      75   7.324219



     count        pct
PAK                  
1      506  49.414062
0      223  21.777344
001    123  12.011719
100     97   9.472656
110     75   7.324219



      count    pct
PIP2              
0      1024  100.0



     count        pct
PKD                  
0      662  64.648438
1      222  21.679688
010    140  13.671875



          count        pct
Profilin                  
1           556  54.296875
0           241  23.535156
100110      123  12.011719
011          87   8.496094
100          10   0.976562
01            7   0.683594



      count        pct
ROCK                  
0       662  64.648438
1       222  21.679688
100     140  13.671875



     count        pct
ROS                  
011    297  29.003906
0      251  24.511719
1      193  18.847656
010    160  15.625000
001    123  12.011719



      count        pct
Rac1                  
110     297  29.003906
0       251  24.511719
1       193  18.847656
100     160  15.625000
010     123  12.011719



      count        pct
RhoA                  
0       581  56.738281
1       223  21.777344
001     123  12.011719
100      97   9.472656



     count        pct
SSH                  
1      637  62.207031
0      379  37.011719
01       8   0.781250



          count        pct
Thymosin                  
0           644  62.890625
1           250  24.414062
01          123  12.011719
10            7   0.683594



        count        pct
WASP                    
1         556  54.296875
0         251  24.511719
000101    123  12.011719
110        87   8.496094
10          7   0.683594



      count        pct
WAVE                  
011     297  29.003906
0       251  24.511719
1       193  18.847656
010     160  15.625000
001     123  12.011719



