          count        pct
ARHGAP22                  
0           678  66.210938
1           113  11.035156
100         105  10.253906
011110       83   8.105469
010          45   4.394531



          count        pct
Actin_BR                  
110         298  29.101562
001         205  20.019531
1           193  18.847656
0           140  13.671875
100         105  10.253906
000010       83   8.105469



          count        pct
Actin_ST                  
1           495  48.339844
110         149  14.550781
0           145  14.160156
100110      105  10.253906
001          75   7.324219
001111       38   3.710938
000010       13   1.269531
10            4   0.390625



        count        pct
Arp2_3                  
101       298  29.101562
010       205  20.019531
1         193  18.847656
0         140  13.671875
001       105  10.253906
000100     83   8.105469



        count        pct
CP                      
1         516  50.390625
0         454  44.335938
000100     38   3.710938
010        13   1.269531
10          3   0.292969



       count        pct
Cdc42                  
0        515  50.292969
1        509  49.707031



         count        pct
Cofilin                  
1          409  39.941406
0          297  29.003906
110        239  23.339844
010000      67   6.542969
10          10   0.976562
100          2   0.195312



         count        pct
Coronin                  
1          654  63.867188
0          356  34.765625
10          14   1.367188



           count        pct
Cortactin                  
011          298  29.101562
100          205  20.019531
1            193  18.847656
0            140  13.671875
010          105  10.253906
001000        83   8.105469



        count        pct
Dia1                    
0         820  80.078125
111100     83   8.105469
010        78   7.617188
001        38   3.710938
1           5   0.488281



        count        pct
Dia2                    
011       517  50.488281
1         307  29.980469
010        91   8.886719
111100     83   8.105469
0          26   2.539062



          count        pct
Ena_Vasp                  
1           817  79.785156
010111      105  10.253906
101111       38   3.710938
011          31   3.027344
001          16   1.562500
001111       13   1.269531
10            3   0.292969
0             1   0.097656



              count        pct
IRSp53_Cdc42                  
0               515  50.292969
1               509  49.707031



             count    pct
IRSp53_Rac1              
0             1024  100.0



        count        pct
LIMK                    
0         654  63.867188
1         273  26.660156
011111     83   8.105469
01         14   1.367188



        count        pct
NET1                    
0         521  50.878906
101       114  11.132812
1         114  11.132812
110       105  10.253906
100        87   8.496094
111011     83   8.105469



        count        pct
PAK                     
1         521  50.878906
100       114  11.132812
0         114  11.132812
010       105  10.253906
110        87   8.496094
001000     83   8.105469



      count        pct
PIP2                  
0       516  50.390625
1       508  49.609375



        count        pct
PKD                     
0         678  66.210938
1         113  11.035156
100       105  10.253906
011110     83   8.105469
010        45   4.394531



          count        pct
Profilin                  
1           684  66.796875
0           144  14.062500
100110       67   6.542969
101          38   3.710938
011110       38   3.710938
011          33   3.222656
000100       13   1.269531
01            4   0.390625
100           3   0.292969



        count        pct
ROCK                    
0         678  66.210938
1         113  11.035156
001       105  10.253906
111100     83   8.105469
100        45   4.394531



        count        pct
ROS                     
011       298  29.101562
100       205  20.019531
1         193  18.847656
0         140  13.671875
010       105  10.253906
001000     83   8.105469



        count        pct
Rac1                    
110       298  29.101562
001       205  20.019531
1         193  18.847656
0         140  13.671875
100       105  10.253906
010000     83   8.105469



        count        pct
RhoA                    
0         608  59.375000
100       114  11.132812
1         114  11.132812
010       105  10.253906
111001     83   8.105469



     count        pct
SSH                  
1      654  63.867188
0      356  34.765625
01      14   1.367188



          count        pct
Thymosin                  
0           710  69.335938
10          157  15.332031
1           157  15.332031



        count        pct
WASP                    
1         676  66.015625
0         158  15.429688
10         90   8.789062
000101     67   6.542969
110        33   3.222656



        count        pct
WAVE                    
011       298  29.101562
100       205  20.019531
1         193  18.847656
0         140  13.671875
010       105  10.253906
001000     83   8.105469



