                     count        pct
Actin_BR Actin_ST                    
0        1             421  41.113281
         1011111111    255  24.902344
         10111         202  19.726562
         10011          55   5.371094
         11011111       49   4.785156
         1111101110     16   1.562500
         01011101       12   1.171875
         10101111        8   0.781250
         00011100        4   0.390625
         10010010        1   0.097656
                         1   0.097656



                   count        pct
Rac1     RhoA                      
01000    11101       428  41.796875
10000    11011       215  20.996094
10100    11010       141  13.769531
00011110 01111000     95   9.277344
00101101 10110100     70   6.835938
01001    10101        56   5.468750
0        1            18   1.757812
                       1   0.097656



