                   count        pct
Actin_BR Actin_ST                  
1        1           524  51.171875
0        0           178  17.382812
100      0           107  10.449219
         1           102   9.960938
101      1            38   3.710938
         011          38   3.710938
0        1            34   3.320312
         01            3   0.292969



           count        pct
Rac1 RhoA                  
1    0       524  51.171875
0    0       215  20.996094
100  0       209  20.410156
101  0        76   7.421875



