                    count        pct
Actin_BR Actin_ST                   
1        1            270  26.367188
         0            258  25.195312
000010   001110        88   8.593750
010      1             73   7.128906
100      100           60   5.859375
000010   111011        43   4.199219
011      010           39   3.808594
100      110010        38   3.710938
010      010           36   3.515625
000010   1             34   3.320312
011      1             32   3.125000
0        0             25   2.441406
         1             10   0.976562
000010   001111         7   0.683594
0        000001110      6   0.585938
         01             5   0.488281



                     count        pct
Rac1      RhoA                       
1         0            528  51.562500
010000    111001       172  16.796875
010       001          109  10.644531
100       010           98   9.570312
011       0             71   6.933594
0         0             30   2.929688
          1             10   0.976562
000011110 001111000      6   0.585938



