                     count        pct
Actin_BR Actin_ST                    
0        1             313  30.566406
         1111101111    312  30.468750
         11110         229  22.363281
         01110          57   5.566406
         01110000       30   2.929688
         11101111       27   2.636719
         1110111011     23   2.246094
         01010111       14   1.367188
         01001010       10   0.976562
         10101111        9   0.878906



                   count        pct
Rac1     RhoA                      
00001    10111       399  38.964844
10000    11011       251  24.511719
10010    01011       124  12.109375
00111100 11110000     93   9.082031
01010    01101        84   8.203125
00101101 10110100     57   5.566406
0        1            16   1.562500



