          count        pct
Actin_BR                  
1           425  41.503906
0           382  37.304688
0001         91   8.886719
1001         43   4.199219
01           37   3.613281
0111         23   2.246094
011          23   2.246094



          count        pct
Actin_ST                  
1           391  38.183594
1110        253  24.707031
0           238  23.242188
01           57   5.566406
0001         42   4.101562
110          23   2.246094
11101         9   0.878906
111110        4   0.390625
100001        4   0.390625
00001         3   0.292969



        count        pct
Arp2_3                  
1         425  41.503906
0         382  37.304688
0010       91   8.886719
0011       43   4.199219
10         37   3.613281
1110       23   2.246094
110        23   2.246094



    count        pct
CP                  
0     519  50.683594
1     505  49.316406



       count        pct
Cdc42                  
1        516  50.390625
0        508  49.609375



         count        pct
Cofilin                  
0          571  55.761719
1          309  30.175781
0001        76   7.421875
1100        35   3.417969
01          33   3.222656



         count        pct
Coronin                  
0          626  61.132812
0010       229  22.363281
1          115  11.230469
1101        48   4.687500
01           6   0.585938



           count    pct
Cortactin              
0           1024  100.0



        count        pct
Dia1                    
0         546  53.320312
1         239  23.339844
1100      116  11.328125
1101       73   7.128906
01         16   1.562500
0010       14   1.367188
00110       9   0.878906
001110      8   0.781250
01100       3   0.292969



        count        pct
Dia2                    
1         530  51.757812
1101      429  41.894531
101        23   2.246094
01         22   2.148438
10111       9   0.878906
101111      8   0.781250
01111       3   0.292969



          count        pct
Ena_Vasp                  
1          1016  99.218750
111101        4   0.390625
110011        4   0.390625



        count        pct
IRSp53                  
1         559  54.589844
0         434  42.382812
1101       23   2.246094
100111      8   0.781250



      count        pct
LIMK                  
1       626  61.132812
1101    229  22.363281
0       115  11.230469
0010     48   4.687500
10        6   0.585938



        count        pct
PAK                     
1         993  96.972656
1101       23   2.246094
100111      8   0.781250



      count        pct
PIP2                  
1       519  50.683594
0       505  49.316406



      count        pct
PKD                   
1       458  44.726562
0110    229  22.363281
1011    152  14.843750
0       115  11.230469
1000     48   4.687500
10       22   2.148438



          count        pct
Profilin                  
1           595  58.105469
0           238  23.242188
1011        104  10.156250
0010         42   4.101562
10           25   2.441406
11011         9   0.878906
111101        4   0.390625
000011        4   0.390625
00010         3   0.292969



      count        pct
ROCK                  
1       458  44.726562
1100    229  22.363281
0111    152  14.843750
0       115  11.230469
0001     48   4.687500
01       22   2.148438



       count        pct
ROCK_                  
1        458  44.726562
0110     229  22.363281
1011     152  14.843750
0        115  11.230469
1000      48   4.687500
10        22   2.148438



        count        pct
Rac1                    
0         458  44.726562
1100      229  22.363281
0010      152  14.843750
1          72   7.031250
1011       48   4.687500
011        23   2.246094
10         22   2.148438
00111       9   0.878906
001111      8   0.781250
01110       3   0.292969



        count        pct
RhoA                    
1         458  44.726562
0011      252  24.609375
1110      152  14.843750
0          72   7.031250
0100       25   2.441406
010        23   2.246094
10         22   2.148438
01100       9   0.878906
011100      8   0.781250
11000       3   0.292969



      count        pct
SSH                   
0       626  61.132812
0100    229  22.363281
1       115  11.230469
1011     48   4.687500
10        6   0.585938



          count        pct
Thymosin                  
0           471  45.996094
1           287  28.027344
01          266  25.976562



      count        pct
WASP                  
1       471  45.996094
0       287  28.027344
01      266  25.976562



        count        pct
WAVE                    
0         458  44.726562
0110      229  22.363281
0001      152  14.843750
1          72   7.031250
1101       48   4.687500
101        23   2.246094
01         22   2.148438
10011       9   0.878906
100111      8   0.781250
00111       3   0.292969



