          count    pct
ARHGAP22              
0          1024  100.0



          count        pct
Actin_BR                  
110         333  32.519531
100         289  28.222656
0           219  21.386719
1           183  17.871094



          count        pct
Actin_ST                  
1           539  52.636719
0           301  29.394531
110         159  15.527344
001          22   2.148438
10            3   0.292969



        count        pct
Arp2_3                  
101       333  32.519531
001       289  28.222656
0         219  21.386719
1         183  17.871094



    count        pct
CP                  
0     519  50.683594
1     502  49.023438
10      3   0.292969



       count   pct
Cdc42             
1        512  50.0
0        512  50.0



         count        pct
Cofilin                  
1          476  46.484375
110        329  32.128906
0          174  16.992188
01          45   4.394531



         count        pct
Coronin                  
1          810  79.101562
0          161  15.722656
01          53   5.175781



           count        pct
Cortactin                  
011          333  32.519531
010          289  28.222656
0            219  21.386719
1            183  17.871094



      count    pct
Dia1              
0      1024  100.0



      count        pct
Dia2                  
011     333  32.519531
010     289  28.222656
0       219  21.386719
1       183  17.871094



          count        pct
Ena_Vasp                  
1           748  73.046875
0           114  11.132812
011         112  10.937500
01           50   4.882812



              count   pct
IRSp53_Cdc42             
1               512  50.0
0               512  50.0



             count    pct
IRSp53_Rac1              
0             1024  100.0



      count        pct
LIMK                  
0       994  97.070312
1        19   1.855469
01       11   1.074219



      count    pct
NET1              
0      1024  100.0



     count        pct
PAK                  
1      519  50.683594
100    234  22.851562
0      188  18.359375
101     83   8.105469



      count        pct
PIP2                  
1       522  50.976562
0       502  49.023438



     count    pct
PKD              
0     1024  100.0



          count        pct
Profilin                  
1           720  70.312500
0           189  18.457031
011         112  10.937500
01            3   0.292969



      count    pct
ROCK              
0      1024  100.0



     count        pct
ROS                  
011    333  32.519531
010    289  28.222656
0      219  21.386719
1      183  17.871094



      count        pct
Rac1                  
110     333  32.519531
100     289  28.222656
0       219  21.386719
1       183  17.871094



      count    pct
RhoA              
0      1024  100.0



     count        pct
SSH                  
1      810  79.101562
0      161  15.722656
10      53   5.175781



          count        pct
Thymosin                  
0           831  81.152344
1           109  10.644531
01           84   8.203125



      count        pct
WASP                  
1       716  69.921875
0       138  13.476562
110     112  10.937500
10       58   5.664062



      count        pct
WAVE                  
011     333  32.519531
010     289  28.222656
0       219  21.386719
1       183  17.871094



