                    count        pct
Actin_BR Actin_ST                   
1        0            312  30.468750
         1            248  24.218750
101      001          118  11.523438
100      001          106  10.351562
101      1            100   9.765625
100      1             89   8.691406
0        000000111     31   3.027344
         0             17   1.660156
         10             3   0.292969



                     count        pct
Rac1      RhoA                       
1         0            560  54.687500
101       0            218  21.289062
100       010          195  19.042969
000001111 000111100     31   3.027344
0         0             20   1.953125



