                     count        pct
cycle_Actin_BR_norm                  
1                      368  35.937500
0                      343  33.496094
01                     122  11.914062
1001                    95   9.277344
1000                    55   5.371094
1011                    41   4.003906



                     count        pct
cycle_Actin_ST_norm                  
0                      484  47.265625
1                      193  18.847656
0001                   136  13.281250
01                     119  11.621094
1011                    76   7.421875
1100                    16   1.562500



                   count        pct
cycle_Arp2_3_norm                  
1                    368  35.937500
0                    343  33.496094
10                   122  11.914062
0011                  95   9.277344
0001                  55   5.371094
0111                  41   4.003906



               count        pct
cycle_CP_norm                  
1                700  68.359375
0                111  10.839844
01                93   9.082031
1001              56   5.468750
1000              42   4.101562
0111              22   2.148438



                  count        pct
cycle_Cdc42_norm                  
0                   534  52.148438
1                   490  47.851562



                    count        pct
cycle_Cofilin_norm                  
0                     791  77.246094
1                      98   9.570312
1101                   44   4.296875
01                     39   3.808594
0100                   29   2.832031
10                     23   2.246094



                    count    pct
cycle_Coronin_norm              
0                    1024  100.0



                      count        pct
cycle_Cortactin_norm                  
0                       549  53.613281
0001                    201  19.628906
0110                    180  17.578125
1011                     36   3.515625
10                       31   3.027344
1                        27   2.636719



                 count        pct
cycle_Dia1_norm                  
0                  773  75.488281
01                 120  11.718750
1                  111  10.839844
1101                15   1.464844
0010                 5   0.488281



                 count        pct
cycle_Dia2_norm                  
1                  576  56.250000
0111               417  40.722656
10                  31   3.027344



                     count    pct
cycle_Ena_Vasp_norm              
0                     1024  100.0



                   count        pct
cycle_IRSp53_norm                  
0                    518  50.585938
1                    506  49.414062



                 count        pct
cycle_LIMK_norm                  
1                  781  76.269531
1101               180  17.578125
0110                36   3.515625
0                   27   2.636719



                count    pct
cycle_PAK_norm              
1                1024  100.0



                 count        pct
cycle_PIP2_norm                  
1                  549  53.613281
0                  475  46.386719



                count        pct
cycle_PKD_norm                  
1                 549  53.613281
1011              201  19.628906
0110              180  17.578125
0001               36   3.515625
01                 31   3.027344
0                  27   2.636719



                     count        pct
cycle_Profilin_norm                  
1                      439  42.871094
0                      295  28.808594
10                     138  13.476562
0111                    71   6.933594
0011                    52   5.078125
0001                    29   2.832031



                 count        pct
cycle_ROCK_norm                  
1                  549  53.613281
0111               201  19.628906
1100               180  17.578125
0010                36   3.515625
10                  31   3.027344
0                   27   2.636719



                  count        pct
cycle_ROCK__norm                  
1                   549  53.613281
1011                201  19.628906
0110                180  17.578125
0001                 36   3.515625
01                   31   3.027344
0                    27   2.636719



                 count        pct
cycle_Rac1_norm                  
0                  549  53.613281
0010               201  19.628906
1100               180  17.578125
0111                36   3.515625
01                  31   3.027344
1                   27   2.636719



                 count        pct
cycle_RhoA_norm                  
1                  549  53.613281
1110               201  19.628906
1001               180  17.578125
0100                36   3.515625
01                  31   3.027344
0                   27   2.636719



                count        pct
cycle_SSH_norm                  
0                 781  76.269531
0100              180  17.578125
0011               36   3.515625
1                  27   2.636719



                     count        pct
cycle_Thymosin_norm                  
0                      363  35.449219
01                     339  33.105469
1                      322  31.445312



                 count        pct
cycle_WASP_norm                  
1                  363  35.449219
01                 339  33.105469
0                  322  31.445312



                 count        pct
cycle_WAVE_norm                  
0                  549  53.613281
0001               201  19.628906
0110               180  17.578125
1011                36   3.515625
10                  31   3.027344
1                   27   2.636719



