          count        pct
ARHGAP22                  
1          1432  69.921875
11011       284  13.867188
0           194   9.472656
11010       133   6.494141
100           5   0.244141



          count    pct
Actin_BR              
0          2048  100.0



           count        pct
Actin_ST                   
0           1514  73.925781
01100        284  13.867188
01101        133   6.494141
111000000     42   2.050781
01100000      36   1.757812
10010110      32   1.562500
110            7   0.341797



        count    pct
Arp2_3              
0        2048  100.0



    count        pct
CP                  
0    1025  50.048828
1    1023  49.951172



       count        pct
Cdc42                  
1       1063  51.904297
0        985  48.095703



         count        pct
Cofilin                  
0         1966  95.996094
1           82   4.003906



         count        pct
Coronin                  
0         1849  90.283203
1          194   9.472656
110          5   0.244141



           count        pct
Cortactin                  
0           1514  73.925781
00001        284  13.867188
01001        133   6.494141
111000011     42   2.050781
11100001      36   1.757812
10010110      32   1.562500
100            5   0.244141
011            2   0.097656



           count        pct
Dia1                       
0           1023  49.951172
1            491  23.974609
10111        284  13.867188
10101        133   6.494141
100001111     42   2.050781
10000111      36   1.757812
01011010      32   1.562500
011            7   0.341797



           count        pct
Dia2                       
1           1521  74.267578
10111        417  20.361328
111001111     42   2.050781
11100111      36   1.757812
11011110      32   1.562500



          count        pct
Ena_Vasp                  
1          1957  95.556641
0            86   4.199219
010           5   0.244141



              count        pct
IRSp53_Cdc42                  
1              1063  51.904297
0               985  48.095703



             count        pct
IRSp53_Rac1                  
0             1514  73.925781
00001          284  13.867188
01001          133   6.494141
111000011       42   2.050781
11100001        36   1.757812
10010110        32   1.562500
110              7   0.341797



      count        pct
LIMK                  
1      1849  90.283203
0       194   9.472656
001       5   0.244141



           count        pct
NET1                       
0           1063  51.904297
1            936  45.703125
000011110     42   2.050781
100            7   0.341797



           count        pct
PAK                        
1           1063  51.904297
0            936  45.703125
111000011     42   2.050781
110            7   0.341797



      count        pct
PIP2                  
1      1025  50.048828
0      1023  49.951172



       count        pct
PKD                    
1       1432  69.921875
11011    284  13.867188
0        194   9.472656
11010    133   6.494141
100        5   0.244141



           count        pct
Profilin                   
0           1514  73.925781
11000        284  13.867188
11010        133   6.494141
110000001     42   2.050781
11000000      36   1.757812
00101101      32   1.562500
101            7   0.341797



       count        pct
ROCK                   
1       1432  69.921875
10111    284  13.867188
0        194   9.472656
10101    133   6.494141
001        5   0.244141



           count        pct
ROS                        
0           1514  73.925781
00001        284  13.867188
01001        133   6.494141
111000011     42   2.050781
11100001      36   1.757812
10010110      32   1.562500
110            7   0.341797



           count        pct
Rac1                       
0           1514  73.925781
00010        284  13.867188
10010        133   6.494141
110000111     42   2.050781
11000011      36   1.757812
00101101      32   1.562500
101            7   0.341797



           count        pct
RhoA                       
1           1514  73.925781
01111        284  13.867188
01011        133   6.494141
000011111     42   2.050781
00001111      36   1.757812
10110100      32   1.562500
110            7   0.341797



     count        pct
SSH                  
0     1849  90.283203
1      194   9.472656
101      5   0.244141



          count        pct
Thymosin                  
1          1966  95.996094
0            82   4.003906



      count    pct
WASP              
0      2048  100.0



           count        pct
WAVE                       
0           1514  73.925781
10001        284  13.867188
11101        133   6.494141
111100011     42   2.050781
11110001      36   1.757812
11011111      32   1.562500
1              7   0.341797



