          count        pct
ARHGAP22                  
0          1980  96.679688
             68   3.320312



            count        pct
Actin_BR                    
1             704  34.375000
110           544  26.562500
010           264  12.890625
0             242  11.816406
100101         94   4.589844
               68   3.320312
101            62   3.027344
100            61   2.978516
0100100100      8   0.390625
0010000010      1   0.048828



            count        pct
Actin_ST                    
1             761  37.158203
0             545  26.611328
101           444  21.679688
100            94   4.589844
               68   3.320312
100010         61   2.978516
110010         51   2.490234
01             11   0.537109
0000011111      8   0.390625
011             5   0.244141



            count        pct
Arp2_3                      
1             704  34.375000
101           544  26.562500
100           264  12.890625
0             242  11.816406
001011         94   4.589844
               68   3.320312
011            62   3.027344
001            61   2.978516
1001001000      8   0.390625
0100000100      1   0.048828



            count        pct
CP                          
1             965  47.119141
0             770  37.597656
10            161   7.861328
               68   3.320312
100000         51   2.490234
010            24   1.171875
0100000100      9   0.439453



       count        pct
Cdc42                  
0       1039  50.732422
1        941  45.947266
          68   3.320312



            count        pct
Cofilin                     
1             795  38.818359
0             414  20.214844
001           270  13.183594
01            225  10.986328
100000        166   8.105469
101           102   4.980469
               68   3.320312
0010100000      8   0.390625



            count        pct
Coronin                     
1            1152  56.250000
0             592  28.906250
001           219  10.693359
               68   3.320312
1011101100      9   0.439453
011             5   0.244141
101             3   0.146484



            count        pct
Cortactin                   
1             704  34.375000
011           461  22.509766
001           348  16.992188
0             182   8.886719
010           160   7.812500
               68   3.320312
110            62   3.027344
100001111      29   1.416016
10000111       19   0.927734
0010011001      9   0.439453
01101001        6   0.292969



            count        pct
Dia1                        
0            1500  73.242188
010           278  13.574219
011            83   4.052734
               68   3.320312
001011         51   2.490234
000111110      29   1.416016
00011110       19   0.927734
0001111100      9   0.439453
10100101        6   0.292969
101             5   0.244141



            count        pct
Dia2                        
1            1386  67.675781
011           437  21.337891
110            94   4.589844
               68   3.320312
100111111      29   1.416016
10011111       19   0.927734
0011111111      9   0.439453
11101101        6   0.292969



            count        pct
Ena_Vasp                    
1            1642  80.175781
10            161   7.861328
               68   3.320312
111110         62   3.027344
0              52   2.539062
101            48   2.343750
0101110111      8   0.390625
011101          5   0.244141
100             1   0.048828
0000010011      1   0.048828



              count        pct
IRSp53_Cdc42                  
0              1039  50.732422
1               941  45.947266
                 68   3.320312



             count        pct
IRSp53_Rac1                  
1              704  34.375000
011            589  28.759766
001            220  10.742188
0              182   8.886719
110            161   7.861328
                68   3.320312
010             61   2.978516
100001111       29   1.416016
10000111        19   0.927734
0010011111       9   0.439453
01101001         6   0.292969



            count        pct
LIMK                        
0            1152  56.250000
1             592  28.906250
110           219  10.693359
               68   3.320312
0000000011      9   0.439453
100             5   0.244141
010             3   0.146484



            count        pct
NET1                        
0            1290  62.988281
110           245  11.962891
001           188   9.179688
1             152   7.421875
               68   3.320312
100            67   3.271484
001111000      29   1.416016
0110110000      9   0.439453



            count        pct
PAK                         
1            1290  62.988281
010           245  11.962891
101           188   9.179688
0             152   7.421875
               68   3.320312
110            67   3.271484
100001111      29   1.416016
0010011111      9   0.439453



      count        pct
PIP2                  
1      1015  49.560547
0       965  47.119141
         68   3.320312



            count        pct
PKD                         
0            1152  56.250000
1             379  18.505859
001           227  11.083984
011           151   7.373047
               68   3.320312
101            62   3.027344
0001001100      9   0.439453



            count        pct
Profilin                    
1            1032  50.390625
0             545  26.611328
101           173   8.447266
001            94   4.589844
               68   3.320312
000101         61   2.978516
100101         51   2.490234
10             11   0.537109
0000111110      8   0.390625
110             5   0.244141



            count        pct
ROCK                        
0            1152  56.250000
1             379  18.505859
010           227  11.083984
110           151   7.373047
               68   3.320312
011            62   3.027344
0010011000      9   0.439453



            count        pct
ROS                         
1             704  34.375000
011           589  28.759766
001           220  10.742188
0             182   8.886719
110           161   7.861328
               68   3.320312
010            61   2.978516
100001111      29   1.416016
10000111       19   0.927734
0010011111      9   0.439453
01101001        6   0.292969



            count        pct
Rac1                        
1             704  34.375000
110           589  28.759766
010           220  10.742188
0             182   8.886719
101           161   7.861328
               68   3.320312
100            61   2.978516
000011111      29   1.416016
00001111       19   0.927734
0100111110      9   0.439453
11010010        6   0.292969



            count        pct
RhoA                        
0             704  34.375000
1             427  20.849609
010           401  19.580078
011           224  10.937500
100            94   4.589844
               68   3.320312
110            67   3.271484
001111100      29   1.416016
00111100       19   0.927734
0111111000      9   0.439453
01001011        6   0.292969



            count        pct
SSH                         
1            1152  56.250000
0             592  28.906250
010           219  10.693359
               68   3.320312
0111011001      9   0.439453
110             5   0.244141
011             3   0.146484



          count        pct
Thymosin                  
0          1228  59.960938
1           297  14.501953
10          230  11.230469
01          225  10.986328
             68   3.320312



        count        pct
WASP                    
1        1032  50.390625
01        394  19.238281
0         320  15.625000
011       173   8.447266
           68   3.320312
001010     61   2.978516



      count        pct
WAVE                  
0      1980  96.679688
         68   3.320312



