                       count        pct
Actin_BR   Actin_ST                    
1          1             479  23.388672
110        1             279  13.623047
           101           241  11.767578
0          0             236  11.523438
1          0             225  10.986328
010        101           203   9.912109
100101     100            94   4.589844
                          68   3.320312
100        100010         61   2.978516
010        0              59   2.880859
101        110010         51   2.490234
110        0              24   1.171875
101        01             11   0.537109
0100100100 0000011111      8   0.390625
0          011             5   0.244141
010        1               2   0.097656
0010000010 0               1   0.048828
0          1               1   0.048828



                       count        pct
Rac1       RhoA                        
1          0             704  34.375000
110        010           401  19.580078
           011           188   9.179688
010        1             184   8.984375
0          1             182   8.886719
101        100            94   4.589844
                          68   3.320312
101        110            67   3.271484
100        1              61   2.978516
010        011            36   1.757812
000011111  001111100      29   1.416016
00001111   00111100       19   0.927734
0100111110 0111111000      9   0.439453
11010010   01001011        6   0.292969



