                   count        pct
Actin_BR Actin_ST                  
1        0           639  31.201172
0        0           547  26.708984
         1           427  20.849609
0001     1101        117   5.712891
01       01          106   5.175781
1        10000        69   3.369141
110      110          43   2.099609
         0            34   1.660156
1        00101        30   1.464844
001      0            22   1.074219
1        01           10   0.488281
100      1             3   0.146484
0        110           1   0.048828



             count        pct
Rac1  RhoA                   
0     1       1340  65.429688
1     0        244  11.914062
01000 11101    177   8.642578
110   011       81   3.955078
11000 11001     80   3.906250
01001 10101     73   3.564453
00111 00110     31   1.513672
001   1         22   1.074219



