          count        pct
ARHGAP22                  
0           646  63.085938
1           193  18.847656
011110      113  11.035156
010          72   7.031250



          count        pct
Actin_BR                  
0           442  43.164062
1           168  16.406250
010         128  12.500000
000010      113  11.035156
011         103  10.058594
101          70   6.835938



          count        pct
Actin_ST                  
0           462  45.117188
1           326  31.835938
10          123  12.011719
001111       69   6.738281
000001       44   4.296875



        count        pct
Arp2_3                  
0         442  43.164062
1         168  16.406250
100       128  12.500000
000100    113  11.035156
110       103  10.058594
011        70   6.835938



        count        pct
CP                      
1         511  49.902344
0         450  43.945312
000010     44   4.296875
001010     11   1.074219
001         7   0.683594
10          1   0.097656



       count        pct
Cdc42                  
0        517  50.488281
1        507  49.511719



         count    pct
Cofilin              
0         1024  100.0



         count        pct
Coronin                  
1          594  58.007812
0          405  39.550781
01          25   2.441406



           count        pct
Cortactin                  
0            434  42.382812
1            168  16.406250
001          130  12.695312
001000       113  11.035156
101          103  10.058594
110           70   6.835938
000001111      6   0.585938



           count        pct
Dia1                       
0            791  77.246094
111100       113  11.035156
100          107  10.449219
1              7   0.683594
000111100      6   0.585938



           count        pct
Dia2                       
1            409  39.941406
0            193  18.847656
101          147  14.355469
110          139  13.574219
111100       113  11.035156
001           15   1.464844
000111111      6   0.585938
010            2   0.195312



          count        pct
Ena_Vasp                  
1           815  79.589844
011111       69   6.738281
0            56   5.468750
10           31   3.027344
101011       25   2.441406
100111       15   1.464844
100          13   1.269531



              count        pct
IRSp53_Cdc42                  
0               517  50.488281
1               507  49.511719



             count        pct
IRSp53_Rac1                  
0              434  42.382812
1              168  16.406250
001            130  12.695312
001000         113  11.035156
101            103  10.058594
110             70   6.835938
000001111        6   0.585938



        count        pct
LIMK                    
0         594  58.007812
1         292  28.515625
011111    113  11.035156
10         25   2.441406



           count        pct
NET1                       
0            516  50.390625
1            241  23.535156
111011       113  11.035156
011          113  11.035156
100           24   2.343750
001           11   1.074219
011111000      6   0.585938



           count        pct
PAK                        
1            516  50.390625
0            241  23.535156
001000       113  11.035156
001          113  11.035156
110           24   2.343750
101           11   1.074219
000001111      6   0.585938



      count        pct
PIP2                  
1       513  50.097656
0       511  49.902344



        count        pct
PKD                     
0         646  63.085938
1         193  18.847656
011110    113  11.035156
010        72   7.031250



          count        pct
Profilin                  
0           462  45.117188
1           326  31.835938
01          123  12.011719
011110       69   6.738281
010          44   4.296875



        count        pct
ROCK                    
0         646  63.085938
1         193  18.847656
111100    113  11.035156
100        72   7.031250



           count        pct
ROS                        
0            434  42.382812
1            168  16.406250
001          130  12.695312
001000       113  11.035156
101          103  10.058594
110           70   6.835938
000001111      6   0.585938



           count        pct
Rac1                       
0            434  42.382812
1            168  16.406250
010          130  12.695312
010000       113  11.035156
011          103  10.058594
101           70   6.835938
000011110      6   0.585938



           count        pct
RhoA                       
0            551  53.808594
1            241  23.535156
111001       113  11.035156
001          113  11.035156
001111000      6   0.585938



     count        pct
SSH                  
1      594  58.007812
0      405  39.550781
10      25   2.441406



          count        pct
Thymosin                  
10          371  36.230469
1           332  32.421875
0           321  31.347656



      count        pct
WASP                  
10      371  36.230469
0       332  32.421875
1       321  31.347656



      count    pct
WAVE              
0      1024  100.0



