                   count        pct
Actin_BR Actin_ST                  
0        0           312  30.468750
1        1           164  16.015625
0        10          123  12.011719
011      0           103  10.058594
101      1            70   6.835938
000010   001111       69   6.738281
010      1            56   5.468750
         000001       44   4.296875
000010   1            29   2.832031
010      0            28   2.734375
000010   0            15   1.464844
0        1             7   0.683594
1        0             4   0.390625



                     count        pct
Rac1      RhoA                       
0         1            241  23.535156
          0            193  18.847656
1         0            168  16.406250
010000    111001       113  11.035156
010       001          113  11.035156
011       0            103  10.058594
101       0             70   6.835938
010       0             17   1.660156
000011110 001111000      6   0.585938



