                                         count   pct
cycle_Actin_BR_norm cycle_Actin_ST_norm             
0                   0                      394  39.4
                    1                       97   9.7
0100                1011                    91   9.1
0110                0110                    65   6.5
0100                0110                    63   6.3
0110                1                       52   5.2
0100                0010                    42   4.2
                    10                      38   3.8
                    1                       27   2.7
                    0                       25   2.5
011                 0                       23   2.3
1                   0                       17   1.7
0                   00111                   16   1.6
011                 1                       12   1.2
0110                0                       12   1.2
001                 101                     12   1.2
1110                0                        6   0.6
0                   10                       3   0.3
1110                1                        3   0.3
1                   1                        2   0.2



