                   count        pct
Actin_BR Actin_ST                  
011      010         305  29.785156
1        0           215  20.996094
000010   001110      189  18.457031
010      010         135  13.183594
100      010          91   8.886719
         101          59   5.761719
0        0            14   1.367188
         1             9   0.878906
         01            7   0.683594



               count        pct
Rac1   RhoA                    
011    0         305  29.785156
1      0         215  20.996094
010000 111001    189  18.457031
010    001       135  13.183594
100    010        91   8.886719
       0          59   5.761719
0      0          21   2.050781
       1           9   0.878906



