                       count        pct
Actin_BR   Actin_ST                    
0          1             604  58.984375
           10111         255  24.902344
00001      10101          56   5.468750
0          110000011      22   2.148438
001        0              17   1.660156
0100010010 0001010000     15   1.464844
                          12   1.171875
0          010            11   1.074219
001        010            10   0.976562
0          11100001       10   0.976562
           10010110        7   0.683594
011        0               3   0.292969
1          0               1   0.097656
011        010             1   0.097656



                       count        pct
Rac1       RhoA                        
0          1             604  58.984375
01000      11101         255  24.902344
01010      01101          56   5.468750
110000111  000011111      22   2.148438
001        011            17   1.660156
0110110010 1111011011     15   1.464844
110        001            14   1.367188
                          12   1.171875
110        011            11   1.074219
11000011   00001111       10   0.976562
00101101   10110100        7   0.683594
1          0               1   0.097656



