          count        pct
ARHGAP22                  
0           643  62.792969
011110      251  24.511719
010          79   7.714844
100          49   4.785156
1             2   0.195312



          count        pct
Actin_BR                  
110         239  23.339844
1           198  19.335938
100         190  18.554688
0           189  18.457031
000010      129  12.597656
010          79   7.714844



          count        pct
Actin_ST                  
1           610  59.570312
001111      199  19.433594
0            92   8.984375
010001       43   4.199219
110          36   3.515625
100000       36   3.515625
01            8   0.781250



        count        pct
Arp2_3                  
101       239  23.339844
1         198  19.335938
001       190  18.554688
0         189  18.457031
000100    129  12.597656
100        79   7.714844



    count    pct
CP              
0    1024  100.0



       count   pct
Cdc42             
1        512  50.0
0        512  50.0



         count        pct
Cofilin                  
0          389  37.988281
1          374  36.523438
110        198  19.335938
010000      43   4.199219
01          17   1.660156
100          3   0.292969



         count        pct
Coronin                  
1          599  58.496094
0          400  39.062500
01          25   2.441406



           count        pct
Cortactin                  
001000       251  24.511719
011          239  23.339844
1            198  19.335938
010          190  18.554688
001           79   7.714844
0             63   6.152344
000001111      4   0.390625



           count        pct
Dia1                       
0            570  55.664062
111100       251  24.511719
001          118  11.523438
100           79   7.714844
000111100      4   0.390625
1              2   0.195312



           count        pct
Dia2                       
011          357  34.863281
111100       251  24.511719
1            200  19.531250
101           79   7.714844
010           72   7.031250
0             61   5.957031
000111111      4   0.390625



          count        pct
Ena_Vasp                  
1           680  66.406250
001111      139  13.574219
101011       79   7.714844
111101       77   7.519531
101          33   3.222656
010          12   1.171875
0             4   0.390625



              count   pct
IRSp53_Cdc42             
1               512  50.0
0               512  50.0



             count        pct
IRSp53_Rac1                  
001000         251  24.511719
011            239  23.339844
1              198  19.335938
010            190  18.554688
001             79   7.714844
0               63   6.152344
000001111        4   0.390625



        count        pct
LIMK                    
0         599  58.496094
011111    251  24.511719
1         149  14.550781
10         25   2.441406



           count        pct
NET1                       
0            529  51.660156
111011       251  24.511719
110          118  11.523438
011           79   7.714844
100           41   4.003906
011111000      4   0.390625
1              2   0.195312



           count        pct
PAK                        
1            529  51.660156
001000       251  24.511719
010          118  11.523438
001           79   7.714844
110           41   4.003906
000001111      4   0.390625
0              2   0.195312



      count        pct
PIP2                  
1       546  53.320312
0       478  46.679688



        count        pct
PKD                     
0         643  62.792969
011110    251  24.511719
010        79   7.714844
100        49   4.785156
1           2   0.195312



          count        pct
Profilin                  
1           610  59.570312
011110      199  19.433594
0            89   8.691406
110010       43   4.199219
001          39   3.808594
101          36   3.515625
10            8   0.781250



        count        pct
ROCK                    
0         643  62.792969
111100    251  24.511719
100        79   7.714844
001        49   4.785156
1           2   0.195312



           count        pct
ROS                        
001000       251  24.511719
011          239  23.339844
1            198  19.335938
010          190  18.554688
001           79   7.714844
0             63   6.152344
000001111      4   0.390625



           count        pct
Rac1                       
010000       251  24.511719
110          239  23.339844
1            198  19.335938
100          190  18.554688
010           79   7.714844
0             63   6.152344
000011110      4   0.390625



           count        pct
RhoA                       
0            570  55.664062
111001       251  24.511719
010          118  11.523438
001           79   7.714844
001111000      4   0.390625
1              2   0.195312



     count        pct
SSH                  
1      599  58.496094
0      400  39.062500
10      25   2.441406



          count        pct
Thymosin                  
0           645  62.988281
1           200  19.531250
10          156  15.234375
01           23   2.246094



        count        pct
WASP                    
1         609  59.472656
0         200  19.531250
10        113  11.035156
000101     43   4.199219
011        36   3.515625
01         23   2.246094



      count    pct
WAVE              
0      1024  100.0



