          count        pct
ARHGAP22                  
1           687  67.089844
0           153  14.941406
11110        95   9.277344
00111        40   3.906250
10110        36   3.515625
10001        10   0.976562
010           3   0.292969



          count        pct
Actin_BR                  
0           539  52.636719
1           289  28.222656
01          160  15.625000
010          19   1.855469
101          17   1.660156



          count        pct
Actin_ST                  
0           499  48.730469
10          272  26.562500
1           233  22.753906
010          20   1.953125



        count        pct
Arp2_3                  
0         539  52.636719
1         289  28.222656
10        160  15.625000
100        19   1.855469
011        17   1.660156



     count        pct
CP                   
0      772  75.390625
1      177  17.285156
01      55   5.371094
010     12   1.171875
101      8   0.781250



       count        pct
Cdc42                  
0        514  50.195312
1        510  49.804688



         count        pct
Cofilin                  
0          669  65.332031
1          257  25.097656
10          74   7.226562
10001       20   1.953125
11001        4   0.390625



         count        pct
Coronin                  
0          818  79.882812
1          153  14.941406
00010       40   3.906250
10001       10   0.976562
011          3   0.292969



           count    pct
Cortactin              
0           1024  100.0



      count    pct
Dia1              
0      1024  100.0



      count        pct
Dia2                  
1      1006  98.242188
011      17   1.660156
0         1   0.097656



          count        pct
Ena_Vasp                  
1           978  95.507812
0            14   1.367188
100          12   1.171875
01           12   1.171875
011           8   0.781250



              count        pct
IRSp53_Cdc42                  
0               514  50.195312
1               510  49.804688



             count        pct
IRSp53_Rac1                  
0              729  71.191406
01000           95   9.277344
1               78   7.617188
00110           40   3.906250
01010           36   3.515625
001             19   1.855469
110             17   1.660156
10011           10   0.976562



       count        pct
LIMK                   
1        818  79.882812
0        153  14.941406
11101     40   3.906250
01110     10   0.976562
100        3   0.292969



      count        pct
NET1                  
0       511  49.902344
1       477  46.582031
011      19   1.855469
100      17   1.660156



     count        pct
PAK                  
1      511  49.902344
0      477  46.582031
001     19   1.855469
110     17   1.660156



      count        pct
PIP2                  
0       516  50.390625
1       508  49.609375



       count        pct
PKD                    
1        687  67.089844
0        153  14.941406
11110     95   9.277344
00111     40   3.906250
10110     36   3.515625
10001     10   0.976562
010        3   0.292969



          count        pct
Profilin                  
1           418  40.820312
0           322  31.445312
01          272  26.562500
110          12   1.171875



       count        pct
ROCK                   
1        687  67.089844
0        153  14.941406
11101     95   9.277344
01110     40   3.906250
01101     36   3.515625
00011     10   0.976562
100        3   0.292969



       count        pct
ROS                    
0        729  71.191406
01000     95   9.277344
1         78   7.617188
00110     40   3.906250
01010     36   3.515625
001       19   1.855469
110       17   1.660156
10011     10   0.976562



       count        pct
Rac1                   
0        729  71.191406
10000     95   9.277344
1         78   7.617188
01100     40   3.906250
10100     36   3.515625
010       19   1.855469
101       17   1.660156
00111     10   0.976562



       count        pct
RhoA                   
1        748  73.046875
11011     95   9.277344
0         78   7.617188
11100     40   3.906250
11010     36   3.515625
110       17   1.660156
00110     10   0.976562



       count        pct
SSH                    
0        818  79.882812
1        153  14.941406
00100     40   3.906250
00011     10   0.976562
110        3   0.292969



          count        pct
Thymosin                  
0           443  43.261719
1           309  30.175781
10          272  26.562500



      count        pct
WASP                  
1       410  40.039062
0       322  31.445312
10      272  26.562500
001      12   1.171875
110       8   0.781250



       count        pct
WAVE                   
0        729  71.191406
1         95   9.277344
01100     95   9.277344
01111     46   4.492188
00111     40   3.906250
101       19   1.855469



