                   count        pct
Actin_BR Actin_ST                  
0        0           322  31.445312
1        0           177  17.285156
01       10          160  15.625000
1        1           112  10.937500
0        10          112  10.937500
         1           105  10.253906
010      010          12   1.171875
101      1             9   0.878906
         010           8   0.781250
010      1             7   0.683594



             count        pct
Rac1  RhoA                   
0     1        729  71.191406
10000 11011     95   9.277344
1     0         78   7.617188
01100 11100     40   3.906250
10100 11010     36   3.515625
010   1         19   1.855469
101   110       17   1.660156
00111 00110     10   0.976562



