          count    pct
ARHGAP22              
0          1024  100.0



          count        pct
Actin_BR                  
1           474  46.289062
010         257  25.097656
0           190  18.554688
011          54   5.273438
101          49   4.785156



          count        pct
Actin_ST                  
0           380  37.109375
1           352  34.375000
010000      101   9.863281
010          81   7.910156
000101       63   6.152344
10           34   3.320312
011          13   1.269531



        count        pct
Arp2_3                  
1         474  46.289062
100       257  25.097656
0         190  18.554688
110        54   5.273438
011        49   4.785156



        count        pct
CP                      
0         517  50.488281
1         223  21.777344
010       131  12.792969
100000     63   6.152344
011        38   3.710938
101        26   2.539062
101000     23   2.246094
10          3   0.292969



       count        pct
Cdc42                  
1        514  50.195312
0        510  49.804688



         count        pct
Cofilin                  
0          879  85.839844
010000      78   7.617188
001         67   6.542969



         count    pct
Coronin              
0         1024  100.0



           count        pct
Cortactin                  
1            474  46.289062
001          257  25.097656
0            190  18.554688
101           54   5.273438
110           49   4.785156



      count    pct
Dia1              
0      1024  100.0



      count        pct
Dia2                  
1       514  50.195312
0       510  49.804688



          count        pct
Ena_Vasp                  
1           651  63.574219
0           132  12.890625
10          112  10.937500
100010       52   5.078125
011          40   3.906250
01           37   3.613281



              count        pct
IRSp53_Cdc42                  
1               514  50.195312
0               510  49.804688



             count        pct
IRSp53_Rac1                  
1              474  46.289062
001            257  25.097656
0              190  18.554688
101             54   5.273438
110             49   4.785156



      count        pct
LIMK                  
1       524  51.171875
100     232  22.656250
0       168  16.406250
110      51   4.980469
011      49   4.785156



      count        pct
NET1                  
0       524  51.171875
011     232  22.656250
1       168  16.406250
001      51   4.980469
100      49   4.785156



     count        pct
PAK                  
1      524  51.171875
001    232  22.656250
0      168  16.406250
101     51   4.980469
110     49   4.785156



      count        pct
PIP2                  
1       530  51.757812
0       494  48.242188



     count    pct
PKD              
0     1024  100.0



          count        pct
Profilin                  
1           665  64.941406
110         144  14.062500
0           118  11.523438
101111       63   6.152344
01           34   3.320312



      count    pct
ROCK              
0      1024  100.0



     count        pct
ROS                  
1      474  46.289062
001    257  25.097656
0      190  18.554688
101     54   5.273438
110     49   4.785156



      count        pct
Rac1                  
1       474  46.289062
010     257  25.097656
0       190  18.554688
011      54   5.273438
101      49   4.785156



      count    pct
RhoA              
0      1024  100.0



     count    pct
SSH              
0     1024  100.0



          count        pct
Thymosin                  
01          431  42.089844
0           411  40.136719
1           182  17.773438



        count        pct
WASP                    
01        379  37.011719
1         371  36.230469
0         182  17.773438
000101     52   5.078125
110        40   3.906250



      count        pct
WAVE                  
1       577  56.347656
101     257  25.097656
0       190  18.554688



