                   count        pct
Actin_BR Actin_ST                  
1        1           528  51.562500
010      010011      127  12.402344
010000   110011      105  10.253906
110      1            76   7.421875
100      1            66   6.445312
         101          33   3.222656
010000   1            32   3.125000
0        0            17   1.660156
010000   011000       13   1.269531
100      010           8   0.781250
0        1             8   0.781250
100      0             4   0.390625
1        01            4   0.390625
0        01            2   0.195312
1        0             1   0.097656



               count        pct
Rac1   RhoA                    
1      0         533  52.050781
000010 001111    150  14.648438
010    001       127  12.402344
100    010       111  10.839844
110    0          76   7.421875
0      0          19   1.855469
       1           8   0.781250



