                                         count        pct
cycle_Actin_BR_norm cycle_Actin_ST_norm                  
0                   0                      471  45.996094
1                   1                      285  27.832031
0                   1                      175  17.089844
1101                1011                    56   5.468750
                    1                       26   2.539062
                    1001                    10   0.976562
1                   0                        1   0.097656



