          count        pct
ARHGAP22                  
1           800  39.062500
10111       324  15.820312
0           284  13.867188
11101       223  10.888672
01011       196   9.570312
01101       110   5.371094
01110        78   3.808594
             33   1.611328



            count        pct
Actin_BR                    
0             573  27.978516
1             428  20.898438
00001         301  14.697266
01            166   8.105469
110           165   8.056641
01001         107   5.224609
0010010100     95   4.638672
0010110101     74   3.613281
010            70   3.417969
00101          36   1.757812
               33   1.611328



          count        pct
Actin_ST                  
0           620  30.273438
1           604  29.492188
11110       223  10.888672
01          166   8.105469
11011       142   6.933594
101          78   3.808594
10110        74   3.613281
01110        41   2.001953
00110        36   1.757812
             33   1.611328
010          31   1.513672



            count        pct
Arp2_3                      
0             573  27.978516
1             428  20.898438
00010         301  14.697266
10            166   8.105469
101           165   8.056641
10010         107   5.224609
0100101000     95   4.638672
0101101010     74   3.613281
100            70   3.417969
01010          36   1.757812
               33   1.611328



            count        pct
CP                          
1            1030  50.292969
0             939  45.849609
0010000000     36   1.757812
               33   1.611328
00100          10   0.488281



       count        pct
Cdc42                  
1       1008  49.218750
0       1007  49.169922
          33   1.611328



         count        pct
Cofilin                  
0         1317  64.306641
1          263  12.841797
01         167   8.154297
101        126   6.152344
11110      108   5.273438
01101       34   1.660156
            33   1.611328



         count        pct
Coronin                  
0         1653  80.712891
1          284  13.867188
00100       78   3.808594
            33   1.611328



           count        pct
Cortactin                  
0            813  39.697266
00010        324  15.820312
10000        223  10.888672
00101        196   9.570312
011          165   8.056641
10100        110   5.371094
01100         78   3.808594
001           70   3.417969
              33   1.611328
1             20   0.976562
10010110       9   0.439453
01111000       7   0.341797



            count        pct
Dia1                        
0            1045  51.025391
11011         223  10.888672
01111         216  10.546875
01011         152   7.421875
010           126   6.152344
1              80   3.906250
11010          74   3.613281
11100          37   1.806641
1100011010     36   1.757812
               33   1.611328
11000          10   0.488281
01011010        9   0.439453
11100001        7   0.341797



          count        pct
Dia2                      
1           833  40.673828
10111       520  25.390625
11110       333  16.259766
011         235  11.474609
11100        78   3.808594
             33   1.611328
11011110      9   0.439453
11111001      7   0.341797



            count        pct
Ena_Vasp                    
1            1744  85.156250
1011111111    128   6.250000
01111          46   2.246094
1011111110     36   1.757812
               33   1.611328
110            31   1.513672
0              20   0.976562
10110          10   0.488281



              count        pct
IRSp53_Cdc42                  
1              1008  49.218750
0              1007  49.169922
                 33   1.611328



             count        pct
IRSp53_Rac1                  
0              813  39.697266
00010          324  15.820312
10000          223  10.888672
00101          196   9.570312
011            165   8.056641
10100          110   5.371094
01100           78   3.808594
001             70   3.417969
                33   1.611328
1               20   0.976562
10010110         9   0.439453
01111000         7   0.341797



       count        pct
LIMK                   
1       1653  80.712891
0        284  13.867188
11011     78   3.808594
          33   1.611328



      count        pct
NET1                  
0      2015  98.388672
         33   1.611328



          count        pct
PAK                       
1          1015  49.560547
0           494  24.121094
00100       280  13.671875
01001        81   3.955078
011          71   3.466797
10100        36   1.757812
             33   1.611328
001          31   1.513672
01111000      5   0.244141
11010010      2   0.097656



      count        pct
PIP2                  
0      1030  50.292969
1       985  48.095703
         33   1.611328



       count        pct
PKD                    
1        800  39.062500
10111    324  15.820312
0        284  13.867188
11101    223  10.888672
01011    196   9.570312
01101    110   5.371094
01110     78   3.808594
          33   1.611328



            count        pct
Profilin                    
1             865  42.236328
0             620  30.273438
11101         223  10.888672
10            166   8.105469
01101          74   3.613281
0110001101     36   1.757812
               33   1.611328
110            31   1.513672



       count        pct
ROCK                   
1        800  39.062500
01111    324  15.820312
0        284  13.867188
11011    223  10.888672
10110    196   9.570312
11010    110   5.371094
11100     78   3.808594
          33   1.611328



          count        pct
ROS                       
0           813  39.697266
00010       324  15.820312
10000       223  10.888672
00101       196   9.570312
011         165   8.056641
10100       110   5.371094
01100        78   3.808594
001          70   3.417969
             33   1.611328
1            20   0.976562
10010110      9   0.439453
01111000      7   0.341797



          count        pct
Rac1                      
0           813  39.697266
00100       324  15.820312
00001       223  10.888672
01010       196   9.570312
110         165   8.056641
01001       110   5.371094
11000        78   3.808594
010          70   3.417969
             33   1.611328
1            20   0.976562
00101101      9   0.439453
11110000      7   0.341797



          count        pct
RhoA                      
1           813  39.697266
11110       324  15.820312
10111       223  10.888672
01101       196   9.570312
010         165   8.056641
10101       110   5.371094
11001        78   3.808594
011          70   3.417969
             33   1.611328
0            20   0.976562
10110100      9   0.439453
11000011      7   0.341797



       count        pct
SSH                    
0       1653  80.712891
1        284  13.867188
01000     78   3.808594
          33   1.611328



          count        pct
Thymosin                  
0           860  41.992188
1           606  29.589844
01          549  26.806641
             33   1.611328



      count        pct
WASP                  
1       816  39.843750
0       619  30.224609
01      549  26.806641
         33   1.611328
101      31   1.513672



      count        pct
WAVE                  
0      2015  98.388672
         33   1.611328



