                     count        pct
Actin_BR   Actin_ST                  
0          0           516  25.195312
1          1           244  11.914062
01         01          166   8.105469
1          11011       142   6.933594
00001      11110       128   6.250000
110        1           126   6.152344
00001      1           106   5.175781
0010010100 11110        95   4.638672
0010110101 10110        74   3.613281
01001      1            71   3.466797
00001      0            67   3.271484
0          1            57   2.783203
1          01110        41   2.001953
110        101          39   1.904297
010        101          39   1.904297
00101      00110        36   1.757812
01001      0            36   1.757812
                        33   1.611328
010        010          31   1.513672
1          0             1   0.048828



                   count        pct
Rac1     RhoA                      
0        1           813  39.697266
00100    11110       324  15.820312
00001    10111       223  10.888672
01010    01101       196   9.570312
110      010         165   8.056641
01001    10101       110   5.371094
11000    11001        78   3.808594
010      011          70   3.417969
                      33   1.611328
1        0            20   0.976562
00101101 10110100      9   0.439453
11110000 11000011      7   0.341797



