          count        pct
ARHGAP22                  
1           516  50.390625
11101       170  16.601562
0           141  13.769531
10110       115  11.230469
00011        39   3.808594
01110        33   3.222656
001          10   0.976562



          count        pct
Actin_BR                  
1           489  47.753906
0           471  45.996094
011          60   5.859375
010           4   0.390625



          count        pct
Actin_ST                  
1           751  73.339844
0           237  23.144531
010          32   3.125000
110           4   0.390625



        count        pct
Arp2_3                  
1         489  47.753906
0         471  45.996094
110        60   5.859375
100         4   0.390625



     count        pct
CP                   
0      751  73.339844
1      237  23.144531
011     32   3.125000
010      4   0.390625



       count        pct
Cdc42                  
0        523  51.074219
1        501  48.925781



         count        pct
Cofilin                  
0          647  63.183594
1          188  18.359375
10111       94   9.179688
10110       46   4.492188
101         28   2.734375
10001       21   2.050781



         count        pct
Coronin                  
0          801  78.222656
1          141  13.769531
00011       39   3.808594
00100       33   3.222656
101         10   0.976562



           count        pct
Cortactin                  
0            516  50.390625
10000        170  16.601562
01010        115  11.230469
1             87   8.496094
00110         72   7.031250
101           50   4.882812
001           14   1.367188



       count        pct
Dia1                   
1        489  47.753906
0        308  30.078125
10111     76   7.421875
01101     69   6.738281
100       29   2.832031
00110     21   2.050781
011       19   1.855469
10011     13   1.269531



      count        pct
Dia2                  
1       972  94.921875
101      35   3.417969
0        17   1.660156



          count        pct
Ena_Vasp                  
1          1021  99.707031
110           3   0.292969



              count        pct
IRSp53_Cdc42                  
0               523  51.074219
1               501  48.925781



             count    pct
IRSp53_Rac1              
0             1024  100.0



       count        pct
LIMK                   
1        801  78.222656
0        141  13.769531
11100     39   3.808594
11011     33   3.222656
010       10   0.976562



      count        pct
NET1                  
0       518  50.585938
1       471  45.996094
010      35   3.417969



     count        pct
PAK                  
1      518  50.585938
0      471  45.996094
011     35   3.417969



      count        pct
PIP2                  
0       513  50.097656
1       511  49.902344



       count        pct
PKD                    
1        516  50.390625
11101    170  16.601562
0        141  13.769531
10110    115  11.230469
00011     39   3.808594
01110     33   3.222656
001       10   0.976562



          count    pct
Profilin              
1          1024  100.0



       count        pct
ROCK                   
1        516  50.390625
11011    170  16.601562
0        141  13.769531
01101    115  11.230469
00110     39   3.808594
11100     33   3.222656
010       10   0.976562



       count        pct
ROS                    
0        516  50.390625
10000    170  16.601562
01010    115  11.230469
1         87   8.496094
101       60   5.859375
00111     39   3.808594
01100     33   3.222656
001        4   0.390625



       count        pct
Rac1                   
0        516  50.390625
00001    170  16.601562
10100    115  11.230469
1         87   8.496094
011       60   5.859375
01110     39   3.808594
11000     33   3.222656
010        4   0.390625



       count        pct
RhoA                   
1        516  50.390625
10111    170  16.601562
11010    115  11.230469
0         87   8.496094
01100     39   3.808594
011       39   3.808594
11001     33   3.222656
001       25   2.441406



       count        pct
SSH                    
0        801  78.222656
1        141  13.769531
00110     39   3.808594
01000     33   3.222656
011       10   0.976562



          count    pct
Thymosin              
0          1024  100.0



      count        pct
WASP                  
1       781  76.269531
0       240  23.437500
101       3   0.292969



       count        pct
WAVE                   
0        516  50.390625
10000    170  16.601562
01010    115  11.230469
1         87   8.496094
101       60   5.859375
00111     39   3.808594
01100     33   3.222656
001        4   0.390625



