                   count        pct
Actin_BR Actin_ST                  
1        1          1280  62.500000
010      011         223  10.888672
011      1           204   9.960938
0        0           125   6.103516
110      1            96   4.687500
1        0            50   2.441406
110      011111       21   1.025391
011      100          21   1.025391
         0            14   0.683594
                       7   0.341797
011      011           5   0.244141
010      1             1   0.048828
0        011           1   0.048828



           count        pct
Rac1 RhoA                  
1    0      1330  64.941406
011  101     231  11.279297
010  1       219  10.693359
0    1       125   6.103516
110  011      97   4.736328
     100      21   1.025391
011  100      14   0.683594
               7   0.341797
010  101       4   0.195312



