                                         count        pct
cycle_Actin_BR_norm cycle_Actin_ST_norm                  
1                   1                      484  47.265625
0                   0                      225  21.972656
1                   0                      163  15.917969
                    0100                    80   7.812500
1110                1                       31   3.027344
                    0                       22   2.148438
101                 0                       12   1.171875
1                   10                       7   0.683594



