                                         count        pct
cycle_Actin_BR_norm cycle_Actin_ST_norm                  
0                   0                      266  25.976562
1                   1                      251  24.511719
                    1101                   146  14.257812
0                   1                      114  11.132812
0001                1101                    37   3.613281
1001                1101                    37   3.613281
01                  01                      32   3.125000
011                 110                     26   2.539062
0001                0001                    26   2.539062
01                  1101                    18   1.757812
0001                01                      16   1.562500
1001                01                      16   1.562500
1101                1                       11   1.074219
                    1001                     8   0.781250
1                   01                       7   0.683594
0                   1100111101               6   0.585938
01                  0                        5   0.488281
0                   110011                   1   0.097656
                    000110                   1   0.097656



