                   count        pct
Actin_BR Actin_ST                  
1        1           784  38.281250
0        0           526  25.683594
         1           339  16.552734
10       1           213  10.400391
         01           72   3.515625
010      011          66   3.222656
011      1            33   1.611328
0        01           15   0.732422



           count        pct
Rac1 RhoA                  
0    1      1178  57.519531
1    1       771  37.646484
010  1        66   3.222656
011  1        33   1.611328



