                                         count        pct
cycle_Actin_BR_norm cycle_Actin_ST_norm                  
0                   1                      308  30.078125
                    1101                   204  19.921875
                    10101                  154  15.039062
                    0                      119  11.621094
                    11110                   94   9.179688
                    111101                  80   7.812500
                    10                      20   1.953125
                    00001                   17   1.660156
                    011000                  16   1.562500
                    0010                     8   0.781250
                    01                       4   0.390625



