                   count        pct
Actin_BR Actin_ST                  
1        0           514  50.195312
010      0           235  22.949219
000010   0           159  15.527344
101      0            96   9.375000
0        0            20   1.953125



               count        pct
Rac1   RhoA                    
1      0         514  50.195312
010    001       235  22.949219
010000 111001    159  15.527344
101    0          96   9.375000
0      1          10   0.976562
       0          10   0.976562



