          count        pct
ARHGAP22                  
0           655  63.964844
001         185  18.066406
001111      177  17.285156
1             7   0.683594



          count        pct
Actin_BR                  
1           498  48.632812
001         243  23.730469
000001      177  17.285156
101          98   9.570312
0             8   0.781250



          count        pct
Actin_ST                  
1           544  53.125000
0           237  23.144531
001         158  15.429688
001110       85   8.300781



        count        pct
Arp2_3                  
1         498  48.632812
010       243  23.730469
000010    177  17.285156
011        98   9.570312
0           8   0.781250



        count        pct
CP                      
0         544  53.125000
1         237  23.144531
001       117  11.425781
000010     85   8.300781
011        41   4.003906



       count        pct
Cdc42                  
0        539  52.636719
1        485  47.363281



         count        pct
Cofilin                  
1          574  56.054688
001        185  18.066406
000001     177  17.285156
101         81   7.910156
0            7   0.683594



         count        pct
Coronin                  
1          655  63.964844
0          369  36.035156



           count        pct
Cortactin                  
1            498  48.632812
100          243  23.730469
000100       177  17.285156
110           98   9.570312
0              8   0.781250



        count        pct
Dia1                    
0         597  58.300781
010       243  23.730469
011110    177  17.285156
1           7   0.683594



        count        pct
Dia2                    
1         492  48.046875
010       243  23.730469
011110    177  17.285156
0         112  10.937500



          count        pct
Ena_Vasp                  
1           905  88.378906
001111       85   8.300781
011          34   3.320312



              count        pct
IRSp53_Cdc42                  
0               539  52.636719
1               485  47.363281



             count        pct
IRSp53_Rac1                  
1              498  48.632812
100            243  23.730469
000100         177  17.285156
110             98   9.570312
0                8   0.781250



      count    pct
LIMK              
0      1024  100.0



        count        pct
NET1                    
0         499  48.730469
101       243  23.730469
111101    177  17.285156
100        98   9.570312
1           7   0.683594



        count        pct
PAK                     
1         499  48.730469
100       243  23.730469
000100    177  17.285156
110        98   9.570312
0           7   0.683594



      count        pct
PIP2                  
1       540  52.734375
0       484  47.265625



        count        pct
PKD                     
0         655  63.964844
001       185  18.066406
001111    177  17.285156
1           7   0.683594



          count        pct
Profilin                  
1           822  80.273438
011         117  11.425781
011110       85   8.300781



        count        pct
ROCK                    
0         655  63.964844
010       185  18.066406
011110    177  17.285156
1           7   0.683594



        count        pct
ROS                     
1         498  48.632812
100       243  23.730469
000100    177  17.285156
110        98   9.570312
0           8   0.781250



        count        pct
Rac1                    
1         498  48.632812
001       243  23.730469
001000    177  17.285156
101        98   9.570312
0           8   0.781250



        count        pct
RhoA                    
0         597  58.300781
100       243  23.730469
111100    177  17.285156
1           7   0.683594



     count        pct
SSH                  
1      655  63.964844
0      369  36.035156



          count    pct
Thymosin              
0          1024  100.0



        count        pct
WASP                    
1         819  79.980469
110       117  11.425781
001100     85   8.300781
0           3   0.292969



        count        pct
WAVE                    
1         596  58.203125
110       243  23.730469
000110    177  17.285156
0           8   0.781250



