          count    pct
ARHGAP22              
0          2048  100.0



          count        pct
Actin_BR                  
1           977  47.705078
010         490  23.925781
0           410  20.019531
110         171   8.349609



          count        pct
Actin_ST                  
1          1392  67.968750
0           571  27.880859
101          78   3.808594
10            7   0.341797



        count        pct
Arp2_3                  
1         977  47.705078
100       490  23.925781
0         410  20.019531
101       171   8.349609



    count        pct
CP                  
0    1052  51.367188
1     993  48.486328
10      3   0.146484



       count        pct
Cdc42                  
0       1036  50.585938
1       1012  49.414062



         count        pct
Cofilin                  
1         1242  60.644531
101        359  17.529297
0          327  15.966797
01         120   5.859375



         count        pct
Coronin                  
1         1656  80.859375
0          280  13.671875
01         112   5.468750



           count        pct
Cortactin                  
1            977  47.705078
001          490  23.925781
0            410  20.019531
011          171   8.349609



      count    pct
Dia1              
0      2048  100.0



      count        pct
Dia2                  
1       977  47.705078
001     490  23.925781
0       410  20.019531
011     171   8.349609



          count        pct
Ena_Vasp                  
1          1532  74.804688
110         224  10.937500
0           207  10.107422
10           85   4.150391



              count        pct
IRSp53_Cdc42                  
0              1036  50.585938
1              1012  49.414062



             count        pct
IRSp53_Rac1                  
1              977  47.705078
001            490  23.925781
0              410  20.019531
011            171   8.349609



      count        pct
LIMK                  
0      1993  97.314453
10       28   1.367188
1        27   1.318359



      count    pct
NET1              
0      2048  100.0



     count        pct
PAK                  
1     1036  50.585938
001    490  23.925781
0      351  17.138672
011    171   8.349609



      count      pct
PIP2                
1      1056  51.5625
0       992  48.4375



     count    pct
PKD              
0     2048  100.0



          count        pct
Profilin                  
1          1471  71.826172
0           346  16.894531
110         224  10.937500
01            7   0.341797



      count    pct
ROCK              
0      2048  100.0



     count        pct
ROS                  
1      977  47.705078
001    490  23.925781
0      410  20.019531
011    171   8.349609



      count        pct
Rac1                  
1       977  47.705078
010     490  23.925781
0       410  20.019531
110     171   8.349609



      count    pct
RhoA              
0      2048  100.0



     count        pct
SSH                  
1     1656  80.859375
0      280  13.671875
10     112   5.468750



          count        pct
Thymosin                  
0          1662  81.152344
1           205  10.009766
01          181   8.837891



      count        pct
WASP                  
1      1430  69.824219
0       251  12.255859
101     224  10.937500
01      143   6.982422



      count        pct
WAVE                  
1      1148  56.054688
101     490  23.925781
0       410  20.019531



