                   count        pct
Actin_BR Actin_ST                  
0        1           479  46.777344
1        0           307  29.980469
0100     01          136  13.281250
101      001          90   8.789062
010      110          12   1.171875



             count        pct
Rac1  RhoA                   
0     1        659  64.355469
01000 11101    107  10.449219
1     0         70   6.835938
101   110       53   5.175781
      100       37   3.613281
00101 10110     37   3.613281
10001 10011     26   2.539062
01110 01100     23   2.246094
010   110       12   1.171875



