          count        pct
ARHGAP22                  
0           671  65.527344
1           232  22.656250
010         121  11.816406



          count        pct
Actin_BR                  
0           320  31.250000
1           244  23.828125
010         244  23.828125
011         216  21.093750



          count        pct
Actin_ST                  
0           329  32.128906
1           295  28.808594
001         118  11.523438
010          82   8.007812
01           77   7.519531
110010       74   7.226562
000001       26   2.539062
111101       15   1.464844
101           8   0.781250



        count        pct
Arp2_3                  
0         320  31.250000
100       244  23.828125
1         244  23.828125
110       216  21.093750



        count        pct
CP                      
0         600  58.593750
001       137  13.378906
1         122  11.914062
011       100   9.765625
010000     50   4.882812
101000     13   1.269531
10          2   0.195312



       count        pct
Cdc42                  
1        525  51.269531
0        499  48.730469



         count    pct
Cofilin              
0         1024  100.0



         count        pct
Coronin                  
1          625  61.035156
0          385  37.597656
10          14   1.367188



           count        pct
Cortactin                  
0            320  31.250000
1            244  23.828125
001          244  23.828125
101          216  21.093750



      count    pct
Dia1              
0      1024  100.0



      count        pct
Dia2                  
1       785  76.660156
100     187  18.261719
0        52   5.078125



          count        pct
Ena_Vasp                  
1           818  79.882812
001          66   6.445312
0            60   5.859375
10           48   4.687500
011101       32   3.125000



              count        pct
IRSp53_Cdc42                  
1               525  51.269531
0               499  48.730469



             count        pct
IRSp53_Rac1                  
0              320  31.250000
1              244  23.828125
001            244  23.828125
101            216  21.093750



      count        pct
LIMK                  
0       625  61.035156
1       385  37.597656
01       14   1.367188



      count        pct
NET1                  
0       531  51.855469
1       260  25.390625
011     187  18.261719
100      26   2.539062
001      20   1.953125



     count        pct
PAK                  
1      531  51.855469
0      260  25.390625
001    187  18.261719
110     26   2.539062
101     20   1.953125



      count        pct
PIP2                  
0       515  50.292969
1       509  49.707031



     count        pct
PKD                  
0      671  65.527344
1      232  22.656250
010    121  11.816406



          count        pct
Profilin                  
1           532  51.953125
0           205  20.019531
011         121  11.816406
110111       89   8.691406
10           77   7.519531



      count        pct
ROCK                  
0       671  65.527344
1       232  22.656250
100     121  11.816406



     count        pct
ROS                  
0      320  31.250000
1      244  23.828125
001    244  23.828125
101    216  21.093750



      count        pct
Rac1                  
0       320  31.250000
1       244  23.828125
010     244  23.828125
011     216  21.093750



      count        pct
RhoA                  
0       577  56.347656
1       260  25.390625
001     187  18.261719



     count        pct
SSH                  
1      625  61.035156
0      385  37.597656
01      14   1.367188



          count        pct
Thymosin                  
10          403  39.355469
1           326  31.835938
0           295  28.808594



      count        pct
WASP                  
10      403  39.355469
0       326  31.835938
1       295  28.808594



      count        pct
WAVE                  
1       460  44.921875
0       320  31.250000
101     244  23.828125



