          count    pct
ARHGAP22              
0          1024  100.0



          count        pct
Actin_BR                  
1           479  46.777344
001         246  24.023438
0           210  20.507812
110          89   8.691406



          count        pct
Actin_ST                  
1           676  66.015625
0           299  29.199219
101          44   4.296875
01            5   0.488281



        count        pct
Arp2_3                  
1         479  46.777344
010       246  24.023438
0         210  20.507812
101        89   8.691406



    count        pct
CP                  
1     520  50.781250
0     487  47.558594
10     17   1.660156



       count        pct
Cdc42                  
0        519  50.683594
1        505  49.316406



         count        pct
Cofilin                  
1          626  61.132812
101        178  17.382812
0          162  15.820312
10          58   5.664062



         count        pct
Coronin                  
1          824  80.468750
0          147  14.355469
10          53   5.175781



           count        pct
Cortactin                  
1            479  46.777344
100          246  24.023438
0            210  20.507812
011           89   8.691406



      count    pct
Dia1              
0      1024  100.0



      count        pct
Dia2                  
1       479  46.777344
100     246  24.023438
0       210  20.507812
011      89   8.691406



          count        pct
Ena_Vasp                  
1           704  68.750000
0           131  12.792969
101         113  11.035156
01           76   7.421875



              count    pct
IRSp53_Cdc42              
0              1024  100.0



             count        pct
IRSp53_Rac1                  
1              479  46.777344
100            246  24.023438
0              210  20.507812
011             89   8.691406



      count        pct
LIMK                  
0       994  97.070312
1        18   1.757812
01       12   1.171875



      count        pct
NET1                  
0       511  49.902344
101     246  24.023438
1       178  17.382812
010      89   8.691406



     count        pct
PAK                  
1      511  49.902344
100    246  24.023438
0      178  17.382812
011     89   8.691406



      count        pct
PIP2                  
0       519  50.683594
1       505  49.316406



     count    pct
PKD              
0     1024  100.0



          count        pct
Profilin                  
1           721  70.410156
0           185  18.066406
101         113  11.035156
10            5   0.488281



      count    pct
ROCK              
0      1024  100.0



     count        pct
ROS                  
1      479  46.777344
100    246  24.023438
0      210  20.507812
011     89   8.691406



      count        pct
Rac1                  
1       479  46.777344
001     246  24.023438
0       210  20.507812
110      89   8.691406



      count    pct
RhoA              
0      1024  100.0



     count        pct
SSH                  
1      824  80.468750
0      147  14.355469
01      53   5.175781



          count        pct
Thymosin                  
0           822  80.273438
10          102   9.960938
1           100   9.765625



      count        pct
WASP                  
1       704  68.750000
0       131  12.792969
011     113  11.035156
10       76   7.421875



      count        pct
WAVE                  
1       568  55.468750
110     246  24.023438
0       210  20.507812



