                   count        pct
Actin_BR Actin_ST                  
1        1           478  46.679688
0        0           185  18.066406
001      1           133  12.988281
         0           113  11.035156
110      1            45   4.394531
         101          44   4.296875
0        1            20   1.953125
         01            5   0.488281
1        0             1   0.097656



           count        pct
Rac1 RhoA                  
1    0       479  46.777344
001  0       246  24.023438
0    0       210  20.507812
110  0        89   8.691406



