          count    pct
ARHGAP22              
0          1024  100.0



          count        pct
Actin_BR                  
1           516  50.390625
001         245  23.925781
0           177  17.285156
101          86   8.398438



          count    pct
Actin_ST              
0          1024  100.0



        count        pct
Arp2_3                  
1         516  50.390625
010       245  23.925781
0         177  17.285156
011        86   8.398438



     count        pct
CP                   
0      599  58.496094
1      257  25.097656
001    126  12.304688
011     39   3.808594
10       3   0.292969



       count        pct
Cdc42                  
1        523  51.074219
0        501  48.925781



         count        pct
Cofilin                  
1          589  57.519531
101        166  16.210938
0          138  13.476562
01         131  12.792969



         count        pct
Coronin                  
1          852  83.203125
0          126  12.304688
01          46   4.492188



           count        pct
Cortactin                  
1            516  50.390625
100          245  23.925781
0            177  17.285156
110           86   8.398438



      count    pct
Dia1              
0      1024  100.0



      count        pct
Dia2                  
1       523  51.074219
0       501  48.925781



          count        pct
Ena_Vasp                  
1           777  75.878906
011         126  12.304688
0            85   8.300781
10           36   3.515625



              count        pct
IRSp53_Cdc42                  
1               523  51.074219
0               501  48.925781



             count        pct
IRSp53_Rac1                  
1              516  50.390625
100            245  23.925781
0              177  17.285156
110             86   8.398438



      count        pct
LIMK                  
0      1009  98.535156
01        9   0.878906
1         6   0.585938



      count        pct
NET1                  
0       534  52.148438
101     245  23.925781
1       159  15.527344
100      86   8.398438



     count        pct
PAK                  
1      534  52.148438
100    245  23.925781
0      159  15.527344
110     86   8.398438



      count        pct
PIP2                  
1       518  50.585938
0       506  49.414062



     count    pct
PKD              
0     1024  100.0



          count    pct
Profilin              
0          1024  100.0



      count    pct
ROCK              
0      1024  100.0



     count        pct
ROS                  
1      516  50.390625
100    245  23.925781
0      177  17.285156
110     86   8.398438



      count        pct
Rac1                  
1       516  50.390625
001     245  23.925781
0       177  17.285156
101      86   8.398438



      count    pct
RhoA              
0      1024  100.0



     count        pct
SSH                  
1      852  83.203125
0      126  12.304688
10      46   4.492188



          count        pct
Thymosin                  
0           795  77.636719
01          152  14.843750
1            77   7.519531



      count        pct
WASP                  
1       668  65.234375
01      134  13.085938
110     126  12.304688
0        96   9.375000



      count        pct
WAVE                  
1       602  58.789062
110     245  23.925781
0       177  17.285156



