          count        pct
ARHGAP22                  
0           683  66.699219
1           310  30.273438
             31   3.027344



          count        pct
Actin_BR                  
0           391  38.183594
1           364  35.546875
110         139  13.574219
100          31   3.027344
             31   3.027344
0100         30   2.929688
101          16   1.562500
00001000     13   1.269531
10            9   0.878906



           count        pct
Actin_ST                   
1            540  52.734375
0            179  17.480469
111100000     68   6.640625
11011111      50   4.882812
100           36   3.515625
01            34   3.320312
100101        31   3.027344
              31   3.027344
110100        26   2.539062
110           20   1.953125
001            9   0.878906



          count        pct
Arp2_3                    
0           391  38.183594
1           364  35.546875
101         139  13.574219
001          31   3.027344
             31   3.027344
1000         30   2.929688
011          16   1.562500
00010000     13   1.269531
01            9   0.878906



        count        pct
CP                      
0         678  66.210938
1         124  12.109375
01         59   5.761719
110        36   3.515625
100        31   3.027344
           31   3.027344
0100       30   2.929688
010100     26   2.539062
101         9   0.878906



       count        pct
Cdc42                  
1        506  49.414062
0        487  47.558594
          31   3.027344



         count        pct
Cofilin                  
0          993  96.972656
            31   3.027344



         count        pct
Coronin                  
1          683  66.699219
10         233  22.753906
0           54   5.273438
            31   3.027344
01          23   2.246094



           count        pct
Cortactin                  
1            359  35.058594
0            310  30.273438
011          175  17.089844
111110000     68   6.640625
00011110      37   3.613281
010           31   3.027344
              31   3.027344
00101101      13   1.269531



           count        pct
Dia1                       
0            374  36.523438
1            274  26.757812
010          131  12.792969
111000011     68   6.640625
01111000      37   3.613281
              31   3.027344
1101          30   2.929688
101           27   2.636719
100101        26   2.539062
10110100      13   1.269531
001            9   0.878906
01             4   0.390625



           count        pct
Dia2                       
1            729  71.191406
0            111  10.839844
101           85   8.300781
111000011     68   6.640625
              31   3.027344



          count        pct
Ena_Vasp                  
1           613  59.863281
0           219  21.386719
10          112  10.937500
01           49   4.785156
             31   3.027344



              count        pct
IRSp53_Cdc42                  
1               506  49.414062
0               487  47.558594
                 31   3.027344



             count        pct
IRSp53_Rac1                  
1              359  35.058594
0              310  30.273438
011            175  17.089844
111110000       68   6.640625
00011110        37   3.613281
010             31   3.027344
                31   3.027344
00101101        13   1.269531



      count        pct
LIMK                  
0       683  66.699219
01      233  22.753906
1        54   5.273438
         31   3.027344
10       23   2.246094



           count        pct
NET1                       
0            617  60.253906
1            223  21.777344
010           85   8.300781
100000111     68   6.640625
              31   3.027344



           count        pct
PAK                        
1            617  60.253906
0            223  21.777344
011           85   8.300781
111110000     68   6.640625
              31   3.027344



      count        pct
PIP2                  
1       512  50.000000
0       481  46.972656
         31   3.027344



     count        pct
PKD                  
0      993  96.972656
        31   3.027344



           count        pct
Profilin                   
1            812  79.296875
111111101     68   6.640625
10111111      50   4.882812
101111        31   3.027344
              31   3.027344
1110          30   2.929688
10             2   0.195312



      count        pct
ROCK                  
0       683  66.699219
1       310  30.273438
         31   3.027344



           count        pct
ROS                        
1            359  35.058594
0            310  30.273438
011          175  17.089844
111110000     68   6.640625
00011110      37   3.613281
010           31   3.027344
              31   3.027344
00101101      13   1.269531



           count        pct
Rac1                       
1            359  35.058594
0            310  30.273438
110          175  17.089844
111100001     68   6.640625
00111100      37   3.613281
100           31   3.027344
              31   3.027344
01011010      13   1.269531



           count        pct
RhoA                       
0            359  35.058594
1            310  30.273438
011          116  11.328125
100           90   8.789062
110000111     68   6.640625
11110000      37   3.613281
              31   3.027344
01101001      13   1.269531



     count        pct
SSH                  
1      683  66.699219
01     233  22.753906
0       54   5.273438
        31   3.027344
10      23   2.246094



          count        pct
Thymosin                  
10          399  38.964844
1           288  28.125000
0           276  26.953125
             31   3.027344
01           30   2.929688



      count        pct
WASP                  
10      399  38.964844
0       288  28.125000
1       276  26.953125
         31   3.027344
01       30   2.929688



           count        pct
WAVE                       
1            534  52.148438
0            310  30.273438
111111000     68   6.640625
00011111      37   3.613281
011           31   3.027344
              31   3.027344
10111111      13   1.269531



