                   count        pct
Actin_BR Actin_ST                  
1        0           278  27.148438
         1           246  24.023438
0        1           113  11.035156
010      001         110  10.742188
0        0           107  10.449219
010      1           104  10.156250
101      1            35   3.417969
         001          31   3.027344



           count        pct
Rac1 RhoA                  
1    0       524  51.171875
0    1       215  20.996094
010  001     214  20.898438
101  0        66   6.445312
0    0         5   0.488281



