          count        pct
ARHGAP22                  
0           651  63.574219
100         181  17.675781
1           112  10.937500
111100       80   7.812500



          count        pct
Actin_BR                  
1           511  49.902344
100         240  23.437500
0           118  11.523438
000100       80   7.812500
101          75   7.324219



          count        pct
Actin_ST                  
1           760  74.218750
001         151  14.746094
0           113  11.035156



        count        pct
Arp2_3                  
1         511  49.902344
001       240  23.437500
0         118  11.523438
001000     80   7.812500
011        75   7.324219



    count        pct
CP                  
1     518  50.585938
0     506  49.414062



       count        pct
Cdc42                  
0        525  51.269531
1        499  48.730469



         count        pct
Cofilin                  
1          651  63.574219
0          284  27.734375
001         89   8.691406



         count        pct
Coronin                  
1          651  63.574219
0          373  36.425781



           count    pct
Cortactin              
0           1024  100.0



        count        pct
Dia1                    
0         822  80.273438
001       117  11.425781
111001     80   7.812500
1           5   0.488281



        count        pct
Dia2                    
1         629  61.425781
011       315  30.761719
111001     80   7.812500



          count        pct
Ena_Vasp                  
1           867  84.667969
011         117  11.425781
010          34   3.320312
0             6   0.585938



              count        pct
IRSp53_Cdc42                  
0               525  51.269531
1               499  48.730469



             count        pct
IRSp53_Rac1                  
1              511  49.902344
010            240  23.437500
0              118  11.523438
010000          80   7.812500
110             75   7.324219



        count        pct
LIMK                    
0         651  63.574219
1         293  28.613281
111110     80   7.812500



        count        pct
NET1                    
0         511  49.902344
110       240  23.437500
1         118  11.523438
110111     80   7.812500
100        75   7.324219



        count        pct
PAK                     
1         511  49.902344
010       240  23.437500
0         118  11.523438
010000     80   7.812500
110        75   7.324219



      count        pct
PIP2                  
0       518  50.585938
1       506  49.414062



        count        pct
PKD                     
0         651  63.574219
100       181  17.675781
1         112  10.937500
111100     80   7.812500



          count        pct
Profilin                  
1           788  76.953125
011         123  12.011719
0           113  11.035156



        count        pct
ROCK                    
0         651  63.574219
001       181  17.675781
1         112  10.937500
111001     80   7.812500



        count        pct
ROS                     
1         511  49.902344
010       240  23.437500
0         118  11.523438
010000     80   7.812500
110        75   7.324219



        count        pct
Rac1                    
1         511  49.902344
100       240  23.437500
0         118  11.523438
100000     80   7.812500
101        75   7.324219



        count        pct
RhoA                    
0         586  57.226562
010       240  23.437500
1         118  11.523438
110011     80   7.812500



     count        pct
SSH                  
1      651  63.574219
0      373  36.425781



          count    pct
Thymosin              
0          1024  100.0



      count        pct
WASP                  
1       760  74.218750
100     123  12.011719
0       113  11.035156
110      28   2.734375



        count        pct
WAVE                    
1         586  57.226562
011       240  23.437500
0         118  11.523438
011000     80   7.812500



