                   count        pct
Actin_BR Actin_ST                  
1        1           511  49.902344
100      001         123  12.011719
         1           117  11.425781
0        0           113  11.035156
000100   1            80   7.812500
101      1            47   4.589844
         001          28   2.734375
0        1             5   0.488281



               count        pct
Rac1   RhoA                    
1      0         511  49.902344
100    010       240  23.437500
0      1         118  11.523438
100000 110011     80   7.812500
101    0          75   7.324219



