                    count        pct
Actin_BR Actin_ST                   
0        0            519  50.683594
         1            245  23.925781
         10           122  11.914062
                       99   9.667969
0        101001        22   2.148438
         001100000     17   1.660156



                     count        pct
Rac1      RhoA                       
0         0            499  48.730469
          1            287  28.027344
110000011 000001111    103  10.058594
                        99   9.667969
001       100           36   3.515625



