          count        pct
ARHGAP22                  
0           646  63.085938
011110      226  22.070312
010         137  13.378906
1            15   1.464844



          count        pct
Actin_BR                  
010         561  54.785156
000010      226  22.070312
0           184  17.968750
011          49   4.785156
1             4   0.390625



           count        pct
Actin_ST                   
010          576  56.250000
0            194  18.945312
001111       123  12.011719
001110       103  10.058594
1             15   1.464844
011            9   0.878906
000000111      4   0.390625



        count        pct
Arp2_3                  
100       561  54.785156
000100    226  22.070312
0         184  17.968750
110        49   4.785156
1           4   0.390625



        count        pct
CP                      
0         476  46.484375
100       401  39.160156
000010    103  10.058594
101        40   3.906250
1           4   0.390625



       count        pct
Cdc42                  
0        515  50.292969
1        509  49.707031



         count        pct
Cofilin                  
0          534  52.148438
1          254  24.804688
010        211  20.605469
011         13   1.269531
01          12   1.171875



         count        pct
Coronin                  
0          496  48.437500
1          491  47.949219
01          37   3.613281



           count        pct
Cortactin                  
001          561  54.785156
001000       226  22.070312
0            180  17.578125
101           49   4.785156
100000111      4   0.390625
1              4   0.390625



           count        pct
Dia1                       
0            538  52.539062
010          241  23.535156
111100       226  22.070312
1             15   1.464844
000011110      4   0.390625



           count        pct
Dia2                       
1            524  51.171875
010          241  23.535156
111100       226  22.070312
0             29   2.832031
000011110      4   0.390625



          count        pct
Ena_Vasp                  
1           524  51.171875
001111      226  22.070312
001         137  13.378906
0           137  13.378906



              count        pct
IRSp53_Cdc42                  
0               515  50.292969
1               509  49.707031



             count    pct
IRSp53_Rac1              
0             1024  100.0



        count        pct
LIMK                    
0         491  47.949219
1         270  26.367188
011111    226  22.070312
10         37   3.613281



           count        pct
NET1                       
0            513  50.097656
101          241  23.535156
111011       226  22.070312
100           25   2.441406
1             15   1.464844
001111100      4   0.390625



           count        pct
PAK                        
1            513  50.097656
100          241  23.535156
001000       226  22.070312
110           25   2.441406
0             15   1.464844
100000111      4   0.390625



      count        pct
PIP2                  
0       513  50.097656
1       511  49.902344



        count        pct
PKD                     
0         646  63.085938
011110    226  22.070312
010       137  13.378906
1          15   1.464844



           count        pct
Profilin                   
100          320  31.250000
011          290  28.320312
011110       226  22.070312
0            165  16.113281
1             19   1.855469
110001111      4   0.390625



        count        pct
ROCK                    
0         646  63.085938
111100    226  22.070312
100       137  13.378906
1          15   1.464844



           count        pct
ROS                        
001          561  54.785156
001000       226  22.070312
0            180  17.578125
101           49   4.785156
100000111      4   0.390625
1              4   0.390625



           count        pct
Rac1                       
010          561  54.785156
010000       226  22.070312
0            180  17.578125
011           49   4.785156
1              4   0.390625
000001111      4   0.390625



           count        pct
RhoA                       
0            538  52.539062
100          241  23.535156
111001       226  22.070312
1             15   1.464844
000111100      4   0.390625



     count        pct
SSH                  
0      496  48.437500
1      491  47.949219
10      37   3.613281



          count        pct
Thymosin                  
1           534  52.148438
0           254  24.804688
110         211  20.605469
010          13   1.269531
01           12   1.171875



      count    pct
WASP              
0      1024  100.0



           count        pct
WAVE                       
001          561  54.785156
001000       226  22.070312
0            180  17.578125
101           49   4.785156
100000111      4   0.390625
1              4   0.390625



