          count        pct
ARHGAP22                  
0           680  66.406250
010         158  15.429688
1            94   9.179688
011110       92   8.984375



          count        pct
Actin_BR                  
1           516  50.390625
010         232  22.656250
0           114  11.132812
000010       92   8.984375
011          70   6.835938



          count        pct
Actin_ST                  
0           681  66.503906
010         154  15.039062
110          71   6.933594
001110       43   4.199219
001111       31   3.027344
01           21   2.050781
000010       18   1.757812
1             5   0.488281



        count        pct
Arp2_3                  
1         516  50.390625
100       232  22.656250
0         114  11.132812
000100     92   8.984375
110        70   6.835938



        count        pct
CP                      
1         769  75.097656
010       112  10.937500
000010     92   8.984375
110        36   3.515625
0          15   1.464844



       count        pct
Cdc42                  
1        523  51.074219
0        501  48.925781



         count        pct
Cofilin                  
1          566  55.273438
0          282  27.539062
010000      76   7.421875
110         74   7.226562
01          22   2.148438
010          4   0.390625



         count        pct
Coronin                  
1          665  64.941406
0          353  34.472656
01           6   0.585938



           count        pct
Cortactin                  
1            516  50.390625
001          232  22.656250
0            114  11.132812
001000        92   8.984375
101           70   6.835938



        count        pct
Dia1                    
0         814  79.492188
100       112  10.937500
111100     92   8.984375
1           6   0.585938



        count        pct
Dia2                    
1         615  60.058594
101       302  29.492188
111100     92   8.984375
0          15   1.464844



          count    pct
Ena_Vasp              
0          1024  100.0



              count    pct
IRSp53_Cdc42              
0              1024  100.0



             count        pct
IRSp53_Rac1                  
1              516  50.390625
001            232  22.656250
0              114  11.132812
001000          92   8.984375
101             70   6.835938



        count        pct
LIMK                    
0         665  64.941406
1         261  25.488281
011111     92   8.984375
10          6   0.585938



        count        pct
NET1                    
0         531  51.855469
011       232  22.656250
1          99   9.667969
111011     92   8.984375
001        70   6.835938



        count        pct
PAK                     
1         531  51.855469
001       232  22.656250
0          99   9.667969
001000     92   8.984375
101        70   6.835938



      count        pct
PIP2                  
1       538  52.539062
0       486  47.460938



        count        pct
PKD                     
0         680  66.406250
010       158  15.429688
1          94   9.179688
011110     92   8.984375



          count        pct
Profilin                  
1           689  67.285156
0           112  10.937500
110         110  10.742188
011          44   4.296875
011110       43   4.199219
000110       18   1.757812
010           7   0.683594
10            1   0.097656



        count        pct
ROCK                    
0         680  66.406250
100       158  15.429688
1          94   9.179688
111100     92   8.984375



        count        pct
ROS                     
1         516  50.390625
001       232  22.656250
0         114  11.132812
001000     92   8.984375
101        70   6.835938



        count        pct
Rac1                    
1         516  50.390625
010       232  22.656250
0         114  11.132812
010000     92   8.984375
011        70   6.835938



        count        pct
RhoA                    
0         601  58.691406
001       232  22.656250
1          99   9.667969
111001     92   8.984375



     count        pct
SSH                  
1      665  64.941406
0      353  34.472656
10       6   0.585938



          count        pct
Thymosin                  
0           711  69.433594
10          153  14.941406
1           133  12.988281
01           27   2.636719



        count        pct
WASP                    
1         666  65.039062
0         138  13.476562
10         77   7.519531
000101     76   7.421875
110        40   3.906250
01         27   2.636719



        count        pct
WAVE                    
1         586  57.226562
101       232  22.656250
0         114  11.132812
001100     92   8.984375



