                     count        pct
cycle_Actin_BR_norm                  
1                      726  70.898438
0                      213  20.800781
1110                    49   4.785156
011                     36   3.515625



                     count        pct
cycle_Actin_ST_norm                  
1                      653  63.769531
0                      213  20.800781
1101                   137  13.378906
110                     19   1.855469
10                       2   0.195312



                   count        pct
cycle_Arp2_3_norm                  
1                    726  70.898438
0                    213  20.800781
1101                  49   4.785156
110                   36   3.515625



               count        pct
cycle_CP_norm                  
1                513  50.097656
0                511  49.902344



                  count        pct
cycle_Cdc42_norm                  
0                   531  51.855469
1                   493  48.144531



                    count        pct
cycle_Cofilin_norm                  
0                     615  60.058594
1                     255  24.902344
0111                  102   9.960938
01                     35   3.417969
101                    17   1.660156



                    count        pct
cycle_Coronin_norm                  
0                     627  61.230469
1000                  189  18.457031
1                     112  10.937500
1011                   89   8.691406
01                      7   0.683594



                      count        pct
cycle_Cortactin_norm                  
0                       462  45.117188
1001                    189  18.457031
0010                    147  14.355469
1011                     89   8.691406
1                        76   7.421875
101                      36   3.515625
01                       25   2.441406



                 count    pct
cycle_Dia1_norm              
0                 1024  100.0



                 count        pct
cycle_Dia2_norm                  
1                  538  52.539062
1110               425  41.503906
101                 36   3.515625
01                  25   2.441406



                     count    pct
cycle_Ena_Vasp_norm              
1                     1024  100.0



                   count        pct
cycle_IRSp53_norm                  
1                    550  53.710938
0                    425  41.503906
1011                  49   4.785156



                 count        pct
cycle_LIMK_norm                  
1                  627  61.230469
0111               189  18.457031
0                  112  10.937500
0100                89   8.691406
10                   7   0.683594



                count        pct
cycle_PAK_norm                  
1                 975  95.214844
1011               49   4.785156



                 count        pct
cycle_PIP2_norm                  
0                  513  50.097656
1                  511  49.902344



                count        pct
cycle_PKD_norm                  
1                 462  45.117188
1001              189  18.457031
0111              147  14.355469
0                 112  10.937500
0001               89   8.691406
10                 25   2.441406



                     count        pct
cycle_Profilin_norm                  
1                      811  79.199219
0                      213  20.800781



                 count        pct
cycle_ROCK_norm                  
1                  462  45.117188
0011               189  18.457031
1110               147  14.355469
0                  112  10.937500
0010                89   8.691406
01                  25   2.441406



                  count        pct
cycle_ROCK__norm                  
1                   462  45.117188
1001                189  18.457031
0111                147  14.355469
0                   112  10.937500
0001                 89   8.691406
10                   25   2.441406



                 count        pct
cycle_Rac1_norm                  
0                  462  45.117188
0011               189  18.457031
0100               147  14.355469
0111                89   8.691406
1                   76   7.421875
011                 36   3.515625
10                  25   2.441406



                 count        pct
cycle_RhoA_norm                  
1                  462  45.117188
0110               238  23.242188
1101               147  14.355469
0                   76   7.421875
0100                40   3.906250
010                 36   3.515625
10                  25   2.441406



                count        pct
cycle_SSH_norm                  
0                 627  61.230469
0001              189  18.457031
1                 112  10.937500
0111               89   8.691406
10                  7   0.683594



                     count    pct
cycle_Thymosin_norm              
0                     1024  100.0



                 count        pct
cycle_WASP_norm                  
1                  811  79.199219
0                  213  20.800781



                 count        pct
cycle_WAVE_norm                  
0                  462  45.117188
1001               189  18.457031
0010               147  14.355469
1011                89   8.691406
1                   76   7.421875
101                 36   3.515625
01                  25   2.441406



