          count        pct
Actin_BR                  
1           662  64.648438
101         255  24.902344
101100       56   5.468750
100          51   4.980469



          count    pct
Actin_ST              
0          1024  100.0



        count        pct
Arp2_3                  
1         662  64.648438
011       255  24.902344
011001     56   5.468750
001        51   4.980469



    count     pct
CP               
0     544  53.125
1     480  46.875



       count        pct
Cdc42                  
1        524  51.171875
0        500  48.828125



         count        pct
Cofilin                  
1          572  55.859375
0          171  16.699219
01         164  16.015625
101000      67   6.542969
011         50   4.882812



         count        pct
Coronin                  
1          890  86.914062
001        134  13.085938



           count        pct
Cortactin                  
1            881  86.035156
011          143  13.964844



      count        pct
Dia1                  
0       952  92.968750
010      37   3.613281
001      35   3.417969



      count        pct
Dia2                  
1       662  64.648438
101     171  16.699219
010     145  14.160156
110      46   4.492188



          count        pct
Ena_Vasp                  
1           865  84.472656
111101      102   9.960938
101          57   5.566406



        count        pct
IRSp53                  
1         696  67.968750
010       143  13.964844
101       139  13.574219
110        46   4.492188



      count        pct
LIMK                  
0       890  86.914062
010     134  13.085938



     count        pct
PAK                  
1      696  67.968750
110    319  31.152344
001      9   0.878906



      count     pct
PIP2               
1       544  53.125
0       480  46.875



     count        pct
PKD                  
0      890  86.914062
001    134  13.085938



          count    pct
Profilin              
0          1024  100.0



      count        pct
ROCK                  
0       890  86.914062
010     134  13.085938



      count        pct
Rac1                  
1       662  64.648438
011     171  16.699219
100     145  14.160156
101      46   4.492188



      count        pct
RhoA                  
0       881  86.035156
100     143  13.964844



     count        pct
SSH                  
1      890  86.914062
010    134  13.085938



          count        pct
Thymosin                  
0           647  63.183594
01          164  16.015625
1           111  10.839844
10          102   9.960938



      count        pct
WASP                  
1       647  63.183594
01      164  16.015625
0       111  10.839844
10      102   9.960938



      count        pct
WAVE                  
1       662  64.648438
101     171  16.699219
010     145  14.160156
110      46   4.492188



