          count        pct
ARHGAP22                  
1           525  51.269531
11101       136  13.281250
0           130  12.695312
10101        65   6.347656
00111        57   5.566406
10111        40   3.906250
01100        31   3.027344
01101        19   1.855469
             14   1.367188
010           5   0.488281
100           2   0.195312



            count        pct
Actin_BR                    
0             525  51.269531
1             378  36.914062
1100011010     40   3.906250
10111          19   1.855469
101            17   1.660156
0101101001     14   1.367188
               14   1.367188
00100          13   1.269531
1000            2   0.195312
01              1   0.097656
00000100        1   0.097656



            count        pct
Actin_ST                    
1             605  59.082031
0             255  24.902344
1111111011     73   7.128906
11110          45   4.394531
               14   1.367188
001            12   1.171875
11110111        7   0.683594
111101          7   0.683594
101             2   0.195312
10              2   0.195312
011110000       1   0.097656
01              1   0.097656



            count        pct
Arp2_3                      
0             525  51.269531
1             378  36.914062
1000110101     40   3.906250
01111          19   1.855469
011            17   1.660156
1011010010     14   1.367188
               14   1.367188
01000          13   1.269531
0001            2   0.195312
10              1   0.097656
00001000        1   0.097656



      count        pct
CP                    
0       740  72.265625
1       255  24.902344
         14   1.367188
101      12   1.171875
1000      2   0.195312
01        1   0.097656



       count        pct
Cdc42                  
1        517  50.488281
0        493  48.144531
          14   1.367188



            count        pct
Cofilin                     
0             525  51.269531
1             395  38.574219
1000001010     54   5.273438
0001010101     19   1.855469
               14   1.367188
01             13   1.269531
1000            2   0.195312
010100          2   0.195312



         count        pct
Coronin                  
0          785  76.660156
1          130  12.695312
00010       57   5.566406
01100       31   3.027344
            14   1.367188
011          5   0.488281
110          2   0.195312



           count        pct
Cortactin                  
0           1010  98.632812
              14   1.367188



           count        pct
Dia1                       
1            482  47.070312
0            299  29.199219
11011         61   5.957031
11010         48   4.687500
01111         40   3.906250
01110         14   1.367188
              14   1.367188
00110         13   1.269531
001           12   1.171875
00111         11   1.074219
101            7   0.683594
011            7   0.683594
11110000       6   0.585938
01011010       6   0.585938
1011           2   0.195312
01             1   0.097656
111100001      1   0.097656



           count        pct
Dia2                       
1            966  94.335938
011           26   2.539062
0             17   1.660156
              14   1.367188
111100001      1   0.097656



          count        pct
Ena_Vasp                  
1           988  96.484375
             14   1.367188
011          12   1.171875
10            5   0.488281
111010        2   0.195312
010           2   0.195312
0             1   0.097656



              count        pct
IRSp53_Cdc42                  
1               517  50.488281
0               493  48.144531
                 14   1.367188



             count        pct
IRSp53_Rac1                  
0              525  51.269531
10000          136  13.281250
1               98   9.570312
10010           65   6.347656
00110           57   5.566406
00010           40   3.906250
11100           31   3.027344
110             26   2.539062
10100           19   1.855469
                14   1.367188
10010110         6   0.585938
00111100         6   0.585938
011111000        1   0.097656



      count        pct
LIMK                  
0      1010  98.632812
         14   1.367188



           count        pct
NET1                       
0            534  52.148438
1            449  43.847656
100           26   2.539062
              14   1.367188
110000011      1   0.097656



           count        pct
PAK                        
1            534  52.148438
0            449  43.847656
110           26   2.539062
              14   1.367188
011111000      1   0.097656



      count        pct
PIP2                  
1       517  50.488281
0       493  48.144531
         14   1.367188



       count        pct
PKD                    
1        525  51.269531
11101    136  13.281250
0        130  12.695312
10101     65   6.347656
00111     57   5.566406
10111     40   3.906250
01100     31   3.027344
01101     19   1.855469
          14   1.367188
010        5   0.488281
100        2   0.195312



            count        pct
Profilin                    
1             881  86.035156
1111110111     73   7.128906
11101          45   4.394531
               14   1.367188
11101111        7   0.683594
1101            2   0.195312
111111110       1   0.097656
10              1   0.097656



       count        pct
ROCK                   
1        525  51.269531
11011    136  13.281250
0        130  12.695312
01011     65   6.347656
01110     57   5.566406
01111     40   3.906250
11000     31   3.027344
11010     19   1.855469
          14   1.367188
100        5   0.488281
001        2   0.195312



           count        pct
ROS                        
0            525  51.269531
10000        136  13.281250
1             98   9.570312
10010         65   6.347656
00110         57   5.566406
00010         40   3.906250
11100         31   3.027344
110           26   2.539062
10100         19   1.855469
              14   1.367188
10010110       6   0.585938
00111100       6   0.585938
011111000      1   0.097656



           count        pct
Rac1                       
0            525  51.269531
00001        136  13.281250
1             98   9.570312
00101         65   6.347656
01100         57   5.566406
00100         40   3.906250
11001         31   3.027344
101           26   2.539062
01001         19   1.855469
              14   1.367188
01111000       6   0.585938
00101101       6   0.585938
111110000      1   0.097656



           count        pct
RhoA                       
1            525  51.269531
10111        136  13.281250
0             98   9.570312
10110         65   6.347656
11100         57   5.566406
11110         40   3.906250
10001         31   3.027344
110           26   2.539062
10101         19   1.855469
              14   1.367188
11100001       6   0.585938
10110100       6   0.585938
111000011      1   0.097656



       count        pct
SSH                    
0        785  76.660156
1        130  12.695312
00100     57   5.566406
11000     31   3.027344
          14   1.367188
110        5   0.488281
101        2   0.195312



          count        pct
Thymosin                  
0           502  49.023438
1           300  29.296875
01          165  16.113281
10           43   4.199219
             14   1.367188



      count        pct
WASP                  
1       490  47.851562
0       300  29.296875
01      165  16.113281
10       43   4.199219
         14   1.367188
110      12   1.171875



           count        pct
WAVE                       
0            525  51.269531
11000        136  13.281250
1            124  12.109375
11011         96   9.375000
00111         57   5.566406
00011         40   3.906250
11110         19   1.855469
              14   1.367188
11011111       6   0.585938
00111110       6   0.585938
011111100      1   0.097656



