                       count        pct
Actin_BR   Actin_ST                    
0          1             477  46.582031
1          0             255  24.902344
           1             123  12.011719
1100011010 1111111011     40   3.906250
0          11110          32   3.125000
10111      1111111011     19   1.855469
0101101001 1111111011     14   1.367188
                          14   1.367188
00100      11110          13   1.269531
101        001            12   1.171875
0          111101          7   0.683594
           11110111        6   0.585938
101        1               5   0.488281
1000       10              2   0.195312
0          101             2   0.195312
01         01              1   0.097656
00000100   11110111        1   0.097656
0          011110000       1   0.097656



                     count        pct
Rac1      RhoA                       
0         1            525  51.269531
00001     10111        136  13.281250
1         0             98   9.570312
00101     10110         65   6.347656
01100     11100         57   5.566406
00100     11110         40   3.906250
11001     10001         31   3.027344
101       110           26   2.539062
01001     10101         19   1.855469
                        14   1.367188
01111000  11100001       6   0.585938
00101101  10110100       6   0.585938
111110000 111000011      1   0.097656



