                     count        pct
cycle_Actin_BR_norm                  
0                      456  44.531250
1                      305  29.785156
1101                    86   8.398438
01                      64   6.250000
10                      46   4.492188
101                     43   4.199219
0001                    24   2.343750



                     count        pct
cycle_Actin_ST_norm                  
0                      478  46.679688
1                      180  17.578125
1110                   130  12.695312
01                     113  11.035156
10                      80   7.812500
011                     43   4.199219



                   count        pct
cycle_Arp2_3_norm                  
0                    456  44.531250
1                    305  29.785156
1011                  86   8.398438
10                    64   6.250000
01                    46   4.492188
011                   43   4.199219
0010                  24   2.343750



               count    pct
cycle_CP_norm              
1               1024  100.0



                  count        pct
cycle_Cdc42_norm                  
1                   519  50.683594
0                   505  49.316406



                    count        pct
cycle_Cofilin_norm                  
0                     478  46.679688
1                     256  25.000000
01                     93   9.082031
1101                   86   8.398438
10                     82   8.007812
0001                   29   2.832031



                    count        pct
cycle_Coronin_norm                  
0                     687  67.089844
0100                  190  18.554688
1                      99   9.667969
0111                   44   4.296875
01                      4   0.390625



                      count        pct
cycle_Cortactin_norm                  
0                       499  48.730469
1100                    190  18.554688
0001                    174  16.992188
1                        56   5.468750
0111                     44   4.296875
110                      43   4.199219
10                       18   1.757812



                 count    pct
cycle_Dia1_norm              
0                 1024  100.0



                 count        pct
cycle_Dia2_norm                  
1                  555  54.199219
0111               408  39.843750
110                 43   4.199219
10                  18   1.757812



                     count    pct
cycle_Ena_Vasp_norm              
1                     1024  100.0



                   count        pct
cycle_IRSp53_norm                  
1                    561  54.785156
0                    453  44.238281
0111                  10   0.976562



                 count        pct
cycle_LIMK_norm                  
1                  687  67.089844
1011               190  18.554688
0                   99   9.667969
1000                44   4.296875
10                   4   0.390625



                count        pct
cycle_PAK_norm                  
1                1014  99.023438
0111               10   0.976562



                 count    pct
cycle_PIP2_norm              
0                 1024  100.0



                count        pct
cycle_PKD_norm                  
1                 499  48.730469
1100              190  18.554688
1011              174  16.992188
0                  99   9.667969
0010               44   4.296875
01                 18   1.757812



                     count        pct
cycle_Profilin_norm                  
0                      478  46.679688
1                      356  34.765625
10                     113  11.035156
01                      77   7.519531



                 count        pct
cycle_ROCK_norm                  
1                  499  48.730469
1001               190  18.554688
0111               174  16.992188
0                   99   9.667969
0100                44   4.296875
10                  18   1.757812



                  count        pct
cycle_ROCK__norm                  
1                   499  48.730469
1100                190  18.554688
1011                174  16.992188
0                    99   9.667969
0010                 44   4.296875
01                   18   1.757812



                 count        pct
cycle_Rac1_norm                  
0                  499  48.730469
1001               190  18.554688
0010               174  16.992188
1                   56   5.468750
1110                44   4.296875
101                 43   4.199219
01                  18   1.757812



                 count        pct
cycle_RhoA_norm                  
1                  499  48.730469
0011               200  19.531250
1110               174  16.992188
0                   56   5.468750
001                 43   4.199219
0010                34   3.320312
01                  18   1.757812



                count        pct
cycle_SSH_norm                  
0                 687  67.089844
1000              190  18.554688
1                  99   9.667969
1110               44   4.296875
10                  4   0.390625



                     count        pct
cycle_Thymosin_norm                  
1                      478  46.679688
0                      356  34.765625
01                     113  11.035156
10                      77   7.519531



                 count        pct
cycle_WASP_norm                  
0                  478  46.679688
1                  356  34.765625
01                 113  11.035156
10                  77   7.519531



                 count    pct
cycle_WAVE_norm              
0                 1024  100.0



