          count        pct
ARHGAP22                  
1          1449  70.751953
0           318  15.527344
10111       140   6.835938
11010        65   3.173828
11100        47   2.294922
10001        17   0.830078
001          12   0.585938



          count        pct
Actin_BR                  
0          1051  51.318359
1           587  28.662109
10          308  15.039062
011          57   2.783203
100          45   2.197266



          count        pct
Actin_ST                  
0          1344  65.625000
1           460  22.460938
10          114   5.566406
10000        91   4.443359
01010        39   1.904297



        count        pct
Arp2_3                  
0        1051  51.318359
1         587  28.662109
01        308  15.039062
110        57   2.783203
001        45   2.197266



    count        pct
CP                  
1    1060  51.757812
0     987  48.193359
01      1   0.048828



       count        pct
Cdc42                  
0       1071  52.294922
1        977  47.705078



         count        pct
Cofilin                  
0         1360  66.406250
1          380  18.554688
10         121   5.908203
11110       91   4.443359
101         51   2.490234
01011       39   1.904297
11000        6   0.292969



         count        pct
Coronin                  
0         1654  80.761719
1          318  15.527344
01000       47   2.294922
10001       17   0.830078
101         12   0.585938



           count        pct
Cortactin                  
0           1467  71.630859
1            210  10.253906
00010        140   6.835938
01001         65   3.173828
11000         64   3.125000
001           57   2.783203
011           45   2.197266



      count    pct
Dia1              
0      2048  100.0



      count    pct
Dia2              
0      2048  100.0



          count        pct
Ena_Vasp                  
1          2013  98.291016
110          28   1.367188
0             5   0.244141
01            2   0.097656



              count        pct
IRSp53_Cdc42                  
0              1071  52.294922
1               977  47.705078



             count        pct
IRSp53_Rac1                  
0             1467  71.630859
1              210  10.253906
00010          140   6.835938
01001           65   3.173828
101             57   2.783203
11000           47   2.294922
010             45   2.197266
10011           17   0.830078



       count        pct
LIMK                   
1       1654  80.761719
0        318  15.527344
10111     47   2.294922
01110     17   0.830078
010       12   0.585938



      count        pct
NET1                  
0       985  48.095703
1       961  46.923828
001      57   2.783203
110      45   2.197266



     count        pct
PAK                  
1      985  48.095703
0      961  46.923828
101     57   2.783203
010     45   2.197266



      count        pct
PIP2                  
0      1060  51.757812
1       988  48.242188



       count        pct
PKD                    
1       1449  70.751953
0        318  15.527344
10111    140   6.835938
11010     65   3.173828
11100     47   2.294922
10001     17   0.830078
001       12   0.585938



          count        pct
Profilin                  
0          1059  51.708984
1           858  41.894531
01          113   5.517578
101          18   0.878906



       count        pct
ROCK                   
1       1449  70.751953
0        318  15.527344
01111    140   6.835938
10101     65   3.173828
11001     47   2.294922
00011     17   0.830078
010       12   0.585938



       count        pct
ROS                    
0       1467  71.630859
1        210  10.253906
00010    140   6.835938
01001     65   3.173828
101       57   2.783203
11000     47   2.294922
010       45   2.197266
10011     17   0.830078



       count        pct
Rac1                   
0       1467  71.630859
1        210  10.253906
00100    140   6.835938
10010     65   3.173828
011       57   2.783203
10001     47   2.294922
100       45   2.197266
00111     17   0.830078



       count        pct
RhoA                   
1       1512  73.828125
0        210  10.253906
11110    140   6.835938
01011     65   3.173828
101       57   2.783203
10011     47   2.294922
00110     17   0.830078



       count        pct
SSH                    
0       1654  80.761719
1        318  15.527344
10000     47   2.294922
00011     17   0.830078
011       12   0.585938



          count        pct
Thymosin                  
0           877  42.822266
1           634  30.957031
10          537  26.220703



      count        pct
WASP                  
1       845  41.259766
0       638  31.152344
10      537  26.220703
101      28   1.367188



       count        pct
WAVE                   
0       1467  71.630859
1        267  13.037109
00011    140   6.835938
11101     82   4.003906
11100     47   2.294922
011       45   2.197266



