                   count        pct
Actin_BR Actin_ST                  
0        0           868  42.382812
1        0           230  11.230469
         1           226  11.035156
10       0           195   9.521484
0        1           183   8.935547
10       10          113   5.517578
1        10000        91   4.443359
         01010        39   1.904297
011      0            33   1.611328
100      1            27   1.318359
011      1            24   1.171875
100      0            18   0.878906
1        10            1   0.048828



             count        pct
Rac1  RhoA                   
0     1       1467  71.630859
1     0        210  10.253906
00100 11110    140   6.835938
10010 01011     65   3.173828
011   101       57   2.783203
10001 10011     47   2.294922
100   1         45   2.197266
00111 00110     17   0.830078



