                    count        pct
Actin_BR Actin_ST                   
0        0            476  46.484375
         1            273  26.660156
         10           137  13.378906
                       98   9.570312
0        000001100     22   2.148438
         110100        18   1.757812



                     count        pct
Rac1      RhoA                       
0         0            509  49.707031
          1            263  25.683594
110000011 000001111    117  11.425781
                        98   9.570312
100       010           37   3.613281



