          count        pct
ARHGAP22                  
0           678  66.210938
011110      180  17.578125
010         163  15.917969
1             3   0.292969



          count        pct
Actin_BR                  
1           485  47.363281
010         237  23.144531
000010      180  17.578125
011          87   8.496094
0            35   3.417969



           count        pct
Actin_ST                   
1            671  65.527344
011110        98   9.570312
010011        70   6.835938
111010        46   4.492188
011111        46   4.492188
110           44   4.296875
0             23   2.246094
100           12   1.171875
10             9   0.878906
000001110      5   0.488281



        count        pct
Arp2_3                  
1         485  47.363281
100       237  23.144531
000100    180  17.578125
110        87   8.496094
0          35   3.417969



    count    pct
CP              
0    1024  100.0



       count        pct
Cdc42                  
0        524  51.171875
1        500  48.828125



         count        pct
Cofilin                  
1          548  53.515625
0          301  29.394531
011         77   7.519531
010000      70   6.835938
01          24   2.343750
100          4   0.390625



         count        pct
Coronin                  
1          661  64.550781
0          359  35.058594
10           4   0.390625



           count        pct
Cortactin                  
1            485  47.363281
001          237  23.144531
001000       180  17.578125
101           87   8.496094
0             30   2.929688
000001111      5   0.488281



           count        pct
Dia1                       
0            599  58.496094
100          237  23.144531
111100       180  17.578125
000111100      5   0.488281
1              3   0.292969



           count        pct
Dia2                       
1            503  49.121094
100          237  23.144531
111100       180  17.578125
0             99   9.667969
000111100      5   0.488281



          count        pct
Ena_Vasp                  
1           659  64.355469
101011      116  11.328125
011110       98   9.570312
101111       46   4.492188
101          40   3.906250
0            28   2.734375
10           25   2.441406
010          12   1.171875



              count    pct
IRSp53_Cdc42              
0              1024  100.0



             count        pct
IRSp53_Rac1                  
1              485  47.363281
001            237  23.144531
001000         180  17.578125
101             87   8.496094
0               30   2.929688
000001111        5   0.488281



        count        pct
LIMK                    
0         661  64.550781
011111    180  17.578125
1         179  17.480469
01          4   0.390625



           count        pct
NET1                       
0            512  50.000000
011          237  23.144531
111011       180  17.578125
001           87   8.496094
011111000      5   0.488281
1              3   0.292969



           count        pct
PAK                        
1            512  50.000000
001          237  23.144531
001000       180  17.578125
101           87   8.496094
000001111      5   0.488281
0              3   0.292969



      count       pct
PIP2                 
1       536  52.34375
0       488  47.65625



        count        pct
PKD                     
0         678  66.210938
011110    180  17.578125
010       163  15.917969
1           3   0.292969



           count        pct
Profilin                   
1            676  66.015625
111100        98   9.570312
110111        92   8.984375
110           70   6.835938
101           56   5.468750
0             23   2.246094
110011111      5   0.488281
01             4   0.390625



        count        pct
ROCK                    
0         678  66.210938
111100    180  17.578125
100       163  15.917969
1           3   0.292969



           count        pct
ROS                        
1            485  47.363281
001          237  23.144531
001000       180  17.578125
101           87   8.496094
0             30   2.929688
000001111      5   0.488281



           count        pct
Rac1                       
1            485  47.363281
010          237  23.144531
010000       180  17.578125
011           87   8.496094
0             30   2.929688
000011110      5   0.488281



           count        pct
RhoA                       
0            599  58.496094
001          237  23.144531
111001       180  17.578125
001111000      5   0.488281
1              3   0.292969



     count        pct
SSH                  
1      661  64.550781
0      359  35.058594
01       4   0.390625



          count        pct
Thymosin                  
0           696  67.968750
01          188  18.359375
1           140  13.671875



        count        pct
WASP                    
1         652  63.671875
0         140  13.671875
10         92   8.984375
000101     70   6.835938
011        44   4.296875
01         26   2.539062



           count        pct
WAVE                       
1            572  55.859375
101          237  23.144531
001100       180  17.578125
0             30   2.929688
100001111      5   0.488281



