                     count        pct
Actin_BR   Actin_ST                  
1          0           723  35.302734
0          0           517  25.244141
10000      0           116   5.664062
011        0           111   5.419922
00010      0           100   4.882812
01         0            99   4.833984
1111111011 0            85   4.150391
10010      0            85   4.150391
01001      0            73   3.564453
1110101110 0            56   2.734375
1110111110 0            28   1.367188
00011      0            18   0.878906
11101      0            16   0.781250
001        0            11   0.537109
11100      0             9   0.439453
                         1   0.048828



             count        pct
Rac1  RhoA                   
0     1        679  33.154297
1     0        333  16.259766
00010 01111    239  11.669922
10100 11010    185   9.033203
00100 11110    172   8.398438
01010 01101    135   6.591797
011   001      111   5.419922
00111 00110     68   3.320312
01100 11100     63   3.076172
00110 01110     28   1.367188
11100 11000     23   1.123047
001   101       11   0.537109
                 1   0.048828



