          count    pct
ARHGAP22              
0          1024  100.0



          count        pct
Actin_BR                  
1           666  65.039062
110         315  30.761719
0            43   4.199219



           count        pct
Actin_ST                   
0            666  65.039062
100          315  30.761719
11101111      16   1.562500
111100000     14   1.367188
110           13   1.269531



        count        pct
Arp2_3                  
1         666  65.039062
101       315  30.761719
0          43   4.199219



     count        pct
CP                   
1      666  65.039062
110    315  30.761719
0       43   4.199219



       count        pct
Cdc42                  
1        518  50.585938
0        506  49.414062



         count        pct
Cofilin                  
1          738  72.070312
011        132  12.890625
01         111  10.839844
0           43   4.199219



         count    pct
Coronin              
1         1024  100.0



           count        pct
Cortactin                  
1            666  65.039062
011          328  32.031250
00001111      16   1.562500
111110000     14   1.367188



           count        pct
Dia1                       
0            666  65.039062
100          315  30.761719
00111100      16   1.562500
111000011     14   1.367188
101           13   1.269531



           count        pct
Dia2                       
1            518  50.585938
101          328  32.031250
0            164  16.015625
111000011     14   1.367188



          count    pct
Ena_Vasp              
0          1024  100.0



              count        pct
IRSp53_Cdc42                  
1               518  50.585938
0               506  49.414062



             count        pct
IRSp53_Rac1                  
1              666  65.039062
011            328  32.031250
00001111        16   1.562500
111110000       14   1.367188



      count    pct
LIMK              
0      1024  100.0



           count        pct
NET1                       
0            682  66.601562
010          328  32.031250
100000111     14   1.367188



           count        pct
PAK                        
1            682  66.601562
011          328  32.031250
111110000     14   1.367188



      count        pct
PIP2                  
0       524  51.171875
1       500  48.828125



     count    pct
PKD              
0     1024  100.0



           count        pct
Profilin                   
1            994  97.070312
11011111      16   1.562500
111111101     14   1.367188



      count    pct
ROCK              
0      1024  100.0



           count        pct
ROS                        
1            666  65.039062
011          328  32.031250
00001111      16   1.562500
111110000     14   1.367188



           count        pct
Rac1                       
1            666  65.039062
110          328  32.031250
00011110      16   1.562500
111100001     14   1.367188



           count        pct
RhoA                       
0            666  65.039062
011          328  32.031250
01111000      16   1.562500
110000111     14   1.367188



     count    pct
SSH              
1     1024  100.0



          count        pct
Thymosin                  
0           870  84.960938
01          111  10.839844
1            43   4.199219



      count        pct
WASP                  
1       870  84.960938
01      111  10.839844
0        43   4.199219



           count        pct
WAVE                       
1            994  97.070312
10001111      16   1.562500
111111000     14   1.367188



