                     count        pct
Actin_BR Actin_ST                    
0        1             343  33.496094
         0             283  27.636719
         01111         160  15.625000
         10             85   8.300781
         00011          58   5.664062
         1110111001     35   3.417969
         11110111       19   1.855469
         10101110       15   1.464844
         01101          10   0.976562
         00000001        8   0.781250
         01001111        4   0.390625
         00000011        2   0.195312
         00101101        1   0.097656
                         1   0.097656



                   count        pct
Rac1     RhoA                      
0        1           505  49.316406
10000    11011       181  17.675781
10010    01011       131  12.792969
00010    01111       123  12.011719
00011110 01111000     54   5.273438
01101001 10100101     29   2.832031
                       1   0.097656



