          count        pct
ARHGAP22                  
1          1092  53.320312
0           361  17.626953
10111       201   9.814453
01101        93   4.541016
11110        66   3.222656
10001        59   2.880859
01110        56   2.734375
10110        45   2.197266
00011        30   1.464844
00111        25   1.220703
001          18   0.878906
              2   0.097656



            count        pct
Actin_BR                    
0             892  43.554688
1             715  34.912109
01            138   6.738281
1111111101     75   3.662109
011            71   3.466797
1011101011     66   3.222656
1101111101     25   1.220703
01100          22   1.074219
001            20   0.976562
11110          12   0.585938
10011          10   0.488281
                2   0.097656



          count        pct
Actin_ST                  
0          2046  99.902344
              2   0.097656



            count        pct
Arp2_3                      
0             892  43.554688
1             715  34.912109
10            138   6.738281
1111111011     75   3.662109
110            71   3.466797
0111010111     66   3.222656
1011111011     25   1.220703
11000          22   1.074219
010            20   0.976562
11101          12   0.585938
00111          10   0.488281
                2   0.097656



        count        pct
CP                      
0        1018  49.707031
1        1016  49.609375
10         10   0.488281
000001      2   0.097656
            2   0.097656



       count        pct
Cdc42                  
1       1050  51.269531
0        996  48.632812
           2   0.097656



            count        pct
Cofilin                     
0            1244  60.742188
1             397  19.384766
01            155   7.568359
11110         111   5.419922
10101          47   2.294922
101            37   1.806641
0000010001     30   1.464844
10001          23   1.123047
001010          2   0.097656
                2   0.097656



         count        pct
Coronin                  
0         1497  73.095703
1          361  17.626953
10001       59   2.880859
00100       56   2.734375
00011       30   1.464844
00010       25   1.220703
101         18   0.878906
             2   0.097656



           count        pct
Cortactin                  
0           1098  53.613281
1            282  13.769531
00010        201   9.814453
00011        115   5.615234
10100         93   4.541016
01000         66   3.222656
00110         55   2.685547
101           54   2.636719
01010         45   2.197266
001           37   1.806641
               2   0.097656



        count        pct
Dia1                    
0        1170  57.128906
1         482  23.535156
10111      90   4.394531
11101      66   3.222656
00110      53   2.587891
10110      46   2.246094
01101      45   2.197266
011        38   1.855469
11100      29   1.416016
01110      25   1.220703
010110      2   0.097656
            2   0.097656



      count        pct
Dia2                  
0      2046  99.902344
          2   0.097656



          count        pct
Ena_Vasp                  
1          1995  97.412109
110          31   1.513672
10           10   0.488281
0             7   0.341797
110101        2   0.097656
              2   0.097656
001           1   0.048828



              count        pct
IRSp53_Cdc42                  
1              1050  51.269531
0               996  48.632812
                  2   0.097656



             count        pct
IRSp53_Rac1                  
0             1098  53.613281
1              282  13.769531
00010          201   9.814453
10100           93   4.541016
101             72   3.515625
01000           66   3.222656
10011           59   2.880859
01100           56   2.734375
01010           45   2.197266
00111           30   1.464844
00110           25   1.220703
100             19   0.927734
                 2   0.097656



       count        pct
LIMK                   
1       1497  73.095703
0        361  17.626953
01110     59   2.880859
11011     56   2.734375
11100     30   1.464844
11101     25   1.220703
010       18   0.878906
           2   0.097656



      count        pct
NET1                  
0      1081  52.783203
1       874  42.675781
001      72   3.515625
101      19   0.927734
          2   0.097656



     count        pct
PAK                  
1     1081  52.783203
0      874  42.675781
101     72   3.515625
100     19   0.927734
         2   0.097656



      count        pct
PIP2                  
1      1031  50.341797
0      1015  49.560547
          2   0.097656



       count        pct
PKD                    
1       1092  53.320312
0        361  17.626953
10111    201   9.814453
01101     93   4.541016
11110     66   3.222656
10001     59   2.880859
01110     56   2.734375
10110     45   2.197266
00011     30   1.464844
00111     25   1.220703
001       18   0.878906
           2   0.097656



          count        pct
Profilin                  
0          2046  99.902344
              2   0.097656



       count        pct
ROCK                   
1       1092  53.320312
0        361  17.626953
01111    201   9.814453
11010     93   4.541016
11101     66   3.222656
00011     59   2.880859
11100     56   2.734375
01101     45   2.197266
00110     30   1.464844
01110     25   1.220703
010       18   0.878906
           2   0.097656



       count        pct
ROS                    
0       1098  53.613281
1        282  13.769531
00010    201   9.814453
10100     93   4.541016
101       72   3.515625
01000     66   3.222656
10011     59   2.880859
01100     56   2.734375
01010     45   2.197266
00111     30   1.464844
00110     25   1.220703
100       19   0.927734
           2   0.097656



       count        pct
Rac1                   
0       1098  53.613281
1        282  13.769531
00100    201   9.814453
01001     93   4.541016
011       72   3.515625
10000     66   3.222656
00111     59   2.880859
11000     56   2.734375
10100     45   2.197266
01110     30   1.464844
01100     25   1.220703
001       19   0.927734
           2   0.097656



       count        pct
RhoA                   
1       1117  54.541016
0        282  13.769531
11110    201   9.814453
10101     93   4.541016
101       72   3.515625
11011     66   3.222656
00110     59   2.880859
11001     56   2.734375
11010     45   2.197266
01100     30   1.464844
11100     25   1.220703
           2   0.097656



       count        pct
SSH                    
0       1497  73.095703
1        361  17.626953
00011     59   2.880859
01000     56   2.734375
00110     30   1.464844
00100     25   1.220703
011       18   0.878906
           2   0.097656



          count        pct
Thymosin                  
0           936  45.703125
01          555  27.099609
1           553  27.001953
10            2   0.097656
              2   0.097656



      count        pct
WASP                  
1       899  43.896484
0       559  27.294922
01      555  27.099609
101      31   1.513672
10        2   0.097656
          2   0.097656



       count        pct
WAVE                   
0       1098  53.613281
1        354  17.285156
00011    201   9.814453
11110    152   7.421875
10111     75   3.662109
01100     66   3.222656
01110     56   2.734375
00111     25   1.220703
110       19   0.927734
           2   0.097656



