          count    pct
ARHGAP22              
0          2048  100.0



          count        pct
Actin_BR                  
1           958  46.777344
001         465  22.705078
0           461  22.509766
101         164   8.007812



          count        pct
Actin_ST                  
1          1337  65.283203
0           630  30.761719
011          73   3.564453
01            8   0.390625



        count        pct
Arp2_3                  
1         958  46.777344
010       465  22.705078
0         461  22.509766
011       164   8.007812



    count        pct
CP                  
1    1041  50.830078
0    1002  48.925781
10      5   0.244141



       count        pct
Cdc42                  
0       1060  51.757812
1        988  48.242188



         count        pct
Cofilin                  
1         1249  60.986328
0          360  17.578125
011        322  15.722656
01         117   5.712891



         count        pct
Coronin                  
1         1610  78.613281
0          323  15.771484
01         115   5.615234



           count        pct
Cortactin                  
1            958  46.777344
100          465  22.705078
0            461  22.509766
110          164   8.007812



      count    pct
Dia1              
0      2048  100.0



      count        pct
Dia2                  
1       958  46.777344
100     465  22.705078
0       461  22.509766
110     164   8.007812



          count        pct
Ena_Vasp                  
1          1455  71.044922
0           243  11.865234
011         234  11.425781
01          116   5.664062



              count        pct
IRSp53_Cdc42                  
0              1060  51.757812
1               988  48.242188



             count        pct
IRSp53_Rac1                  
1              958  46.777344
100            465  22.705078
0              461  22.509766
110            164   8.007812



      count        pct
LIMK                  
0      2004  97.851562
01       23   1.123047
1        21   1.025391



      count        pct
NET1                  
0      1007  49.169922
101     465  22.705078
1       412  20.117188
100     164   8.007812



     count        pct
PAK                  
1     1007  49.169922
100    465  22.705078
0      412  20.117188
110    164   8.007812



      count        pct
PIP2                  
0      1041  50.830078
1      1007  49.169922



     count    pct
PKD              
0     2048  100.0



          count        pct
Profilin                  
1          1411  68.896484
0           395  19.287109
011         234  11.425781
10            8   0.390625



      count    pct
ROCK              
0      2048  100.0



     count        pct
ROS                  
1      958  46.777344
100    465  22.705078
0      461  22.509766
110    164   8.007812



      count        pct
Rac1                  
1       958  46.777344
001     465  22.705078
0       461  22.509766
101     164   8.007812



      count    pct
RhoA              
0      2048  100.0



     count        pct
SSH                  
1     1610  78.613281
0      323  15.771484
10     115   5.615234



          count        pct
Thymosin                  
0          1629  79.541016
1           212  10.351562
01          207  10.107422



      count        pct
WASP                  
1      1383  67.529297
0       275  13.427734
110     234  11.425781
10      156   7.617188



      count        pct
WAVE                  
1      1122  54.785156
110     465  22.705078
0       461  22.509766



