                   count        pct
Actin_BR Actin_ST                  
1        1           956  46.679688
0        0           394  19.238281
001      0           234  11.425781
         1           231  11.279297
101      1            91   4.443359
         011          73   3.564453
0        1            59   2.880859
         01            8   0.390625
1        0             2   0.097656



           count        pct
Rac1 RhoA                  
1    0       958  46.777344
001  0       465  22.705078
0    0       461  22.509766
101  0       164   8.007812



