          count    pct
ARHGAP22              
0          2048  100.0



          count        pct
Actin_BR                  
1          1388  67.773438
011         261  12.744141
001         230  11.230469
0           169   8.251953



          count        pct
Actin_ST                  
1          1649  80.517578
101         230  11.230469
0           163   7.958984
01            6   0.292969



        count        pct
Arp2_3                  
1        1388  67.773438
110       261  12.744141
010       230  11.230469
0         169   8.251953



    count        pct
CP                  
1    1053  51.416016
0     642  31.347656
10    353  17.236328



       count        pct
Cdc42                  
1       1052  51.367188
0        996  48.632812



         count        pct
Cofilin                  
1         1399  68.310547
01         406  19.824219
101        139   6.787109
0          104   5.078125



         count        pct
Coronin                  
1         1891  92.333984
0          102   4.980469
01          55   2.685547



           count        pct
Cortactin                  
1           1388  67.773438
101          261  12.744141
100          230  11.230469
0            169   8.251953



      count        pct
Dia1                  
0      1909  93.212891
011     139   6.787109



      count    pct
Dia2              
1      2048  100.0



          count        pct
Ena_Vasp                  
1          1296  63.281250
10          359  17.529297
011         230  11.230469
0           163   7.958984



              count    pct
IRSp53_Cdc42              
0              2048  100.0



             count        pct
IRSp53_Rac1                  
1             1388  67.773438
101            261  12.744141
100            230  11.230469
0              169   8.251953



      count        pct
LIMK                  
0      2026  98.925781
1        14   0.683594
10        8   0.390625



      count        pct
NET1                  
0      1410  68.847656
001     261  12.744141
101     230  11.230469
1       147   7.177734



     count        pct
PAK                  
1     1410  68.847656
101    261  12.744141
100    230  11.230469
0      147   7.177734



      count        pct
PIP2                  
0      1053  51.416016
1       995  48.583984



     count    pct
PKD              
0     2048  100.0



          count        pct
Profilin                  
1          1649  80.517578
011         230  11.230469
0           163   7.958984
10            6   0.292969



      count    pct
ROCK              
0      2048  100.0



     count        pct
ROS                  
1     1388  67.773438
101    261  12.744141
100    230  11.230469
0      169   8.251953



      count        pct
Rac1                  
1      1388  67.773438
011     261  12.744141
001     230  11.230469
0       169   8.251953



      count        pct
RhoA                  
0      1388  67.773438
1       399  19.482422
101     261  12.744141



     count        pct
SSH                  
1     1891  92.333984
0      102   4.980469
10      55   2.685547



          count        pct
Thymosin                  
0          1538  75.097656
01          406  19.824219
1           104   5.078125



      count        pct
WASP                  
1      1296  63.281250
01      359  17.529297
110     230  11.230469
0       163   7.958984



      count        pct
WAVE                  
1      1649  80.517578
110     230  11.230469
0       169   8.251953



