                     count        pct
Actin_BR   Actin_ST                  
0          0           556  27.148438
           1           437  21.337891
1          1           360  17.578125
           11011       177   8.642578
0000100101 10111       113   5.517578
01         01           84   4.101562
101        1            83   4.052734
1101010010 01011        54   2.636719
100        110          48   2.343750
101        110          43   2.099609
1          00111        33   1.611328
00001      0            31   1.513672
01001      0            11   0.537109
                         8   0.390625
0          101           4   0.195312
100        1             4   0.195312
1          0             2   0.097656



                     count        pct
Rac1      RhoA                       
0         1           1237  60.400391
00010     01111        237  11.572266
01000     11101        113   5.517578
101       100          101   4.931641
01001     10101         94   4.589844
01100     11100         62   3.027344
10100     11010         54   2.636719
1         0             49   2.392578
101       011           30   1.464844
100       011           28   1.367188
          1             20   0.976562
                         8   0.390625
01111000  11100001       4   0.195312
011       101            4   0.195312
000011111 001111100      4   0.195312
01101001  10100101       3   0.146484



