          count    pct
ARHGAP22              
0          1024  100.0



          count        pct
Actin_BR                  
1           465  45.410156
010         274  26.757812
0           199  19.433594
110          55   5.371094
011          31   3.027344



          count        pct
Actin_ST                  
0           391  38.183594
1           345  33.691406
010000       90   8.789062
010          79   7.714844
010100       70   6.835938
10           38   3.710938
101          11   1.074219



        count        pct
Arp2_3                  
1         465  45.410156
100       274  26.757812
0         199  19.433594
101        55   5.371094
110        31   3.027344



        count        pct
CP                      
0         522  50.976562
1         222  21.679688
001        90   8.789062
000010     70   6.835938
010        59   5.761719
011        28   2.734375
001010     18   1.757812
110        13   1.269531
10          2   0.195312



       count      pct
Cdc42                
0        528  51.5625
1        496  48.4375



         count        pct
Cofilin                  
0          884  86.328125
010000      72   7.031250
001         68   6.640625



         count    pct
Coronin              
0         1024  100.0



           count        pct
Cortactin                  
1            465  45.410156
001          274  26.757812
0            199  19.433594
011           55   5.371094
101           31   3.027344



      count    pct
Dia1              
0      1024  100.0



      count      pct
Dia2                
0       528  51.5625
1       496  48.4375



          count        pct
Ena_Vasp                  
1           623  60.839844
0           155  15.136719
10          142  13.867188
100010       59   5.761719
110          45   4.394531



              count      pct
IRSp53_Cdc42                
0               528  51.5625
1               496  48.4375



             count        pct
IRSp53_Rac1                  
1              465  45.410156
001            274  26.757812
0              199  19.433594
011             55   5.371094
101             31   3.027344



      count        pct
LIMK                  
1       504  49.218750
100     253  24.707031
0       187  18.261719
101      49   4.785156
110      31   3.027344



      count    pct
NET1              
0      1024  100.0



     count        pct
PAK                  
1      504  49.218750
001    253  24.707031
0      187  18.261719
011     49   4.785156
101     31   3.027344



      count        pct
PIP2                  
1       517  50.488281
0       507  49.511719



     count    pct
PKD              
0     1024  100.0



          count        pct
Profilin                  
1           628  61.328125
0           128  12.500000
011         101   9.863281
111110       70   6.835938
110          59   5.761719
01           38   3.710938



      count    pct
ROCK              
0      1024  100.0



     count        pct
ROS                  
1      465  45.410156
001    274  26.757812
0      199  19.433594
011     55   5.371094
101     31   3.027344



      count        pct
Rac1                  
1       465  45.410156
010     274  26.757812
0       199  19.433594
110      55   5.371094
011      31   3.027344



      count    pct
RhoA              
0      1024  100.0



     count    pct
SSH              
0     1024  100.0



          count        pct
Thymosin                  
01          425  41.503906
0           405  39.550781
1           194  18.945312



        count        pct
WASP                    
01        366  35.742188
1         360  35.156250
0         194  18.945312
000101     59   5.761719
101        45   4.394531



      count        pct
WAVE                  
1       551  53.808594
101     274  26.757812
0       199  19.433594



