          count        pct
ARHGAP22                  
0           661  64.550781
011110      237  23.144531
010         117  11.425781
1             9   0.878906



          count        pct
Actin_BR                  
001         456  44.531250
000010      237  23.144531
0           227  22.167969
011          82   8.007812
1            22   2.148438



           count        pct
Actin_ST                   
001          507  49.511719
0            247  24.121094
001110       237  23.144531
000001110     24   2.343750
1              9   0.878906



        count        pct
Arp2_3                  
010       456  44.531250
000100    237  23.144531
0         227  22.167969
110        82   8.007812
1          22   2.148438



        count        pct
CP                      
001       456  44.531250
000010    237  23.144531
0         227  22.167969
011        82   8.007812
1          22   2.148438



       count        pct
Cdc42                  
1        515  50.292969
0        509  49.707031



         count        pct
Cofilin                  
0          567  55.371094
1          281  27.441406
010        156  15.234375
011         12   1.171875
10           8   0.781250



         count        pct
Coronin                  
1          508  49.609375
0          482  47.070312
01          34   3.320312



           count        pct
Cortactin                  
100          456  44.531250
001000       237  23.144531
0            203  19.824219
101           82   8.007812
000001111     24   2.343750
1             22   2.148438



           count        pct
Dia1                       
0            562  54.882812
111100       237  23.144531
100          192  18.750000
000111100     24   2.343750
1              9   0.878906



           count        pct
Dia2                       
1            524  51.171875
111100       237  23.144531
100          192  18.750000
0             47   4.589844
000111100     24   2.343750



          count    pct
Ena_Vasp              
0          1024  100.0



              count        pct
IRSp53_Cdc42                  
1               515  50.292969
0               509  49.707031



             count        pct
IRSp53_Rac1                  
100            456  44.531250
001000         237  23.144531
0              203  19.824219
101             82   8.007812
000001111       24   2.343750
1               22   2.148438



        count        pct
LIMK                    
0         508  49.609375
1         245  23.925781
011111    237  23.144531
10         34   3.320312



           count        pct
NET1                       
0            531  51.855469
111011       237  23.144531
011          192  18.750000
001           31   3.027344
011111000     24   2.343750
1              9   0.878906



           count        pct
PAK                        
1            531  51.855469
001000       237  23.144531
001          192  18.750000
101           31   3.027344
000001111     24   2.343750
0              9   0.878906



      count        pct
PIP2                  
0       535  52.246094
1       489  47.753906



        count        pct
PKD                     
0         661  64.550781
011110    237  23.144531
010       117  11.425781
1           9   0.878906



           count        pct
Profilin                   
011          456  44.531250
011110       237  23.144531
0            194  18.945312
1            113  11.035156
110011111     24   2.343750



        count        pct
ROCK                    
0         661  64.550781
111100    237  23.144531
100       117  11.425781
1           9   0.878906



           count        pct
ROS                        
100          456  44.531250
001000       237  23.144531
0            203  19.824219
101           82   8.007812
000001111     24   2.343750
1             22   2.148438



           count        pct
Rac1                       
001          456  44.531250
010000       237  23.144531
0            203  19.824219
011           82   8.007812
000011110     24   2.343750
1             22   2.148438



           count        pct
RhoA                       
0            562  54.882812
111001       237  23.144531
001          192  18.750000
001111000     24   2.343750
1              9   0.878906



     count        pct
SSH                  
1      508  49.609375
0      482  47.070312
10      34   3.320312



          count        pct
Thymosin                  
1           567  55.371094
0           281  27.441406
110         156  15.234375
010          12   1.171875
10            8   0.781250



      count    pct
WASP              
0      1024  100.0



           count        pct
WAVE                       
110          456  44.531250
001100       237  23.144531
0            203  19.824219
1            104  10.156250
100001111     24   2.343750



