                    count        pct
Actin_BR Actin_ST                   
001      001          456  44.531250
000010   001110       237  23.144531
0        0            194  18.945312
011      001           51   4.980469
         0             31   3.027344
0        000001110     24   2.343750
1        0             22   2.148438
0        1              9   0.878906



                     count        pct
Rac1      RhoA                       
001       0            264  25.781250
010000    111001       237  23.144531
0         0            194  18.945312
001       001          192  18.750000
011       0             82   8.007812
000011110 001111000     24   2.343750
1         0             22   2.148438
0         1              9   0.878906



