          count        pct
ARHGAP22                  
1          1420  69.335938
0           271  13.232422
11110       167   8.154297
10011        78   3.808594
01011        69   3.369141
11000        32   1.562500
010          11   0.537109



          count        pct
Actin_BR                  
0          1043  50.927734
1           621  30.322266
01          322  15.722656
110          31   1.513672
001          31   1.513672



          count        pct
Actin_ST                  
0          1058  51.660156
1           623  30.419922
11110       135   6.591797
01          121   5.908203
11100        71   3.466797
011          21   1.025391
001          19   0.927734



        count        pct
Arp2_3                  
0        1043  50.927734
1         621  30.322266
10        322  15.722656
101        31   1.513672
010        31   1.513672



    count        pct
CP                  
1    1062  51.855469
0     986  48.144531



       count        pct
Cdc42                  
1       1041  50.830078
0       1007  49.169922



         count        pct
Cofilin                  
0         1332  65.039062
1          533  26.025391
01         144   7.031250
00110       25   1.220703
11001       14   0.683594



         count        pct
Coronin                  
0         1656  80.859375
1          271  13.232422
00001       78   3.808594
11000       32   1.562500
011         11   0.537109



           count    pct
Cortactin              
0           2048  100.0



      count    pct
Dia1              
0      2048  100.0



       count        pct
Dia2                   
1       1702  83.105469
11101    236  11.523438
11001    110   5.371094



          count        pct
Ena_Vasp                  
1          1973  96.337891
0            22   1.074219
110          21   1.025391
010          19   0.927734
10           13   0.634766



              count        pct
IRSp53_Cdc42                  
1              1041  50.830078
0              1007  49.169922



             count        pct
IRSp53_Rac1                  
0             1478  72.167969
01000          167   8.154297
1              162   7.910156
00011           78   3.808594
00101           69   3.369141
11001           32   1.562500
100             31   1.513672
011             31   1.513672



       count        pct
LIMK                   
1       1656  80.859375
0        271  13.232422
11110     78   3.808594
00111     32   1.562500
100       11   0.537109



      count        pct
NET1                  
0      1045  51.025391
1       941  45.947266
101      31   1.513672
010      31   1.513672



     count        pct
PAK                  
1     1045  51.025391
0      941  45.947266
100     31   1.513672
011     31   1.513672



      count        pct
PIP2                  
0      1062  51.855469
1       986  48.144531



       count        pct
PKD                    
1       1420  69.335938
0        271  13.232422
11110    167   8.154297
10011     78   3.808594
01011     69   3.369141
11000     32   1.562500
010       11   0.537109



          count        pct
Profilin                  
0          1058  51.660156
1           850  41.503906
10          121   5.908203
011          19   0.927734



       count        pct
ROCK                   
1       1420  69.335938
0        271  13.232422
11101    167   8.154297
00111     78   3.808594
10110     69   3.369141
10001     32   1.562500
100       11   0.537109



       count        pct
ROS                    
0       1478  72.167969
01000    167   8.154297
1        162   7.910156
00011     78   3.808594
00101     69   3.369141
11001     32   1.562500
100       31   1.513672
011       31   1.513672



       count        pct
Rac1                   
0       1478  72.167969
10000    167   8.154297
1        162   7.910156
00110     78   3.808594
01010     69   3.369141
10011     32   1.562500
110       31   1.513672
001       31   1.513672



       count        pct
RhoA                   
1       1509  73.681641
11011    167   8.154297
0        162   7.910156
01110     78   3.808594
01101     69   3.369141
00011     32   1.562500
011       31   1.513672



       count        pct
SSH                    
0       1656  80.859375
1        271  13.232422
00010     78   3.808594
10001     32   1.562500
110       11   0.537109



          count        pct
Thymosin                  
0           889  43.408203
1           608  29.687500
01          551  26.904297



      count        pct
WASP                  
1       829  40.478516
0       628  30.664062
01      551  26.904297
101      21   1.025391
100      19   0.927734



       count        pct
WAVE                   
0       1478  72.167969
1        193   9.423828
01100    167   8.154297
11101    101   4.931641
10011     78   3.808594
110       31   1.513672



