                   count        pct
Actin_BR Actin_ST                  
0        0           857  41.845703
1        1           415  20.263672
01       0           201   9.814453
0        1           186   9.082031
1        11110       135   6.591797
01       01          121   5.908203
1        11100        71   3.466797
110      011          21   1.025391
001      001          19   0.927734
         1            12   0.585938
110      1            10   0.488281



             count        pct
Rac1  RhoA                   
0     1       1478  72.167969
10000 11011    167   8.154297
1     0        162   7.910156
00110 01110     78   3.808594
01010 01101     69   3.369141
10011 00011     32   1.562500
110   011       31   1.513672
001   1         31   1.513672



