          count        pct
ARHGAP22                  
0           885  86.425781
1            86   8.398438
001111       53   5.175781



          count        pct
Actin_BR                  
1           524  51.171875
001         230  22.460938
0           130  12.695312
011          87   8.496094
000001       53   5.175781



          count        pct
Actin_ST                  
1           715  69.824219
0           120  11.718750
001         103  10.058594
101          43   4.199219
111100       17   1.660156
000001       11   1.074219
000111        9   0.878906
10            6   0.585938



        count        pct
Arp2_3                  
1         524  51.171875
010       230  22.460938
0         130  12.695312
110        87   8.496094
000010     53   5.175781



        count        pct
CP                      
1         518  50.585938
0         468  45.703125
000001     28   2.734375
01         10   0.976562



       count       pct
Cdc42                 
1        520  50.78125
0        504  49.21875



         count        pct
Cofilin                  
1          679  66.308594
011        171  16.699219
10          84   8.203125
0           48   4.687500
000101      17   1.660156
001101      16   1.562500
000001       9   0.878906



         count        pct
Coronin                  
1          866  84.570312
10         126  12.304688
0           32   3.125000



           count        pct
Cortactin                  
1            524  51.171875
100          230  22.460938
0            130  12.695312
101           87   8.496094
000100        53   5.175781



        count        pct
Dia1                    
0         840  82.031250
010       127  12.402344
011110     53   5.175781
1           4   0.390625



        count        pct
Dia2                    
1         628  61.328125
101       317  30.957031
011110     53   5.175781
0          26   2.539062



          count        pct
Ena_Vasp                  
1           773  75.488281
0           112  10.937500
011         103  10.058594
10           26   2.539062
01           10   0.976562



              count       pct
IRSp53_Cdc42                 
1               520  50.78125
0               504  49.21875



             count        pct
IRSp53_Rac1                  
1              524  51.171875
100            230  22.460938
0              130  12.695312
101             87   8.496094
000100          53   5.175781



      count    pct
LIMK              
0      1024  100.0



        count        pct
NET1                    
0         550  53.710938
101       230  22.460938
1         104  10.156250
001        87   8.496094
111101     53   5.175781



        count        pct
PAK                     
1         550  53.710938
100       230  22.460938
0         104  10.156250
101        87   8.496094
000100     53   5.175781



      count        pct
PIP2                  
0       518  50.585938
1       506  49.414062



     count    pct
PKD              
0     1024  100.0



          count        pct
Profilin                  
1           761  74.316406
0           117  11.425781
011         103  10.058594
111001       26   2.539062
000011       11   1.074219
01            6   0.585938



        count        pct
ROCK                    
0         885  86.425781
1          86   8.398438
011110     53   5.175781



        count        pct
ROS                     
1         524  51.171875
100       230  22.460938
0         130  12.695312
101        87   8.496094
000100     53   5.175781



        count        pct
Rac1                    
1         524  51.171875
001       230  22.460938
0         130  12.695312
011        87   8.496094
001000     53   5.175781



        count        pct
RhoA                    
0         637  62.207031
100       230  22.460938
1         104  10.156250
111100     53   5.175781



     count        pct
SSH                  
1      866  84.570312
01     126  12.304688
0       32   3.125000



          count        pct
Thymosin                  
0           869  84.863281
10           82   8.007812
1            47   4.589844
01           26   2.539062



      count        pct
WASP                  
1       748  73.046875
0       120  11.718750
110     103  10.058594
10       27   2.636719
01       26   2.539062



        count        pct
WAVE                    
1         611  59.667969
110       230  22.460938
0         130  12.695312
000110     53   5.175781



