          count        pct
ARHGAP22                  
1           947  92.480469
0            77   7.519531



          count        pct
Actin_BR                  
0           717  70.019531
1           246  24.023438
0100         45   4.394531
10           16   1.562500



          count        pct
Actin_ST                  
1           812  79.296875
0           151  14.746094
01           45   4.394531
10           16   1.562500



        count        pct
Arp2_3                  
0         717  70.019531
1         246  24.023438
1000       45   4.394531
01         16   1.562500



      count        pct
CP                    
0       812  79.296875
1       151  14.746094
0100     45   4.394531
10       16   1.562500



       count        pct
Cdc42                  
1        526  51.367188
0        498  48.632812



         count        pct
Cofilin                  
0          740  72.265625
1          215  20.996094
0100        45   4.394531
10          24   2.343750



         count        pct
Coronin                  
0          947  92.480469
1           77   7.519531



           count    pct
Cortactin              
0           1024  100.0



      count        pct
Dia1                  
1       812  79.296875
0       151  14.746094
1101     45   4.394531
10       16   1.562500



      count    pct
Dia2              
1      1024  100.0



          count        pct
Ena_Vasp                  
1          1001  97.753906
0            20   1.953125
10            3   0.292969



              count        pct
IRSp53_Cdc42                  
1               526  51.367188
0               498  48.632812



             count    pct
IRSp53_Rac1              
0             1024  100.0



      count        pct
LIMK                  
1       947  92.480469
0        77   7.519531



      count        pct
NET1                  
0       526  51.367188
1       498  48.632812



     count        pct
PAK                  
1      526  51.367188
0      498  48.632812



      count        pct
PIP2                  
1       515  50.292969
0       509  49.707031



     count        pct
PKD                  
1      947  92.480469
0       77   7.519531



          count        pct
Profilin                  
1           963  94.042969
1110         45   4.394531
01           16   1.562500



      count        pct
ROCK                  
1       947  92.480469
0        77   7.519531



     count    pct
ROS              
0     1024  100.0



      count    pct
Rac1              
0      1024  100.0



      count    pct
RhoA              
1      1024  100.0



     count        pct
SSH                  
0      947  92.480469
1       77   7.519531



          count        pct
Thymosin                  
0           399  38.964844
1           312  30.468750
10          268  26.171875
01           45   4.394531



      count        pct
WASP                  
1       382  37.304688
0       329  32.128906
10      268  26.171875
01       45   4.394531



      count    pct
WAVE              
0      1024  100.0



