          count        pct
ARHGAP22                  
0           688  67.187500
1           214  20.898438
010          78   7.617188
100          44   4.296875



          count        pct
Actin_BR                  
1           505  49.316406
0           255  24.902344
001         130  12.695312
010          78   7.617188
011          56   5.468750



          count        pct
Actin_ST                  
0           544  53.125000
1           391  38.183594
010001       78   7.617188
100           6   0.585938
01            5   0.488281



        count        pct
Arp2_3                  
1         505  49.316406
0         255  24.902344
010       130  12.695312
100        78   7.617188
110        56   5.468750



        count        pct
CP                      
1         520  50.781250
0         471  45.996094
000010     21   2.050781
001        11   1.074219
10          1   0.097656



       count        pct
Cdc42                  
1        527  51.464844
0        497  48.535156



         count        pct
Cofilin                  
1          561  54.785156
0          296  28.906250
011         77   7.519531
010000      57   5.566406
01          27   2.636719
100          6   0.585938



         count        pct
Coronin                  
1          662  64.648438
0          354  34.570312
01           8   0.781250



           count        pct
Cortactin                  
1            505  49.316406
0            255  24.902344
100          130  12.695312
001           78   7.617188
101           56   5.468750



      count    pct
Dia1              
0      1024  100.0



      count    pct
Dia2              
0      1024  100.0



          count        pct
Ena_Vasp                  
1           883  86.230469
101011       78   7.617188
101          38   3.710938
100          14   1.367188
0             8   0.781250
10            3   0.292969



              count        pct
IRSp53_Cdc42                  
1               527  51.464844
0               497  48.535156



             count        pct
IRSp53_Rac1                  
1              505  49.316406
0              255  24.902344
100            130  12.695312
001             78   7.617188
101             56   5.468750



      count        pct
LIMK                  
0       662  64.648438
1       354  34.570312
10        8   0.781250



      count        pct
NET1                  
0       533  52.050781
1       227  22.167969
101     130  12.695312
011      78   7.617188
001      56   5.468750



     count        pct
PAK                  
1      533  52.050781
0      227  22.167969
100    130  12.695312
001     78   7.617188
101     56   5.468750



      count       pct
PIP2                 
0       520  50.78125
1       504  49.21875



     count        pct
PKD                  
0      688  67.187500
1      214  20.898438
010     78   7.617188
100     44   4.296875



          count        pct
Profilin                  
1           680  66.406250
0           215  20.996094
110          78   7.617188
101          47   4.589844
10            4   0.390625



      count        pct
ROCK                  
0       688  67.187500
1       214  20.898438
100      78   7.617188
001      44   4.296875



     count        pct
ROS                  
1      505  49.316406
0      255  24.902344
100    130  12.695312
001     78   7.617188
101     56   5.468750



      count        pct
Rac1                  
1       505  49.316406
0       255  24.902344
001     130  12.695312
010      78   7.617188
011      56   5.468750



      count        pct
RhoA                  
0       589  57.519531
1       227  22.167969
100     130  12.695312
001      78   7.617188



     count        pct
SSH                  
1      662  64.648438
0      354  34.570312
10       8   0.781250



          count        pct
Thymosin                  
0           712  69.531250
01          164  16.015625
1           148  14.453125



        count        pct
WASP                    
1         660  64.453125
0         156  15.234375
01        107  10.449219
000101     57   5.566406
011        44   4.296875



      count        pct
WAVE                  
1       561  54.785156
0       255  24.902344
110     130  12.695312
101      78   7.617188



