                                         count        pct
cycle_Actin_BR_norm cycle_Actin_ST_norm                  
0                   0                      479  46.777344
0100                0110                   242  23.632812
                    0100                   174  16.992188
1                   1                       52   5.078125
101                 001                     42   4.101562
1101                0110                    18   1.757812
1100                1110                    17   1.660156



