          count        pct
ARHGAP22                  
1           527  51.464844
0           172  16.796875
10111       164  16.015625
11010        67   6.542969
10001        44   4.296875
00111        44   4.296875
100           6   0.585938



          count        pct
Actin_BR                  
1           522  50.976562
0           463  45.214844
101          39   3.808594



          count        pct
Actin_ST                  
0           522  50.976562
1           463  45.214844
001          39   3.808594



        count        pct
Arp2_3                  
1         522  50.976562
0         463  45.214844
011        39   3.808594



     count        pct
CP                   
1      522  50.976562
0      463  45.214844
101     39   3.808594



       count        pct
Cdc42                  
0        522  50.976562
1        502  49.023438



         count        pct
Cofilin                  
0          463  45.214844
1          330  32.226562
11110      164  16.015625
01011       67   6.542969



         count        pct
Coronin                  
0          758  74.023438
1          172  16.796875
10001       44   4.296875
00010       44   4.296875
110          6   0.585938



           count        pct
Cortactin                  
0            527  51.464844
00010        164  16.015625
1            139  13.574219
00011         88   8.593750
01001         67   6.542969
110           33   3.222656
100            6   0.585938



      count        pct
Dia1                  
0       522  50.976562
1       463  45.214844
001      39   3.808594



      count        pct
Dia2                  
1       965  94.238281
011      39   3.808594
0        20   1.953125



          count        pct
Ena_Vasp                  
1          1018  99.414062
011           6   0.585938



              count        pct
IRSp53_Cdc42                  
0               522  50.976562
1               502  49.023438



             count        pct
IRSp53_Rac1                  
0              527  51.464844
00010          164  16.015625
1              139  13.574219
01001           67   6.542969
10011           44   4.296875
00110           44   4.296875
110             39   3.808594



       count        pct
LIMK                   
1        758  74.023438
0        172  16.796875
11101     44   4.296875
01110     44   4.296875
001        6   0.585938



      count        pct
NET1                  
0       522  50.976562
1       463  45.214844
100      39   3.808594



     count        pct
PAK                  
1      522  50.976562
0      463  45.214844
110     39   3.808594



      count    pct
PIP2              
0      1024  100.0



       count        pct
PKD                    
1        527  51.464844
0        172  16.796875
10111    164  16.015625
11010     67   6.542969
10001     44   4.296875
00111     44   4.296875
100        6   0.585938



          count    pct
Profilin              
1          1024  100.0



       count        pct
ROCK                   
1        527  51.464844
0        172  16.796875
01111    164  16.015625
10101     67   6.542969
01110     44   4.296875
00011     44   4.296875
001        6   0.585938



       count        pct
ROS                    
0        527  51.464844
00010    164  16.015625
1        139  13.574219
01001     67   6.542969
10011     44   4.296875
00110     44   4.296875
110       39   3.808594



       count        pct
Rac1                   
0        527  51.464844
00100    164  16.015625
1        139  13.574219
10010     67   6.542969
01100     44   4.296875
00111     44   4.296875
101       39   3.808594



       count        pct
RhoA                   
1        527  51.464844
11110    164  16.015625
0        139  13.574219
01011     67   6.542969
11100     44   4.296875
00110     44   4.296875
110       39   3.808594



       count        pct
SSH                    
0        758  74.023438
1        172  16.796875
00100     44   4.296875
00011     44   4.296875
101        6   0.585938



          count    pct
Thymosin              
0          1024  100.0



      count        pct
WASP                  
1       555  54.199219
0       463  45.214844
110       6   0.585938



       count        pct
WAVE                   
0        527  51.464844
1        178  17.382812
00011    164  16.015625
11011    111  10.839844
00111     44   4.296875



