                                         count        pct
cycle_Actin_BR_norm cycle_Actin_ST_norm                  
0                   1                      315  30.761719
1                   1                      212  20.703125
                    0111                   192  18.750000
1101                1001                    70   6.835938
                    0111                    35   3.417969
0100                1001                    31   3.027344
0                   0                       28   2.734375
10                  1001                    27   2.636719
1001                1001                    23   2.246094
1                   01                      23   2.246094
0100                0111                    18   1.757812
01                  0                       18   1.757812
0100                0010                    15   1.464844
1001                0111                    11   1.074219
0100                0                        4   0.390625
01                  01                       2   0.195312



