                                         count        pct
cycle_Actin_BR_norm cycle_Actin_ST_norm                  
110                 101                    208  20.312500
                    1                      202  19.726562
1                   1                      171  16.699219
100                 1                      154  15.039062
0                   0                      130  12.695312
100                 0                      124  12.109375
                    001                     22   2.148438
0                   1                        8   0.781250
                    01                       5   0.488281



