          count        pct
ARHGAP22                  
0           594  58.007812
010         266  25.976562
011110      160  15.625000
1             4   0.390625



          count        pct
Actin_BR                  
1           483  47.167969
010         276  26.953125
000010      160  15.625000
011          52   5.078125
110          33   3.222656
0            20   1.953125



          count        pct
Actin_ST                  
1           580  56.640625
010011      135  13.183594
001111      123  12.011719
011          69   6.738281
0            60   5.859375
101111       33   3.222656
010          16   1.562500
000011        8   0.781250



        count        pct
Arp2_3                  
1         483  47.167969
100       276  26.953125
000100    160  15.625000
110        52   5.078125
101        33   3.222656
0          20   1.953125



    count    pct
CP              
0    1024  100.0



       count        pct
Cdc42                  
0        523  51.074219
1        501  48.925781



         count        pct
Cofilin                  
0          871  85.058594
010000      77   7.519531
001         76   7.421875



         count    pct
Coronin              
0         1024  100.0



           count        pct
Cortactin                  
1            483  47.167969
001          276  26.953125
001000       160  15.625000
101           52   5.078125
011           33   3.222656
0             20   1.953125



        count        pct
Dia1                    
0         594  58.007812
100       266  25.976562
111100    160  15.625000
1           4   0.390625



        count        pct
Dia2                    
1         487  47.558594
101       351  34.277344
111100    160  15.625000
0          16   1.562500
010        10   0.976562



          count        pct
Ena_Vasp                  
1           682  66.601562
101011      135  13.183594
001111       93   9.082031
011111       38   3.710938
001          36   3.515625
01           33   3.222656
0             4   0.390625
10            3   0.292969



              count        pct
IRSp53_Cdc42                  
0               523  51.074219
1               501  48.925781



             count        pct
IRSp53_Rac1                  
1              483  47.167969
001            276  26.953125
001000         160  15.625000
101             52   5.078125
011             33   3.222656
0               20   1.953125



        count        pct
LIMK                    
1         782  76.367188
011111    160  15.625000
110        49   4.785156
101        33   3.222656



        count        pct
NET1                    
0         512  50.000000
011       266  25.976562
111011    160  15.625000
001        49   4.785156
010        33   3.222656
1           4   0.390625



        count        pct
PAK                     
1         512  50.000000
001       266  25.976562
001000    160  15.625000
101        49   4.785156
011        33   3.222656
0           4   0.390625



      count        pct
PIP2                  
1       529  51.660156
0       495  48.339844



        count        pct
PKD                     
0         594  58.007812
010       266  25.976562
011110    160  15.625000
1           4   0.390625



          count        pct
Profilin                  
1           616  60.156250
110         217  21.191406
011110      123  12.011719
0            40   3.906250
010          20   1.953125
000110        8   0.781250



        count        pct
ROCK                    
0         594  58.007812
100       266  25.976562
111100    160  15.625000
1           4   0.390625



        count        pct
ROS                     
1         483  47.167969
001       276  26.953125
001000    160  15.625000
101        52   5.078125
011        33   3.222656
0          20   1.953125



        count        pct
Rac1                    
1         483  47.167969
010       276  26.953125
010000    160  15.625000
011        52   5.078125
110        33   3.222656
0          20   1.953125



        count        pct
RhoA                    
0         594  58.007812
001       266  25.976562
111001    160  15.625000
1           4   0.390625



     count    pct
SSH              
0     1024  100.0



          count        pct
Thymosin                  
01          440  42.968750
0           397  38.769531
1           187  18.261719



        count        pct
WASP                    
1         341  33.300781
01        234  22.851562
0         187  18.261719
10        137  13.378906
000101     69   6.738281
101        56   5.468750



        count        pct
WAVE                    
1         568  55.468750
101       276  26.953125
001100    160  15.625000
0          20   1.953125



