                   count        pct
Actin_BR Actin_ST                  
010      100         220  21.484375
0        0           213  20.800781
010      011010      133  12.988281
         1            92   8.984375
011      111110       74   7.226562
101      1            67   6.542969
000010   001111       63   6.152344
         1            55   5.371094
1        1            33   3.222656
000010   011000       33   3.222656
010      0            31   3.027344
101      0             7   0.683594
0        1             3   0.292969



               count        pct
Rac1   RhoA                    
010    001       476  46.484375
0      1         216  21.093750
010000 111001    151  14.746094
101    0          74   7.226562
011    0          74   7.226562
1      0          33   3.222656



