          count        pct
ARHGAP22                  
0           562  54.882812
1           228  22.265625
011110      199  19.433594
010          27   2.636719
              8   0.781250



          count       pct
Actin_BR                 
0          1016  99.21875
              8   0.78125



           count        pct
Actin_ST                   
0            449  43.847656
1            287  28.027344
01           144  14.062500
001111       100   9.765625
000011        21   2.050781
010011        14   1.367188
               8   0.781250
000000001      1   0.097656



        count       pct
Arp2_3                 
0        1016  99.21875
            8   0.78125



    count        pct
CP                  
1     508  49.609375
0     508  49.609375
        8   0.781250



       count        pct
Cdc42                  
1        514  50.195312
0        502  49.023438
           8   0.781250



           count        pct
Cofilin                    
0            865  84.472656
10            70   6.835938
1             63   6.152344
111110000     11   1.074219
               8   0.781250
101000         5   0.488281
011            2   0.195312



         count        pct
Coronin                  
0          748  73.046875
10         167  16.308594
1          101   9.863281
             8   0.781250



           count        pct
Cortactin                  
0            771  75.292969
001000       199  19.433594
001           34   3.320312
100000111     12   1.171875
               8   0.781250



           count        pct
Dia1                       
0            766  74.804688
111100       199  19.433594
100           34   3.320312
000011110     12   1.171875
               8   0.781250
1              5   0.488281



      count       pct
Dia2                 
0      1016  99.21875
          8   0.78125



          count        pct
Ena_Vasp                  
1           849  82.910156
011111      100   9.765625
0            30   2.929688
001111       21   2.050781
101011        9   0.878906
              8   0.781250
01            5   0.488281
001           2   0.195312



              count        pct
IRSp53_Cdc42                  
1               514  50.195312
0               502  49.023438
                  8   0.781250



             count        pct
IRSp53_Rac1                  
0              771  75.292969
001000         199  19.433594
001             34   3.320312
100000111       12   1.171875
                 8   0.781250



        count        pct
LIMK                    
1         549  53.613281
011111    199  19.433594
01        167  16.308594
0         101   9.863281
            8   0.781250



           count        pct
NET1                       
0            514  50.195312
1            257  25.097656
111011       199  19.433594
011           34   3.320312
001111100     12   1.171875
               8   0.781250



           count        pct
PAK                        
1            514  50.195312
0            257  25.097656
001000       199  19.433594
001           34   3.320312
100000111     12   1.171875
               8   0.781250



      count        pct
PIP2                  
1       508  49.609375
0       508  49.609375
          8   0.781250



        count        pct
PKD                     
0         562  54.882812
1         228  22.265625
011110    199  19.433594
010        27   2.636719
            8   0.781250



           count        pct
Profilin                   
0            424  41.406250
1            348  33.984375
10           106  10.351562
011110       100   9.765625
000110        21   2.050781
110           14   1.367188
               8   0.781250
010            2   0.195312
000000011      1   0.097656



        count        pct
ROCK                    
0         562  54.882812
1         228  22.265625
111100    199  19.433594
100        27   2.636719
            8   0.781250



           count        pct
ROS                        
0            771  75.292969
001000       199  19.433594
001           34   3.320312
100000111     12   1.171875
               8   0.781250



           count        pct
Rac1                       
0            771  75.292969
010000       199  19.433594
010           34   3.320312
000001111     12   1.171875
               8   0.781250



           count        pct
RhoA                       
0            514  50.195312
1            257  25.097656
111001       199  19.433594
001           34   3.320312
000111100     12   1.171875
               8   0.781250



     count        pct
SSH                  
0      748  73.046875
01     167  16.308594
1      101   9.863281
         8   0.781250



          count        pct
Thymosin                  
0           372  36.328125
1           295  28.808594
01          235  22.949219
10          114  11.132812
              8   0.781250



      count        pct
WASP                  
1       343  33.496094
0       324  31.640625
01      235  22.949219
10      114  11.132812
          8   0.781250



           count        pct
WAVE                       
0            771  75.292969
001100       199  19.433594
101           34   3.320312
110000111     12   1.171875
               8   0.781250



