                    count        pct
Actin_BR Actin_ST                   
0        0            449  43.847656
         1            287  28.027344
         01           144  14.062500
         001111       100   9.765625
         000011        21   2.050781
         010011        14   1.367188
                        8   0.781250
0        000000001      1   0.097656



                     count        pct
Rac1      RhoA                       
0         0            514  50.195312
          1            257  25.097656
010000    111001       199  19.433594
010       001           34   3.320312
000001111 000111100     12   1.171875
                         8   0.781250



