                   count        pct
Actin_BR Actin_ST                  
1        1           369  36.035156
100      1           135  13.183594
         001         123  12.011719
0        0           109  10.644531
011      101          97   9.472656
         1            97   9.472656
010000   1            91   8.886719
0        1             3   0.292969



               count        pct
Rac1   RhoA                    
1      0         369  36.035156
100    010       241  23.535156
011    0         194  18.945312
0      1         112  10.937500
000010 001111     91   8.886719
100    0          17   1.660156



