          count        pct
ARHGAP22                  
0           644  62.890625
011110      244  23.828125
010         124  12.109375
1             8   0.781250
              4   0.390625



          count        pct
Actin_BR                  
010         441  43.066406
000010      244  23.828125
0           219  21.386719
011          90   8.789062
1            26   2.539062
              4   0.390625



           count        pct
Actin_ST                   
010          377  36.816406
0            244  23.828125
100111       125  12.207031
001110       119  11.621094
110          118  11.523438
000001110     23   2.246094
1             14   1.367188
               4   0.390625



        count        pct
Arp2_3                  
100       441  43.066406
000100    244  23.828125
0         219  21.386719
110        90   8.789062
1          26   2.539062
            4   0.390625



        count        pct
CP                      
0         468  45.703125
010       323  31.542969
000010    119  11.621094
011        84   8.203125
1          26   2.539062
            4   0.390625



       count        pct
Cdc42                  
0        527  51.464844
1        493  48.144531
           4   0.390625



         count        pct
Cofilin                  
0          381  37.207031
1          264  25.781250
010        233  22.753906
000010     119  11.621094
01          14   1.367188
011          9   0.878906
             4   0.390625



         count        pct
Coronin                  
1          506  49.414062
0          492  48.046875
01          22   2.148438
             4   0.390625



           count        pct
Cortactin                  
001          441  43.066406
001000       244  23.828125
0            196  19.140625
101           90   8.789062
1             26   2.539062
000001111     23   2.246094
               4   0.390625



           count        pct
Dia1                       
0            534  52.148438
111100       244  23.828125
100          211  20.605469
000111100     23   2.246094
1              8   0.781250
               4   0.390625



           count        pct
Dia2                       
1            501  48.925781
111100       244  23.828125
100          211  20.605469
0             41   4.003906
000111100     23   2.246094
               4   0.390625



          count        pct
Ena_Vasp                  
1           501  48.925781
001111      244  23.828125
0           151  14.746094
001         124  12.109375
              4   0.390625



              count        pct
IRSp53_Cdc42                  
0               527  51.464844
1               493  48.144531
                  4   0.390625



             count        pct
IRSp53_Rac1                  
001            441  43.066406
001000         244  23.828125
0              196  19.140625
101             90   8.789062
1               26   2.539062
000001111       23   2.246094
                 4   0.390625



      count        pct
LIMK                  
0      1020  99.609375
          4   0.390625



           count        pct
NET1                       
0            504  49.218750
111011       244  23.828125
011          211  20.605469
001           30   2.929688
011111000     23   2.246094
1              8   0.781250
               4   0.390625



           count        pct
PAK                        
1            504  49.218750
001000       244  23.828125
001          211  20.605469
101           30   2.929688
000001111     23   2.246094
0              8   0.781250
               4   0.390625



      count        pct
PIP2                  
0       517  50.488281
1       503  49.121094
          4   0.390625



        count        pct
PKD                     
0         644  62.890625
011110    244  23.828125
010       124  12.109375
1           8   0.781250
            4   0.390625



           count        pct
Profilin                   
110          441  43.066406
011110       244  23.828125
0            188  18.359375
1            124  12.109375
110011111     23   2.246094
               4   0.390625



        count        pct
ROCK                    
0         644  62.890625
111100    244  23.828125
100       124  12.109375
1           8   0.781250
            4   0.390625



           count        pct
ROS                        
001          441  43.066406
001000       244  23.828125
0            196  19.140625
101           90   8.789062
1             26   2.539062
000001111     23   2.246094
               4   0.390625



           count        pct
Rac1                       
010          441  43.066406
010000       244  23.828125
0            196  19.140625
011           90   8.789062
1             26   2.539062
000011110     23   2.246094
               4   0.390625



           count        pct
RhoA                       
0            534  52.148438
111001       244  23.828125
001          211  20.605469
001111000     23   2.246094
1              8   0.781250
               4   0.390625



     count        pct
SSH                  
1      506  49.414062
0      492  48.046875
10      22   2.148438
         4   0.390625



          count        pct
Thymosin                  
1           381  37.207031
0           264  25.781250
110         233  22.753906
111110      119  11.621094
01           14   1.367188
010           9   0.878906
              4   0.390625



      count        pct
WASP                  
0      1020  99.609375
          4   0.390625



           count        pct
WAVE                       
101          441  43.066406
001100       244  23.828125
0            196  19.140625
1            116  11.328125
100001111     23   2.246094
               4   0.390625



