          count        pct
ARHGAP22                  
0           691  67.480469
1           201  19.628906
010         132  12.890625



          count        pct
Actin_BR                  
0           294  28.710938
1           227  22.167969
100         224  21.875000
011         202  19.726562
001          47   4.589844
110          30   2.929688



          count        pct
Actin_ST                  
1           422  41.210938
0           286  27.929688
100         206  20.117188
111011       84   8.203125
101          18   1.757812
10            8   0.781250



        count        pct
Arp2_3                  
0         294  28.710938
1         227  22.167969
001       224  21.875000
110       202  19.726562
010        47   4.589844
101        30   2.929688



    count    pct
CP              
1    1024  100.0



       count        pct
Cdc42                  
1        515  50.292969
0        509  49.707031



         count    pct
Cofilin              
0         1024  100.0



         count        pct
Coronin                  
1          643  62.792969
0          371  36.230469
10          10   0.976562



           count        pct
Cortactin                  
0            294  28.710938
1            227  22.167969
010          224  21.875000
101          202  19.726562
100           47   4.589844
011           30   2.929688



      count    pct
Dia1              
0      1024  100.0



      count        pct
Dia2                  
1       458  44.726562
011     236  23.046875
101     202  19.726562
100      65   6.347656
0        63   6.152344



          count        pct
Ena_Vasp                  
1           748  73.046875
001         132  12.890625
0           104  10.156250
01           37   3.613281
10            3   0.292969



              count        pct
IRSp53_Cdc42                  
1               515  50.292969
0               509  49.707031



             count        pct
IRSp53_Rac1                  
0              294  28.710938
1              227  22.167969
010            224  21.875000
101            202  19.726562
100             47   4.589844
011             30   2.929688



      count        pct
LIMK                  
0       643  62.792969
1       371  36.230469
01       10   0.976562



      count        pct
NET1                  
0       520  50.781250
1       231  22.558594
110     206  20.117188
100      37   3.613281
010      30   2.929688



     count        pct
PAK                  
1      520  50.781250
0      231  22.558594
010    206  20.117188
110     37   3.613281
011     30   2.929688



      count    pct
PIP2              
0      1024  100.0



     count        pct
PKD                  
0      691  67.480469
1      201  19.628906
010    132  12.890625



          count        pct
Profilin                  
1           459  44.824219
0           286  27.929688
101         224  21.875000
111011       47   4.589844
01            8   0.781250



      count        pct
ROCK                  
0       691  67.480469
1       201  19.628906
100     132  12.890625



     count        pct
ROS                  
0      294  28.710938
1      227  22.167969
010    224  21.875000
101    202  19.726562
100     47   4.589844
011     30   2.929688



      count        pct
Rac1                  
0       294  28.710938
1       227  22.167969
100     224  21.875000
011     202  19.726562
001      47   4.589844
110      30   2.929688



      count        pct
RhoA                  
0       587  57.324219
1       231  22.558594
010     206  20.117188



     count        pct
SSH                  
1      643  62.792969
0      371  36.230469
01      10   0.976562



          count        pct
Thymosin                  
1           510  49.804688
10          249  24.316406
0           217  21.191406
01           48   4.687500



      count        pct
WASP                  
0       510  49.804688
10      249  24.316406
1       217  21.191406
01       48   4.687500



      count        pct
WAVE                  
1       459  44.824219
0       294  28.710938
011     224  21.875000
110      47   4.589844



