                   count        pct
Actin_BR Actin_ST                  
0        0           219  21.386719
110      1           179  17.480469
001      110         170  16.601562
010011   1            69   6.738281
010000   111101       63   6.152344
010      1            62   6.054688
         011010       48   4.687500
010000   1            32   3.125000
001      1            31   3.027344
010000   011000       22   2.148438
001010   001111       21   2.050781
         000111       19   1.855469
1        1            18   1.757812
110      110          17   1.660156
001010   1            16   1.562500
         111101       10   0.976562
001      001           9   0.878906
10       01            7   0.683594
         1             4   0.390625
0        1             4   0.390625
10       0             2   0.195312
1000     1             2   0.195312



               count        pct
Rac1   RhoA                    
0      1         223  21.777344
001    110       210  20.507812
110    001       196  19.140625
000010 101111    117  11.425781
010    101        92   8.984375
011010 101100     69   6.738281
010001 110101     66   6.445312
1      0          18   1.757812
011    100        18   1.757812
01     01         15   1.464844



