          count        pct
ARHGAP22                  
1           978  47.753906
0           361  17.626953
11011       183   8.935547
11110       133   6.494141
10110       107   5.224609
00011        96   4.687500
01011        79   3.857422
01110        64   3.125000
11001        28   1.367188
001          18   0.878906
              1   0.048828



            count        pct
Actin_BR                    
0             895  43.701172
1             714  34.863281
1011101011    133   6.494141
1111111101    104   5.078125
101            77   3.759766
10             39   1.904297
01100          29   1.416016
0111011111     28   1.367188
11011          15   0.732422
10011          10   0.488281
011             3   0.146484
                1   0.048828



          count        pct
Actin_ST                  
0          2047  99.951172
              1   0.048828



            count        pct
Arp2_3                      
0             895  43.701172
1             714  34.863281
0111010111    133   6.494141
1111111011    104   5.078125
011            77   3.759766
01             39   1.904297
11000          29   1.416016
1110111110     28   1.367188
10111          15   0.732422
00111          10   0.488281
110             3   0.146484
                1   0.048828



    count        pct
CP                  
0    2047  99.951172
        1   0.048828



       count        pct
Cdc42                  
1       1025  50.048828
0       1022  49.902344
           1   0.048828



            count        pct
Cofilin                     
0            1267  61.865234
1             377  18.408203
11110          87   4.248047
10             76   3.710938
11010          58   2.832031
1010100010     58   2.832031
0100000101     39   1.904297
110            29   1.416016
10001          28   1.367188
1000100000     25   1.220703
001010          3   0.146484
                1   0.048828



         count        pct
Coronin                  
0         1480  72.265625
1          361  17.626953
00011       96   4.687500
00100       64   3.125000
10000       28   1.367188
101         18   0.878906
             1   0.048828



           count        pct
Cortactin                  
0            978  47.753906
1            299  14.599609
00001        183   8.935547
00110        135   6.591797
01000        133   6.494141
01010        107   5.224609
00101         79   3.857422
110           62   3.027344
10001         53   2.587891
001           18   0.878906
               1   0.048828



       count        pct
Dia1                   
1        978  47.753906
0        299  14.599609
10111    183   8.935547
11101    133   6.494141
01101    107   5.224609
00110     96   4.687500
10110     79   3.857422
011       77   3.759766
11100     64   3.125000
10011     28   1.367188
110        3   0.146484
           1   0.048828



       count        pct
Dia2                   
1       1357  66.259766
10111    502  24.511719
00111    135   6.591797
10011     53   2.587891
           1   0.048828



          count        pct
Ena_Vasp                  
1          2017  98.486328
10           12   0.585938
110          11   0.537109
0             4   0.195312
110101        3   0.146484
              1   0.048828



              count        pct
IRSp53_Cdc42                  
1              1025  50.048828
0              1022  49.902344
                  1   0.048828



             count        pct
IRSp53_Rac1                  
0              978  47.753906
1              299  14.599609
00001          183   8.935547
01000          133   6.494141
01010          107   5.224609
00111           96   4.687500
00101           79   3.857422
110             77   3.759766
01100           64   3.125000
10001           28   1.367188
101              3   0.146484
                 1   0.048828



       count        pct
LIMK                   
1       1480  72.265625
0        361  17.626953
11100     96   4.687500
11011     64   3.125000
01111     28   1.367188
010       18   0.878906
           1   0.048828



      count        pct
NET1                  
0      1081  52.783203
1       886  43.261719
100      77   3.759766
001       3   0.146484
          1   0.048828



     count        pct
PAK                  
1     1081  52.783203
0      886  43.261719
110     77   3.759766
101      3   0.146484
         1   0.048828



      count        pct
PIP2                  
1      1052  51.367188
0       995  48.583984
          1   0.048828



       count        pct
PKD                    
1        978  47.753906
0        361  17.626953
11011    183   8.935547
11110    133   6.494141
10110    107   5.224609
00011     96   4.687500
01011     79   3.857422
01110     64   3.125000
11001     28   1.367188
001       18   0.878906
           1   0.048828



          count        pct
Profilin                  
0          2047  99.951172
              1   0.048828



       count        pct
ROCK                   
1        978  47.753906
0        361  17.626953
10111    183   8.935547
11101    133   6.494141
01101    107   5.224609
00110     96   4.687500
10110     79   3.857422
11100     64   3.125000
10011     28   1.367188
010       18   0.878906
           1   0.048828



       count        pct
ROS                    
0        978  47.753906
1        299  14.599609
00001    183   8.935547
01000    133   6.494141
01010    107   5.224609
00111     96   4.687500
00101     79   3.857422
110       77   3.759766
01100     64   3.125000
10001     28   1.367188
101        3   0.146484
           1   0.048828



       count        pct
Rac1                   
0        978  47.753906
1        299  14.599609
00010    183   8.935547
10000    133   6.494141
10100    107   5.224609
01110     96   4.687500
01010     79   3.857422
101       77   3.759766
11000     64   3.125000
00011     28   1.367188
011        3   0.146484
           1   0.048828



       count        pct
RhoA                   
1        978  47.753906
0        299  14.599609
01111    183   8.935547
11011    133   6.494141
11010    107   5.224609
01100     96   4.687500
01101     79   3.857422
110       77   3.759766
11001     64   3.125000
00111     28   1.367188
101        3   0.146484
           1   0.048828



       count        pct
SSH                    
0       1480  72.265625
1        361  17.626953
00110     96   4.687500
01000     64   3.125000
00001     28   1.367188
011       18   0.878906
           1   0.048828



          count        pct
Thymosin                  
0           905  44.189453
01          577  28.173828
1           562  27.441406
10            3   0.146484
              1   0.048828



      count        pct
WASP                  
1       894  43.652344
01      577  28.173828
0       562  27.441406
101      11   0.537109
10        3   0.146484
          1   0.048828



       count        pct
WAVE                   
0        978  47.753906
1        379  18.505859
10001    183   8.935547
01111    178   8.691406
01100    133   6.494141
10111    104   5.078125
01110     64   3.125000
11001     28   1.367188
           1   0.048828



