          count        pct
ARHGAP22                  
0           845  82.519531
1           179  17.480469



          count        pct
Actin_BR                  
1           478  46.679688
0           255  24.902344
100         220  21.484375
011          71   6.933594



          count        pct
Actin_ST                  
1           687  67.089844
0           208  20.312500
001          92   8.984375
110          34   3.320312
10            3   0.292969



        count        pct
Arp2_3                  
1         478  46.679688
0         255  24.902344
001       220  21.484375
110        71   6.933594



    count        pct
CP                  
1     514  50.195312
0     508  49.609375
10      2   0.195312



       count        pct
Cdc42                  
0        516  50.390625
1        508  49.609375



         count        pct
Cofilin                  
1          633  61.816406
110        165  16.113281
0          151  14.746094
01          75   7.324219



         count        pct
Coronin                  
1          817  79.785156
01         129  12.597656
0           78   7.617188



           count        pct
Cortactin                  
1            478  46.679688
0            255  24.902344
010          220  21.484375
101           71   6.933594



      count    pct
Dia1              
0      1024  100.0



      count        pct
Dia2                  
1       693  67.675781
011     291  28.417969
0        40   3.906250



          count        pct
Ena_Vasp                  
1           757  73.925781
0           122  11.914062
011          92   8.984375
10           53   5.175781



              count        pct
IRSp53_Cdc42                  
0               516  50.390625
1               508  49.609375



             count        pct
IRSp53_Rac1                  
1              478  46.679688
0              255  24.902344
010            220  21.484375
101             71   6.933594



      count        pct
LIMK                  
0       817  79.785156
10      129  12.597656
1        78   7.617188



      count        pct
NET1                  
0       518  50.585938
110     220  21.484375
1       215  20.996094
001      71   6.933594



     count        pct
PAK                  
1      518  50.585938
010    220  21.484375
0      215  20.996094
101     71   6.933594



      count        pct
PIP2                  
0       513  50.097656
1       511  49.902344



     count    pct
PKD              
0     1024  100.0



          count        pct
Profilin                  
1           724  70.703125
0           205  20.019531
011          92   8.984375
01            3   0.292969



      count        pct
ROCK                  
0       845  82.519531
1       179  17.480469



     count        pct
ROS                  
1      478  46.679688
0      255  24.902344
010    220  21.484375
101     71   6.933594



      count        pct
Rac1                  
1       478  46.679688
0       255  24.902344
100     220  21.484375
011      71   6.933594



      count        pct
RhoA                  
0       589  57.519531
010     220  21.484375
1       215  20.996094



     count        pct
SSH                  
1      817  79.785156
10     129  12.597656
0       78   7.617188



          count        pct
Thymosin                  
0           833  81.347656
01          129  12.597656
1            62   6.054688



      count        pct
WASP                  
1       720  70.312500
0       140  13.671875
110      92   8.984375
01       72   7.031250



      count        pct
WAVE                  
1       549  53.613281
0       255  24.902344
011     220  21.484375



