          count        pct
ARHGAP22                  
0          1896  92.578125
            152   7.421875



          count        pct
Actin_BR                  
1           984  48.046875
0           457  22.314453
001         231  11.279297
101         190   9.277344
            152   7.421875
00000100     34   1.660156



           count        pct
Actin_ST                   
1           1166  56.933594
001          231  11.279297
0            204   9.960938
             152   7.421875
11110111     148   7.226562
011           65   3.173828
100000011     27   1.318359
01101001      22   1.074219
10            19   0.927734
00110000      14   0.683594



          count        pct
Arp2_3                    
1           984  48.046875
0           457  22.314453
010         231  11.279297
011         190   9.277344
            152   7.421875
00001000     34   1.660156



    count        pct
CP                  
1    1013  49.462891
0     883  43.115234
      152   7.421875



       count        pct
Cdc42                  
1       1033  50.439453
0        863  42.138672
         152   7.421875



         count        pct
Cofilin                  
1         1443  70.458984
01         226  11.035156
0          177   8.642578
           152   7.421875
10          50   2.441406



         count        pct
Coronin                  
1         1701  83.056641
           152   7.421875
0          100   4.882812
01          95   4.638672



           count        pct
Cortactin                  
0           1896  92.578125
             152   7.421875



           count        pct
Dia1                       
0           1507  73.583984
             152   7.421875
011          137   6.689453
00011110     128   6.250000
10100101      56   2.734375
110           41   2.001953
000111110     27   1.318359



           count        pct
Dia2                       
1           1685  82.275391
             152   7.421875
10011111     128   6.250000
11101101      56   2.734375
100111111     27   1.318359



          count        pct
Ena_Vasp                  
1          1347  65.771484
010         231  11.279297
0           218  10.644531
            152   7.421875
110          59   2.880859
01           41   2.001953



              count        pct
IRSp53_Cdc42                  
1              1033  50.439453
0               863  42.138672
                152   7.421875



             count        pct
IRSp53_Rac1                  
1              984  48.046875
0              233  11.376953
100            231  11.279297
110            196   9.570312
               152   7.421875
10000111       128   6.250000
01101001        56   2.734375
101             41   2.001953
100001111       27   1.318359



      count        pct
LIMK                  
0      1858  90.722656
        152   7.421875
10       27   1.318359
1        11   0.537109



           count        pct
NET1                       
0           1216  59.375000
101          231  11.279297
100          196   9.570312
1            185   9.033203
             152   7.421875
001           41   2.001953
001111000     27   1.318359



           count        pct
PAK                        
1           1216  59.375000
100          231  11.279297
110          196   9.570312
0            185   9.033203
             152   7.421875
101           41   2.001953
100001111     27   1.318359



      count        pct
PIP2                  
0      1013  49.462891
1       883  43.115234
        152   7.421875



     count        pct
PKD                  
0     1896  92.578125
       152   7.421875



           count        pct
Profilin                   
1           1225  59.814453
011          237  11.572266
0            204   9.960938
             152   7.421875
11101111     148   7.226562
000000111     27   1.318359
11010010      22   1.074219
01            19   0.927734
01100000      14   0.683594



      count        pct
ROCK                  
0      1896  92.578125
        152   7.421875



           count        pct
ROS                        
1            984  48.046875
0            233  11.376953
100          231  11.279297
110          196   9.570312
             152   7.421875
10000111     128   6.250000
01101001      56   2.734375
101           41   2.001953
100001111     27   1.318359



           count        pct
Rac1                       
1            984  48.046875
0            233  11.376953
001          231  11.279297
101          196   9.570312
             152   7.421875
00001111     128   6.250000
11010010      56   2.734375
011           41   2.001953
000011111     27   1.318359



           count        pct
RhoA                       
0            984  48.046875
1            464  22.656250
110          196   9.570312
             152   7.421875
00111100     128   6.250000
01001011      56   2.734375
101           41   2.001953
001111100     27   1.318359



     count        pct
SSH                  
1     1701  83.056641
       152   7.421875
0      100   4.882812
10      95   4.638672



          count        pct
Thymosin                  
0          1443  70.458984
01          226  11.035156
1           177   8.642578
            152   7.421875
10           50   2.441406



      count        pct
WASP                  
1      1125  54.931641
0       273  13.330078
100     231  11.279297
        152   7.421875
01      139   6.787109
10       69   3.369141
101      59   2.880859



           count        pct
WAVE                       
1           1221  59.619141
0            233  11.376953
110          231  11.279297
             152   7.421875
11000111     128   6.250000
11111101      56   2.734375
110001111     27   1.318359



