                       count        pct
Actin_BR   Actin_ST                    
0          1             475  46.386719
1          0             185  18.066406
           1             126  12.304688
0101100011 1111110111     42   4.101562
10111      1111110111     40   3.906250
0100       01             37   3.613281
0          10111          30   2.929688
01         01             22   2.148438
011        1              16   1.562500
0100101011 1111110111     16   1.562500
011        001            12   1.171875
0          11110111        9   0.878906
                           7   0.683594
0          111101          3   0.292969
           111100000       3   0.292969
00001      10111           1   0.097656



                     count        pct
Rac1      RhoA                       
0         1            553  54.003906
01000     11101        118  11.523438
1         0            115  11.230469
01100     11100         45   4.394531
10000     11011         42   4.101562
01001     10101         40   3.906250
011       101           28   2.734375
01010     01101         28   2.734375
00111     00110         26   2.539062
10110100  11010010       9   0.878906
00001111  00111100       7   0.683594
                         7   0.683594
111100001 110000111      3   0.292969
101       110            3   0.292969



