                   count        pct
Actin_BR Actin_ST                  
1        1           727  35.498047
011      1           619  30.224609
100      110         276  13.476562
010      011         163   7.958984
0        0           162   7.910156
1        0            52   2.539062
011      100          21   1.025391
         110          11   0.537109
010      1            11   0.537109
                       6   0.292969



           count        pct
Rac1 RhoA                  
1    0       779  38.037109
011  101     662  32.324219
100  1       276  13.476562
010  1       163   7.958984
0    1       162   7.910156
               6   0.292969



