          count        pct
ARHGAP22                  
0           661  64.550781
111100      168  16.406250
010         165  16.113281
100          22   2.148438
1             8   0.781250



          count        pct
Actin_BR                  
1           510  49.804688
000100      168  16.406250
010         165  16.113281
001          93   9.082031
110          71   6.933594
0            17   1.660156



          count        pct
Actin_ST                  
1           589  57.519531
011110      168  16.406250
010011      165  16.113281
101          84   8.203125
001           9   0.878906
0             8   0.781250
01            1   0.097656



        count        pct
Arp2_3                  
1         510  49.804688
001000    168  16.406250
100       165  16.113281
010        93   9.082031
101        71   6.933594
0          17   1.660156



    count    pct
CP              
0    1024  100.0



       count        pct
Cdc42                  
0        518  50.585938
1        506  49.414062



         count        pct
Cofilin                  
1          652  63.671875
0          193  18.847656
010000     165  16.113281
100         13   1.269531
01           1   0.097656



         count        pct
Coronin                  
1          652  63.671875
0          369  36.035156
10           3   0.292969



           count        pct
Cortactin                  
1            510  49.804688
010000       168  16.406250
001          165  16.113281
100           93   9.082031
011           71   6.933594
0             17   1.660156



        count        pct
Dia1                    
0         590  57.617188
111001    168  16.406250
100       165  16.113281
010        93   9.082031
1           8   0.781250



        count        pct
Dia2                    
1         518  50.585938
111001    168  16.406250
101       165  16.113281
110       164  16.015625
0           9   0.878906



          count        pct
Ena_Vasp                  
1           611  59.667969
011110      168  16.406250
101011      165  16.113281
011          71   6.933594
100           9   0.878906



              count        pct
IRSp53_Cdc42                  
0               518  50.585938
1               506  49.414062



             count        pct
IRSp53_Rac1                  
1              510  49.804688
010000         168  16.406250
001            165  16.113281
100             93   9.082031
011             71   6.933594
0               17   1.660156



        count        pct
LIMK                    
0         652  63.671875
1         201  19.628906
111110    168  16.406250
01          3   0.292969



        count        pct
NET1                    
0         519  50.683594
110111    168  16.406250
011       165  16.113281
101        93   9.082031
010        71   6.933594
1           8   0.781250



        count        pct
PAK                     
1         519  50.683594
010000    168  16.406250
001       165  16.113281
100        93   9.082031
011        71   6.933594
0           8   0.781250



      count    pct
PIP2              
0      1024  100.0



        count        pct
PKD                     
0         661  64.550781
111100    168  16.406250
010       165  16.113281
100        22   2.148438
1           8   0.781250



          count        pct
Profilin                  
1           589  57.519531
111100      168  16.406250
110         165  16.113281
011          93   9.082031
0             8   0.781250
10            1   0.097656



        count        pct
ROCK                    
0         661  64.550781
111001    168  16.406250
100       165  16.113281
001        22   2.148438
1           8   0.781250



        count        pct
ROS                     
1         510  49.804688
010000    168  16.406250
001       165  16.113281
100        93   9.082031
011        71   6.933594
0          17   1.660156



        count        pct
Rac1                    
1         510  49.804688
100000    168  16.406250
010       165  16.113281
001        93   9.082031
110        71   6.933594
0          17   1.660156



        count        pct
RhoA                    
0         590  57.617188
110011    168  16.406250
001       165  16.113281
100        93   9.082031
1           8   0.781250



     count        pct
SSH                  
1      652  63.671875
0      369  36.035156
01       3   0.292969



          count        pct
Thymosin                  
0           665  64.941406
1           193  18.847656
01          166  16.210938



        count        pct
WASP                    
1         581  56.738281
0         193  18.847656
000101    165  16.113281
110        84   8.203125
01          1   0.097656



        count        pct
WAVE                    
1         581  56.738281
011000    168  16.406250
101       165  16.113281
110        93   9.082031
0          17   1.660156



