                     count  pct
cycle_Actin_BR_norm            
0                    10000  1.0



                     count     pct
cycle_Actin_ST_norm               
1                     4452  0.4452
0111                  1889  0.1889
01                    1710  0.1710
0                     1058  0.1058
0001                   326  0.0326
11101                  318  0.0318
1001                   107  0.0107
110111                  98  0.0098
100001                  27  0.0027
00100                   15  0.0015



                   count  pct
cycle_Arp2_3_norm            
0                  10000  1.0



               count     pct
cycle_CP_norm               
0               5059  0.5059
1               4941  0.4941



                  count     pct
cycle_Cdc42_norm               
1                  5076  0.5076
0                  4924  0.4924



                    count     pct
cycle_Cofilin_norm               
0                    9434  0.9434
1                     349  0.0349
000001                122  0.0122
01                     95  0.0095



                    count     pct
cycle_Coronin_norm               
0                    6664  0.6664
0100                 2462  0.2462
1                     855  0.0855
01                     19  0.0019



                      count     pct
cycle_Cortactin_norm               
1                      7103  0.7103
1101                   2462  0.2462
11101                   228  0.0228
111101                  207  0.0207



                 count     pct
cycle_Dia1_norm               
0                 4941  0.4941
1                 2423  0.2423
1001              1282  0.1282
1011               794  0.0794
100011             207  0.0207
00110              195  0.0195
10                 158  0.0158



                 count     pct
cycle_Dia2_norm               
1                 4814  0.4814
1101              4398  0.4398
11011              387  0.0387
111011             207  0.0207
10                 158  0.0158
10111               36  0.0036



                     count     pct
cycle_Ena_Vasp_norm               
1                     9875  0.9875
101111                  98  0.0098
110011                  27  0.0027



                   count     pct
cycle_IRSp53_norm               
1                   5076  0.5076
0                   4489  0.4489
11001                228  0.0228
111001               207  0.0207



                 count     pct
cycle_LIMK_norm               
1                 6664  0.6664
1011              2462  0.2462
0                  855  0.0855
10                  19  0.0019



                count     pct
cycle_PAK_norm               
1                9565  0.9565
11001             228  0.0228
111001            207  0.0207



                 count     pct
cycle_PIP2_norm               
1                 5059  0.5059
0                 4941  0.4941



                count     pct
cycle_PKD_norm               
1                4814  0.4814
1100             2462  0.2462
1101             1711  0.1711
0                 855  0.0855
01                158  0.0158



                     count     pct
cycle_Profilin_norm               
1                     4801  0.4801
1110                  1812  0.1812
10                    1666  0.1666
0                     1058  0.1058
0010                   326  0.0326
0011                   107  0.0107
101111                  98  0.0098
11011                   90  0.0090
000011                  27  0.0027
01000                   15  0.0015



                 count     pct
cycle_ROCK_norm               
1                 4814  0.4814
1001              2462  0.2462
1011              1711  0.1711
0                  855  0.0855
10                 158  0.0158



                  count     pct
cycle_ROCK__norm               
1                  4814  0.4814
1100               2462  0.2462
1101               1711  0.1711
0                   855  0.0855
01                  158  0.0158



                 count     pct
cycle_Rac1_norm               
0                 4814  0.4814
1001              2687  0.2687
0001              1711  0.1711
10011              387  0.0387
110011             207  0.0207
01                 158  0.0158
00111               36  0.0036



                 count     pct
cycle_RhoA_norm               
1                 4814  0.4814
0011              2687  0.2687
0111              1711  0.1711
00111              228  0.0228
000111             207  0.0207
01100              195  0.0195
01                 158  0.0158



                count     pct
cycle_SSH_norm               
0                6664  0.6664
1000             2462  0.2462
1                 855  0.0855
10                 19  0.0019



                     count     pct
cycle_Thymosin_norm               
10                    4819  0.4819
0                     3628  0.3628
1                     1553  0.1553



                 count     pct
cycle_WASP_norm               
10                4819  0.4819
1                 3628  0.3628
0                 1553  0.1553



                 count     pct
cycle_WAVE_norm               
0                 4814  0.4814
1100              2687  0.2687
1000              1711  0.1711
11001              387  0.0387
111001             207  0.0207
10                 158  0.0158
10011               36  0.0036



