          count        pct
ARHGAP22                  
0           614  59.960938
100         112  10.937500
010         107  10.449219
1            98   9.570312
001111       93   9.082031



          count        pct
Actin_BR                  
1           512  50.000000
100         122  11.914062
0           116  11.328125
010         107  10.449219
000001       93   9.082031
011          42   4.101562
101          32   3.125000



          count        pct
Actin_ST                  
1           577  56.347656
0           166  16.210938
011010       64   6.250000
100111       48   4.687500
100          46   4.492188
010001       43   4.199219
011          33   3.222656
10           32   3.125000
000110       14   1.367188
01            1   0.097656



        count        pct
Arp2_3                  
1         512  50.000000
001       122  11.914062
0         116  11.328125
100       107  10.449219
000010     93   9.082031
110        42   4.101562
011        32   3.125000



        count        pct
CP                      
1         508  49.609375
0         420  41.015625
010000     64   6.250000
100010     18   1.757812
010        11   1.074219
101         3   0.292969



       count        pct
Cdc42                  
1        532  51.953125
0        492  48.046875



         count        pct
Cofilin                  
0          898  87.695312
100         69   6.738281
100000      57   5.566406



         count    pct
Coronin              
0         1024  100.0



           count        pct
Cortactin                  
1            512  50.000000
010          122  11.914062
0            116  11.328125
001          107  10.449219
000100        93   9.082031
101           42   4.101562
110           32   3.125000



        count        pct
Dia1                    
0         812  79.296875
100       119  11.621094
011110     93   9.082031



      count    pct
Dia2              
0      1024  100.0



          count        pct
Ena_Vasp                  
1           797  77.832031
011101      107  10.449219
110111       48   4.687500
01           32   3.125000
001          22   2.148438
011110       14   1.367188
0             3   0.292969
10            1   0.097656



              count        pct
IRSp53_Cdc42                  
1               532  51.953125
0               492  48.046875



             count        pct
IRSp53_Rac1                  
1              512  50.000000
010            122  11.914062
0              116  11.328125
001            107  10.449219
000100          93   9.082031
101             42   4.101562
110             32   3.125000



        count        pct
LIMK                    
1         859  83.886719
101111     93   9.082031
011        72   7.031250



        count        pct
NET1                    
0         542  52.929688
110       112  10.937500
011       107  10.449219
1          98   9.570312
111101     93   9.082031
100        72   7.031250



        count        pct
PAK                     
1         542  52.929688
010       112  10.937500
001       107  10.449219
0          98   9.570312
000100     93   9.082031
110        72   7.031250



      count        pct
PIP2                  
1       516  50.390625
0       508  49.609375



        count        pct
PKD                     
0         614  59.960938
100       112  10.937500
010       107  10.449219
1          98   9.570312
001111     93   9.082031



          count        pct
Profilin                  
1           633  61.816406
0           144  14.062500
110         107  10.449219
101          67   6.542969
001111       48   4.687500
001100       14   1.367188
010          11   1.074219



        count        pct
ROCK                    
0         614  59.960938
001       112  10.937500
100       107  10.449219
1          98   9.570312
011110     93   9.082031



        count        pct
ROS                     
1         512  50.000000
010       122  11.914062
0         116  11.328125
001       107  10.449219
000100     93   9.082031
101        42   4.101562
110        32   3.125000



        count        pct
Rac1                    
1         512  50.000000
100       122  11.914062
0         116  11.328125
010       107  10.449219
001000     93   9.082031
011        42   4.101562
101        32   3.125000



        count        pct
RhoA                    
0         614  59.960938
010       112  10.937500
001       107  10.449219
1          98   9.570312
111100     93   9.082031



     count    pct
SSH              
0     1024  100.0



          count        pct
Thymosin                  
10          423  41.308594
0           409  39.941406
1           192  18.750000



        count        pct
WASP                    
10        380  37.109375
1         363  35.449219
0         192  18.750000
011        46   4.492188
000101     43   4.199219



        count        pct
WAVE                    
1         586  57.226562
011       122  11.914062
0         116  11.328125
101       107  10.449219
000110     93   9.082031



