          count        pct
ARHGAP22                  
0           675  65.917969
1           273  26.660156
010          76   7.421875



          count        pct
Actin_BR                  
0           514  50.195312
1           177  17.285156
011         157  15.332031
001         128  12.500000
010          48   4.687500



          count        pct
Actin_ST                  
0           319  31.152344
01          254  24.804688
1           199  19.433594
001         168  16.406250
010000       40   3.906250
101          36   3.515625
010100        8   0.781250



        count        pct
Arp2_3                  
0         514  50.195312
1         177  17.285156
110       157  15.332031
010       128  12.500000
100        48   4.687500



        count        pct
CP                      
0         671  65.527344
101       118  11.523438
1         100   9.765625
001        87   8.496094
010        40   3.906250
000010      8   0.781250



       count      pct
Cdc42                
1        528  51.5625
0        496  48.4375



         count        pct
Cofilin                  
1          399  38.964844
0          371  36.230469
01         153  14.941406
011         57   5.566406
010000      40   3.906250
100          4   0.390625



         count        pct
Coronin                  
1          614  59.960938
0          378  36.914062
01          32   3.125000



           count        pct
Cortactin                  
0            514  50.195312
1            177  17.285156
101          157  15.332031
100          128  12.500000
001           48   4.687500



      count    pct
Dia1              
0      1024  100.0



      count        pct
Dia2                  
1       857  83.691406
010      89   8.691406
100      48   4.687500
0        30   2.929688



          count        pct
Ena_Vasp                  
1           873  85.253906
101011       48   4.687500
011          46   4.492188
10           31   3.027344
0            25   2.441406
100           1   0.097656



              count      pct
IRSp53_Cdc42                
1               528  51.5625
0               496  48.4375



             count        pct
IRSp53_Rac1                  
0              514  50.195312
1              177  17.285156
101            157  15.332031
100            128  12.500000
001             48   4.687500



      count        pct
LIMK                  
0       614  59.960938
1       378  36.914062
10       32   3.125000



      count        pct
NET1                  
0       532  51.953125
1       329  32.128906
101      89   8.691406
011      48   4.687500
010      26   2.539062



     count        pct
PAK                  
1      532  51.953125
0      329  32.128906
100     89   8.691406
001     48   4.687500
011     26   2.539062



      count        pct
PIP2                  
0       522  50.976562
1       502  49.023438



     count        pct
PKD                  
0      675  65.917969
1      273  26.660156
010     76   7.421875



          count        pct
Profilin                  
1           453  44.238281
10          262  25.585938
0           219  21.386719
011          50   4.882812
100010       40   3.906250



      count        pct
ROCK                  
0       675  65.917969
1       273  26.660156
100      76   7.421875



     count        pct
ROS                  
0      514  50.195312
1      177  17.285156
101    157  15.332031
100    128  12.500000
001     48   4.687500



      count        pct
Rac1                  
0       514  50.195312
1       177  17.285156
011     157  15.332031
001     128  12.500000
010      48   4.687500



      count        pct
RhoA                  
0       558  54.492188
1       329  32.128906
100      89   8.691406
001      48   4.687500



     count        pct
SSH                  
1      614  59.960938
0      378  36.914062
10      32   3.125000



          count        pct
Thymosin                  
0           524  51.171875
01          302  29.492188
1           198  19.335938



        count        pct
WASP                    
1         453  44.238281
01        262  25.585938
0         219  21.386719
110        50   4.882812
000101     40   3.906250



      count    pct
WAVE              
0      1024  100.0



