          count        pct
ARHGAP22                  
1          1464  71.484375
11011       214  10.449219
10101       102   4.980469
01110        96   4.687500
10100        65   3.173828
00001        43   2.099609
00110        30   1.464844
01010        22   1.074219
0            12   0.585938



          count        pct
Actin_BR                  
0          1098  53.613281
1           679  33.154297
01          271  13.232422



            count        pct
Actin_ST                    
0            1098  53.613281
11101         424  20.703125
01            271  13.232422
01110         126   6.152344
1             107   5.224609
1111011111     22   1.074219



        count        pct
Arp2_3                  
0        1098  53.613281
1         679  33.154297
10        271  13.232422



    count    pct
CP              
1    2048  100.0



       count        pct
Cdc42                  
0       1046  51.074219
1       1002  48.925781



            count        pct
Cofilin                     
0            1098  53.613281
01111         279  13.623047
1             276  13.476562
01            271  13.232422
10110         102   4.980469
0101000101     22   1.074219



         count    pct
Coronin              
0         2048  100.0



           count        pct
Cortactin                  
0           1464  71.484375
00001        214  10.449219
10010        102   4.980469
01100         96   4.687500
11010         65   3.173828
10111         43   2.099609
01110         30   1.464844
01101         22   1.074219
1             12   0.585938



      count    pct
Dia1              
0      2048  100.0



       count        pct
Dia2                   
1       1476  72.070312
11011    424  20.703125
11100    126   6.152344
11101     22   1.074219



          count    pct
Ena_Vasp              
1          2048  100.0



              count        pct
IRSp53_Cdc42                  
0              1046  51.074219
1              1002  48.925781



             count        pct
IRSp53_Rac1                  
0             1464  71.484375
00001          214  10.449219
10010          102   4.980469
01100           96   4.687500
11010           65   3.173828
10111           43   2.099609
01110           30   1.464844
01101           22   1.074219
1               12   0.585938



       count        pct
LIMK                   
1       1780  86.914062
11011    183   8.935547
01100     43   2.099609
11001     30   1.464844
0         12   0.585938



      count        pct
NET1                  
1      1037  50.634766
0      1011  49.365234



     count        pct
PAK                  
0     1037  50.634766
1     1011  49.365234



      count    pct
PIP2              
0      2048  100.0



       count        pct
PKD                    
1       1464  71.484375
11011    214  10.449219
10101    102   4.980469
01110     96   4.687500
10100     65   3.173828
00001     43   2.099609
00110     30   1.464844
01010     22   1.074219
0         12   0.585938



          count        pct
Profilin                  
0          1098  53.613281
1           679  33.154297
10          271  13.232422



       count        pct
ROCK                   
1       1464  71.484375
10111    214  10.449219
01011    102   4.980469
11100     96   4.687500
01001     65   3.173828
00010     43   2.099609
01100     30   1.464844
10100     22   1.074219
0         12   0.585938



       count        pct
ROS                    
0       1464  71.484375
00001    214  10.449219
10010    102   4.980469
01100     96   4.687500
11010     65   3.173828
10111     43   2.099609
01110     30   1.464844
01101     22   1.074219
1         12   0.585938



       count        pct
Rac1                   
0       1464  71.484375
00010    214  10.449219
00101    102   4.980469
11000     96   4.687500
10101     65   3.173828
01111     43   2.099609
11100     30   1.464844
11010     22   1.074219
1         12   0.585938



       count        pct
RhoA                   
1       1464  71.484375
01111    214  10.449219
10110    102   4.980469
11001     96   4.687500
10010     65   3.173828
00100     43   2.099609
11000     30   1.464844
01001     22   1.074219
0         12   0.585938



       count        pct
SSH                    
0       1780  86.914062
01000    183   8.935547
00111     43   2.099609
01100     30   1.464844
1         12   0.585938



          count        pct
Thymosin                  
1          1098  53.613281
0           657  32.080078
01          293  14.306641



      count        pct
WASP                  
0      1098  53.613281
1       657  32.080078
01      293  14.306641



       count        pct
WAVE                   
0       1464  71.484375
10001    214  10.449219
1        142   6.933594
11011    132   6.445312
01110     96   4.687500



