                     count        pct
Actin_BR Actin_ST                    
0        0            1098  53.613281
1        11101         424  20.703125
01       01            271  13.232422
1        01110         126   6.152344
         1             107   5.224609
         1111011111     22   1.074219



             count        pct
Rac1  RhoA                   
0     1       1464  71.484375
00010 01111    214  10.449219
00101 10110    102   4.980469
11000 11001     96   4.687500
10101 10010     65   3.173828
01111 00100     43   2.099609
11100 11000     30   1.464844
11010 01001     22   1.074219
1     0         12   0.585938



