          count        pct
ARHGAP22                  
1           768  75.000000
11101       102   9.960938
11010        56   5.468750
00111        32   3.125000
10010        17   1.660156
00011        17   1.660156
01000        15   1.464844
10100        12   1.171875
0             3   0.292969
00001         2   0.195312



          count        pct
Actin_BR                  
0           537  52.441406
1           302  29.492188
01          185  18.066406



          count        pct
Actin_ST                  
0           499  48.730469
10          314  30.664062
1           211  20.605469



        count        pct
Arp2_3                  
0         537  52.441406
1         302  29.492188
10        185  18.066406



    count        pct
CP                  
0     764  74.609375
1     184  17.968750
01     76   7.421875



       count        pct
Cdc42                  
1        516  50.390625
0        508  49.609375



            count        pct
Cofilin                     
0             747  72.949219
1              77   7.519531
01             76   7.421875
10111          72   7.031250
01101          31   3.027344
10001           8   0.781250
01000           6   0.585938
0001010101      5   0.488281
1000100000      2   0.195312



         count    pct
Coronin              
0         1024  100.0



           count        pct
Cortactin                  
0            768  75.000000
10000        102   9.960938
01001         56   5.468750
00110         32   3.125000
01011         17   1.660156
00111         17   1.660156
11101         15   1.464844
11010         12   1.171875
1              3   0.292969
10111          2   0.195312



      count    pct
Dia1              
0      1024  100.0



      count    pct
Dia2              
1      1024  100.0



          count    pct
Ena_Vasp              
1          1024  100.0



              count        pct
IRSp53_Cdc42                  
1               516  50.390625
0               508  49.609375



             count        pct
IRSp53_Rac1                  
0              768  75.000000
10000          102   9.960938
01001           56   5.468750
00110           32   3.125000
01011           17   1.660156
00111           17   1.660156
11101           15   1.464844
11010           12   1.171875
1                3   0.292969
10111            2   0.195312



       count        pct
LIMK                   
1        926  90.429688
11110     49   4.785156
11100     17   1.660156
00011     15   1.464844
10111     12   1.171875
0          3   0.292969
01100      2   0.195312



      count        pct
NET1                  
0       516  50.390625
1       508  49.609375



     count        pct
PAK                  
1      516  50.390625
0      508  49.609375



      count        pct
PIP2                  
0       523  51.074219
1       501  48.925781



       count        pct
PKD                    
1        768  75.000000
11101    102   9.960938
11010     56   5.468750
00111     32   3.125000
10010     17   1.660156
00011     17   1.660156
01000     15   1.464844
10100     12   1.171875
0          3   0.292969
00001      2   0.195312



          count        pct
Profilin                  
1           395  38.574219
0           315  30.761719
01          314  30.664062



       count        pct
ROCK                   
1        768  75.000000
11011    102   9.960938
10101     56   5.468750
01110     32   3.125000
00110     17   1.660156
00101     17   1.660156
10000     15   1.464844
01001     12   1.171875
0          3   0.292969
00010      2   0.195312



       count        pct
ROS                    
0        768  75.000000
10000    102   9.960938
01001     56   5.468750
00110     32   3.125000
01011     17   1.660156
00111     17   1.660156
11101     15   1.464844
11010     12   1.171875
1          3   0.292969
10111      2   0.195312



       count        pct
Rac1                   
0        768  75.000000
00001    102   9.960938
10010     56   5.468750
01100     32   3.125000
10110     17   1.660156
01110     17   1.660156
11011     15   1.464844
10101     12   1.171875
1          3   0.292969
01111      2   0.195312



       count        pct
RhoA                   
1        768  75.000000
10111    102   9.960938
01011     56   5.468750
11100     32   3.125000
01100     17   1.660156
01010     17   1.660156
00001     15   1.464844
10010     12   1.171875
0          3   0.292969
00100      2   0.195312



       count        pct
SSH                    
0        926  90.429688
00010     49   4.785156
00110     17   1.660156
11001     15   1.464844
10000     12   1.171875
1          3   0.292969
00111      2   0.195312



          count        pct
Thymosin                  
0           381  37.207031
1           315  30.761719
10          314  30.664062
01           14   1.367188



      count        pct
WASP                  
1       381  37.207031
0       315  30.761719
10      314  30.664062
01       14   1.367188



       count        pct
WAVE                   
0        768  75.000000
11000    102   9.960938
11101     73   7.128906
1         49   4.785156
00111     32   3.125000



