          count        pct
ARHGAP22                  
0           666  65.039062
010         205  20.019531
110011      152  14.843750
1             1   0.097656



          count        pct
Actin_BR                  
1           508  49.609375
010000      152  14.843750
001         136  13.281250
010         129  12.597656
110          90   8.789062
0             9   0.878906



          count    pct
Actin_ST              
0          1024  100.0



        count        pct
Arp2_3                  
1         508  49.609375
100000    152  14.843750
010       136  13.281250
100       129  12.597656
101        90   8.789062
0           9   0.878906



    count    pct
CP              
0    1024  100.0



       count        pct
Cdc42                  
0        522  50.976562
1        502  49.023438



         count        pct
Cofilin                  
1          491  47.949219
0          279  27.246094
01          95   9.277344
010000      87   8.496094
110         69   6.738281
010          3   0.292969



         count        pct
Coronin                  
1          659  64.355469
0          364  35.546875
01           1   0.097656



           count        pct
Cortactin                  
1            508  49.609375
000001       152  14.843750
100          136  13.281250
001          129  12.597656
011           90   8.789062
0              9   0.878906



        count        pct
Dia1                    
0         606  59.179688
100111    152  14.843750
010       136  13.281250
100       129  12.597656
1           1   0.097656



        count        pct
Dia2                    
1         509  49.707031
011       226  22.070312
100111    152  14.843750
101       129  12.597656
0           8   0.781250



          count        pct
Ena_Vasp                  
1           725  70.800781
101011      129  12.597656
111001       85   8.300781
011          32   3.125000
011111       31   3.027344
001          18   1.757812
10            3   0.292969
0             1   0.097656



              count        pct
IRSp53_Cdc42                  
0               522  50.976562
1               502  49.023438



             count        pct
IRSp53_Rac1                  
1              508  49.609375
000001         152  14.843750
100            136  13.281250
001            129  12.597656
011             90   8.789062
0                9   0.878906



        count        pct
LIMK                    
0         659  64.355469
1         212  20.703125
111011    152  14.843750
10          1   0.097656



        count        pct
NET1                    
0         516  50.390625
011111    152  14.843750
101       136  13.281250
011       129  12.597656
010        90   8.789062
1           1   0.097656



        count        pct
PAK                     
1         516  50.390625
000001    152  14.843750
100       136  13.281250
001       129  12.597656
011        90   8.789062
0           1   0.097656



      count        pct
PIP2                  
0       513  50.097656
1       511  49.902344



        count        pct
PKD                     
0         666  65.039062
010       205  20.019531
110011    152  14.843750
1           1   0.097656



          count    pct
Profilin              
0          1024  100.0



        count        pct
ROCK                    
0         666  65.039062
100       205  20.019531
100111    152  14.843750
1           1   0.097656



        count        pct
ROS                     
1         508  49.609375
000001    152  14.843750
100       136  13.281250
001       129  12.597656
011        90   8.789062
0           9   0.878906



        count        pct
Rac1                    
1         508  49.609375
000010    152  14.843750
001       136  13.281250
010       129  12.597656
110        90   8.789062
0           9   0.878906



        count        pct
RhoA                    
0         606  59.179688
001111    152  14.843750
100       136  13.281250
001       129  12.597656
1           1   0.097656



     count        pct
SSH                  
1      659  64.355469
0      364  35.546875
10       1   0.097656



          count        pct
Thymosin                  
0           654  63.867188
01          256  25.000000
1           114  11.132812



        count        pct
WASP                    
1         619  60.449219
0         114  11.132812
01         96   9.375000
000101     87   8.496094
10         73   7.128906
110        35   3.417969



        count        pct
WAVE                    
1         598  58.398438
100001    152  14.843750
110       136  13.281250
101       129  12.597656
0           9   0.878906



