                                         count        pct
cycle_Actin_BR_norm cycle_Actin_ST_norm                  
0                   0                      512  50.000000
1                   0111                   169  16.503906
                    1                      140  13.671875
01                  01                      79   7.714844
1110                0111                    42   4.101562
1001                0111                    38   3.710938
                    01                      22   2.148438
                    1100                    11   1.074219
1000                1000                    11   1.074219



