                   count        pct
Actin_BR Actin_ST                  
1        1           496  48.437500
010      010011      118  11.523438
010000   111001      117  11.425781
100      1            86   8.398438
110      1            67   6.542969
100      110          43   4.199219
010000   1            36   3.515625
         000110       22   2.148438
0        0            16   1.562500
100      0            12   1.171875
         100           6   0.585938
0        1             3   0.292969
1        0             1   0.097656
0        01            1   0.097656



               count        pct
Rac1   RhoA                    
1      0         497  48.535156
000010 001111    175  17.089844
100    010       147  14.355469
010    001       118  11.523438
110    0          67   6.542969
0      0          17   1.660156
       1           3   0.292969



