                   count        pct
Actin_BR Actin_ST                  
1        1           239  23.339844
0        0           205  20.019531
110      1           181  17.675781
001      0           108  10.546875
         101000       73   7.128906
110      110111       39   3.808594
001      101          38   3.710938
         1            37   3.613281
101      1            36   3.515625
0        1            29   2.832031
001      110111       26   2.539062
0        01            8   0.781250
101      0             4   0.390625
1        0             1   0.097656



           count        pct
Rac1 RhoA                  
001  0       282  27.539062
0    0       242  23.632812
1    0       240  23.437500
110  0       220  21.484375
101  0        40   3.906250



