          count    pct
ARHGAP22              
0          1024  100.0



          count        pct
Actin_BR                  
110         347  33.886719
001         326  31.835938
0           196  19.140625
1           155  15.136719



          count        pct
Actin_ST                  
1           479  46.777344
0           188  18.359375
101         173  16.894531
001         171  16.699219
10           13   1.269531



        count        pct
Arp2_3                  
101       347  33.886719
010       326  31.835938
0         196  19.140625
1         155  15.136719



    count        pct
CP                  
1     551  53.808594
0     472  46.093750
10      1   0.097656



       count        pct
Cdc42                  
1        514  50.195312
0        510  49.804688



         count        pct
Cofilin                  
1          508  49.609375
101        329  32.128906
0          135  13.183594
10          52   5.078125



         count        pct
Coronin                  
1          888  86.718750
0           74   7.226562
01          62   6.054688



           count        pct
Cortactin                  
011          347  33.886719
100          333  32.519531
0            169  16.503906
1            155  15.136719
111100000     20   1.953125



           count        pct
Dia1                       
0            876  85.546875
001          128  12.500000
110000011     20   1.953125



           count        pct
Dia2                       
011          577  56.347656
1            266  25.976562
010          103  10.058594
0             58   5.664062
111100011     20   1.953125



          count        pct
Ena_Vasp                  
1           783  76.464844
0           138  13.476562
011         102   9.960938
10            1   0.097656



              count        pct
IRSp53_Cdc42                  
1               514  50.195312
0               510  49.804688



             count        pct
IRSp53_Rac1                  
011            347  33.886719
100            333  32.519531
0              169  16.503906
1              155  15.136719
111100000       20   1.953125



      count        pct
LIMK                  
0       985  96.191406
10       28   2.734375
1        11   1.074219



           count        pct
NET1                       
0            548  53.515625
101          230  22.460938
010          115  11.230469
1            111  10.839844
100001111     20   1.953125



           count        pct
PAK                        
1            548  53.515625
100          230  22.460938
011          115  11.230469
0            111  10.839844
111100000     20   1.953125



      count        pct
PIP2                  
0       551  53.808594
1       473  46.191406



     count    pct
PKD              
0     1024  100.0



          count        pct
Profilin                  
1           721  70.410156
0           188  18.359375
011         102   9.960938
01           13   1.269531



      count    pct
ROCK              
0      1024  100.0



           count        pct
ROS                        
011          347  33.886719
100          333  32.519531
0            169  16.503906
1            155  15.136719
111100000     20   1.953125



           count        pct
Rac1                       
110          347  33.886719
001          333  32.519531
0            169  16.503906
1            155  15.136719
111000001     20   1.953125



           count        pct
RhoA                       
0            663  64.746094
100          230  22.460938
1            111  10.839844
100000111     20   1.953125



     count        pct
SSH                  
1      888  86.718750
0       74   7.226562
10      62   6.054688



          count        pct
Thymosin                  
0           837  81.738281
1           132  12.890625
10           55   5.371094



      count        pct
WASP                  
1       721  70.410156
0       180  17.578125
110     102   9.960938
10       21   2.050781



      count    pct
WAVE              
0      1024  100.0



