                   count        pct
Actin_BR Actin_ST                  
0        0           183  17.871094
110      1           174  16.992188
         101         173  16.894531
001      001         171  16.699219
         1           155  15.136719
1        1           150  14.648438
0        10           13   1.269531
1        0             5   0.488281



                     count        pct
Rac1      RhoA                       
110       0            347  33.886719
001       100          230  22.460938
1         0            155  15.136719
0         1            111  10.839844
001       0            103  10.058594
0         0             58   5.664062
111000001 100000111     20   1.953125



