          count        pct
ARHGAP22                  
0           660  64.453125
010         172  16.796875
1           105  10.253906
111100       87   8.496094



          count        pct
Actin_BR                  
1           514  50.195312
010         117  11.425781
001         115  11.230469
0           115  11.230469
000100       87   8.496094
011          76   7.421875



          count    pct
Actin_ST              
0          1024  100.0



        count        pct
Arp2_3                  
1         514  50.195312
100       117  11.425781
010       115  11.230469
0         115  11.230469
001000     87   8.496094
110        76   7.421875



        count        pct
CP                      
1         777  75.878906
000100     87   8.496094
001        70   6.835938
010        47   4.589844
011        40   3.906250
0           3   0.292969



       count        pct
Cdc42                  
0        515  50.292969
1        509  49.707031



         count        pct
Cofilin                  
1          489  47.753906
0          300  29.296875
10          88   8.593750
101         72   7.031250
010000      70   6.835938
010          5   0.488281



         count        pct
Coronin                  
1          652  63.671875
0          370  36.132812
10           2   0.195312



           count        pct
Cortactin                  
1            514  50.195312
001          117  11.425781
100          115  11.230469
0            115  11.230469
010000        87   8.496094
101           76   7.421875



        count        pct
Dia1                    
0         818  79.882812
111001     87   8.496094
010        70   6.835938
100        47   4.589844
1           2   0.195312



        count        pct
Dia2                    
1         621  60.644531
110       191  18.652344
101       117  11.425781
111001     87   8.496094
0           8   0.781250



          count    pct
Ena_Vasp              
0          1024  100.0



              count        pct
IRSp53_Cdc42                  
0               515  50.292969
1               509  49.707031



             count        pct
IRSp53_Rac1                  
1              514  50.195312
001            117  11.425781
100            115  11.230469
0              115  11.230469
010000          87   8.496094
101             76   7.421875



        count        pct
LIMK                    
0         652  63.671875
1         283  27.636719
111110     87   8.496094
01          2   0.195312



        count        pct
NET1                    
0         522  50.976562
011       117  11.425781
101       115  11.230469
1         107  10.449219
110111     87   8.496094
001        76   7.421875



        count        pct
PAK                     
1         522  50.976562
001       117  11.425781
100       115  11.230469
0         107  10.449219
010000     87   8.496094
101        76   7.421875



      count        pct
PIP2                  
0       518  50.585938
1       506  49.414062



        count        pct
PKD                     
0         660  64.453125
010       172  16.796875
1         105  10.253906
111100     87   8.496094



          count    pct
Profilin              
0          1024  100.0



        count        pct
ROCK                    
0         660  64.453125
100       172  16.796875
1         105  10.253906
111001     87   8.496094



        count        pct
ROS                     
1         514  50.195312
001       117  11.425781
100       115  11.230469
0         115  11.230469
010000     87   8.496094
101        76   7.421875



        count        pct
Rac1                    
1         514  50.195312
010       117  11.425781
001       115  11.230469
0         115  11.230469
100000     87   8.496094
011        76   7.421875



        count        pct
RhoA                    
0         598  58.398438
001       117  11.425781
100       115  11.230469
1         107  10.449219
110011     87   8.496094



     count        pct
SSH                  
1      652  63.671875
0      370  36.132812
01       2   0.195312



          count        pct
Thymosin                  
0           629  61.425781
01          161  15.722656
1           146  14.257812
10           88   8.593750



        count        pct
WASP                    
1         594  58.007812
10        179  17.480469
0         148  14.453125
000101     70   6.835938
101        33   3.222656



        count        pct
WAVE                    
1         590  57.617188
101       117  11.425781
110       115  11.230469
0         115  11.230469
011000     87   8.496094



