                   count        pct
Actin_BR Actin_ST                  
1        0           514  50.195312
010      0           117  11.425781
001      0           115  11.230469
0        0           115  11.230469
000100   0            87   8.496094
011      0            76   7.421875



               count        pct
Rac1   RhoA                    
1      0         514  50.195312
010    001       117  11.425781
001    100       115  11.230469
0      1         107  10.449219
100000 110011     87   8.496094
011    0          76   7.421875
0      0           8   0.781250



