          count        pct
ARHGAP22                  
1           563  54.980469
01111       205  20.019531
01101        96   9.375000
01110        71   6.933594
01001        46   4.492188
00011        24   2.343750
01000        15   1.464844
0             4   0.390625



          count        pct
Actin_BR                  
0           519  50.683594
1           505  49.316406



          count        pct
Actin_ST                  
1           765  74.707031
0           259  25.292969



        count        pct
Arp2_3                  
0         519  50.683594
1         505  49.316406



    count        pct
CP                  
0     765  74.707031
1     259  25.292969



       count        pct
Cdc42                  
0        521  50.878906
1        503  49.121094



         count        pct
Cofilin                  
0          740  72.265625
10111      135  13.183594
1           75   7.324219
10101       51   4.980469
00001       16   1.562500
01100        7   0.683594



         count    pct
Coronin              
0         1024  100.0



           count        pct
Cortactin                  
0            563  54.980469
00100        205  20.019531
10100         96   9.375000
01100         71   6.933594
10101         46   4.492188
00111         24   2.343750
11101         15   1.464844
1              4   0.390625



       count        pct
Dia1                   
1        535  52.246094
0        261  25.488281
11110     95   9.277344
11010     45   4.394531
11100     44   4.296875
10010     21   2.050781
00110     16   1.562500
10000      7   0.683594



      count        pct
Dia2                  
1      1022  99.804688
0         2   0.195312



          count    pct
Ena_Vasp              
1          1024  100.0



              count        pct
IRSp53_Cdc42                  
0               521  50.878906
1               503  49.121094



             count        pct
IRSp53_Rac1                  
0              563  54.980469
00100          205  20.019531
10100           96   9.375000
01100           71   6.933594
10101           46   4.492188
00111           24   2.343750
11101           15   1.464844
1                4   0.390625



       count        pct
LIMK                   
1        864  84.375000
11011    117  11.425781
11100     24   2.343750
00011     15   1.464844
0          4   0.390625



      count        pct
NET1                  
1       519  50.683594
0       505  49.316406



     count        pct
PAK                  
0      519  50.683594
1      505  49.316406



      count        pct
PIP2                  
1       514  50.195312
0       510  49.804688



       count        pct
PKD                    
1        563  54.980469
01111    205  20.019531
01101     96   9.375000
01110     71   6.933594
01001     46   4.492188
00011     24   2.343750
01000     15   1.464844
0          4   0.390625



          count    pct
Profilin              
1          1024  100.0



       count        pct
ROCK                   
1        563  54.980469
11110    205  20.019531
11010     96   9.375000
11100     71   6.933594
10010     46   4.492188
00110     24   2.343750
10000     15   1.464844
0          4   0.390625



       count        pct
ROS                    
0        563  54.980469
00100    205  20.019531
10100     96   9.375000
01100     71   6.933594
10101     46   4.492188
00111     24   2.343750
11101     15   1.464844
1          4   0.390625



       count        pct
Rac1                   
0        563  54.980469
01000    205  20.019531
01001     96   9.375000
11000     71   6.933594
01011     46   4.492188
01110     24   2.343750
11011     15   1.464844
1          4   0.390625



       count        pct
RhoA                   
1        563  54.980469
11101    205  20.019531
10101     96   9.375000
11001     71   6.933594
00101     46   4.492188
01100     24   2.343750
00001     15   1.464844
0          4   0.390625



       count        pct
SSH                    
0        864  84.375000
01000    117  11.425781
00110     24   2.343750
11001     15   1.464844
1          4   0.390625



          count    pct
Thymosin              
0          1024  100.0



      count        pct
WASP                  
1       773  75.488281
0       251  24.511719



       count        pct
WAVE                   
0        563  54.980469
00110    205  20.019531
11110    120  11.718750
01110     71   6.933594
1         65   6.347656



