                   count        pct
Actin_BR Actin_ST                  
1        1           744  36.328125
0        0           465  22.705078
         1           448  21.875000
1        10111       193   9.423828
         11001       100   4.882812
110      1            75   3.662109
001      101          16   0.781250
110      101           7   0.341797



             count        pct
Rac1  RhoA                   
0     1       1031  50.341797
00010 01111    296  14.453125
1     0        291  14.208984
10100 11010    138   6.738281
10001 10011    110   5.371094
00111 00110     84   4.101562
110   011       82   4.003906
001   1         16   0.781250



