          count    pct
ARHGAP22              
0          1024  100.0



          count        pct
Actin_BR                  
1           498  48.632812
100         231  22.558594
0           216  21.093750
110          79   7.714844



          count        pct
Actin_ST                  
1           681  66.503906
0           297  29.003906
101          42   4.101562
10            4   0.390625



        count        pct
Arp2_3                  
1         498  48.632812
001       231  22.558594
0         216  21.093750
101        79   7.714844



    count        pct
CP                  
1     564  55.078125
0     458  44.726562
01      2   0.195312



       count        pct
Cdc42                  
1        519  50.683594
0        505  49.316406



         count        pct
Cofilin                  
1          641  62.597656
0          164  16.015625
110        157  15.332031
10          62   6.054688



         count        pct
Coronin                  
1          817  79.785156
0          145  14.160156
10          62   6.054688



           count        pct
Cortactin                  
1            498  48.632812
010          231  22.558594
0            216  21.093750
011           79   7.714844



      count    pct
Dia1              
0      1024  100.0



      count        pct
Dia2                  
1       498  48.632812
010     231  22.558594
0       216  21.093750
011      79   7.714844



          count        pct
Ena_Vasp                  
1           749  73.144531
0           120  11.718750
101         111  10.839844
01           44   4.296875



              count        pct
IRSp53_Cdc42                  
1               519  50.683594
0               505  49.316406



             count        pct
IRSp53_Rac1                  
1              498  48.632812
010            231  22.558594
0              216  21.093750
011             79   7.714844



      count        pct
LIMK                  
0       999  97.558594
1        15   1.464844
01       10   0.976562



      count    pct
NET1              
0      1024  100.0



     count        pct
PAK                  
1      525  51.269531
010    231  22.558594
0      189  18.457031
011     79   7.714844



      count        pct
PIP2                  
0       564  55.078125
1       460  44.921875



     count    pct
PKD              
0     1024  100.0



          count        pct
Profilin                  
1           724  70.703125
0           185  18.066406
101         111  10.839844
01            4   0.390625



      count    pct
ROCK              
0      1024  100.0



     count    pct
ROS              
0     1024  100.0



      count        pct
Rac1                  
1       498  48.632812
100     231  22.558594
0       216  21.093750
110      79   7.714844



      count    pct
RhoA              
0      1024  100.0



     count        pct
SSH                  
1      817  79.785156
0      145  14.160156
01      62   6.054688



          count        pct
Thymosin                  
0           823  80.371094
1           107  10.449219
10           94   9.179688



      count        pct
WASP                  
1       708  69.140625
0       139  13.574219
011     111  10.839844
10       66   6.445312



      count        pct
WAVE                  
1       577  56.347656
011     231  22.558594
0       216  21.093750



