          count        pct
ARHGAP22                  
1          1125  54.931641
0           344  16.796875
01111       233  11.376953
11010        87   4.248047
10111        67   3.271484
10011        64   3.125000
01011        51   2.490234
01110        33   1.611328
00011        25   1.220703
010          14   0.683594
              5   0.244141



            count        pct
Actin_BR                    
0             954  46.582031
1             740  36.132812
110            88   4.296875
1100011010     67   3.271484
11101          51   2.490234
01             50   2.441406
00100          37   1.806641
1011110011     33   1.611328
010            17   0.830078
                5   0.244141
10101           4   0.195312
100             2   0.097656



            count        pct
Actin_ST                    
1             997  48.681641
0             554  27.050781
11110         173   8.447266
10111         100   4.882812
10011          55   2.685547
1100111101     51   2.490234
01             50   2.441406
00110          37   1.806641
011            22   1.074219
                5   0.244141
00100           4   0.195312



            count        pct
Arp2_3                      
0             954  46.582031
1             740  36.132812
101            88   4.296875
1000110101     67   3.271484
11011          51   2.490234
10             50   2.441406
01000          37   1.806641
0111100111     33   1.611328
100            17   0.830078
                5   0.244141
01011           4   0.195312
001             2   0.097656



            count        pct
CP                          
1            1042  50.878906
0             924  45.117188
0010100000     51   2.490234
10             22   1.074219
                5   0.244141
10100           4   0.195312



       count        pct
Cdc42                  
0       1037  50.634766
1       1006  49.121094
           5   0.244141



            count        pct
Cofilin                     
0             984  48.046875
1             666  32.519531
1010100000    151   7.373047
11101          90   4.394531
01             72   3.515625
110            44   2.148438
10110          34   1.660156
                5   0.244141
100010          2   0.097656



         count        pct
Coronin                  
0         1563  76.318359
1          344  16.796875
00001       64   3.125000
00100       33   1.611328
00011       25   1.220703
011         14   0.683594
             5   0.244141



           count        pct
Cortactin                  
0           1136  55.468750
1            240  11.718750
00100        233  11.376953
00011         89   4.345703
01001         87   4.248047
101           76   3.710938
00010         67   3.271484
00101         51   2.490234
01100         33   1.611328
010           31   1.513672
               5   0.244141



            count        pct
Dia1                        
0            1188  58.007812
1             477  23.291016
11110         109   5.322266
01111          67   3.271484
1010000110     51   2.490234
101            46   2.246094
01011          34   1.660156
11100          33   1.611328
00111          18   0.878906
00110          16   0.781250
                5   0.244141
10000           4   0.195312



       count        pct
Dia2                   
1       1483  72.412109
11101    320  15.625000
01111    118   5.761719
00111     89   4.345703
11100     33   1.611328
           5   0.244141



            count        pct
Ena_Vasp                    
1            1797  87.744141
1101111111     67   3.271484
1010111111     51   2.490234
11110          37   1.806641
0111110111     33   1.611328
110            22   1.074219
10             22   1.074219
0               8   0.390625
                5   0.244141
10110           4   0.195312
011101          2   0.097656



              count        pct
IRSp53_Cdc42                  
0              2043  99.755859
                  5   0.244141



             count        pct
IRSp53_Rac1                  
0             1136  55.468750
1              240  11.718750
00100          233  11.376953
011             90   4.394531
01001           87   4.248047
00010           67   3.271484
00011           64   3.125000
00101           51   2.490234
01100           33   1.611328
00111           25   1.220703
001             17   0.830078
                 5   0.244141



      count        pct
LIMK                  
0      2043  99.755859
          5   0.244141



      count        pct
NET1                  
0      1041  50.830078
1       895  43.701172
010      90   4.394531
011      17   0.830078
          5   0.244141



     count        pct
PAK                  
1     1041  50.830078
0      895  43.701172
011     90   4.394531
001     17   0.830078
         5   0.244141



      count        pct
PIP2                  
0      1042  50.878906
1      1001  48.876953
          5   0.244141



       count        pct
PKD                    
1       1125  54.931641
0        344  16.796875
01111    233  11.376953
11010     87   4.248047
10111     67   3.271484
10011     64   3.125000
01011     51   2.490234
01110     33   1.611328
00011     25   1.220703
010       14   0.683594
           5   0.244141



          count        pct
Profilin                  
1          1230  60.058594
0           554  27.050781
01111       151   7.373047
10           50   2.441406
01100        37   1.806641
110          17   0.830078
              5   0.244141
01000         4   0.195312



       count        pct
ROCK                   
1       1125  54.931641
0        344  16.796875
11110    233  11.376953
10101     87   4.248047
01111     67   3.271484
00111     64   3.125000
10110     51   2.490234
11100     33   1.611328
00110     25   1.220703
100       14   0.683594
           5   0.244141



       count        pct
ROS                    
0       1136  55.468750
1        240  11.718750
00100    233  11.376953
011       90   4.394531
01001     87   4.248047
00010     67   3.271484
00011     64   3.125000
00101     51   2.490234
01100     33   1.611328
00111     25   1.220703
001       17   0.830078
           5   0.244141



       count        pct
Rac1                   
0       1136  55.468750
1        240  11.718750
01000    233  11.376953
110       90   4.394531
10010     87   4.248047
00100     67   3.271484
00110     64   3.125000
01010     51   2.490234
11000     33   1.611328
01110     25   1.220703
010       17   0.830078
           5   0.244141



       count        pct
RhoA                   
1       1153  56.298828
0        240  11.718750
11101    233  11.376953
011       90   4.394531
01011     87   4.248047
11110     67   3.271484
01110     64   3.125000
01101     51   2.490234
11001     33   1.611328
01100     25   1.220703
           5   0.244141



       count        pct
SSH                    
0       1563  76.318359
1        344  16.796875
00010     64   3.125000
01000     33   1.611328
00110     25   1.220703
110       14   0.683594
           5   0.244141



          count        pct
Thymosin                  
0          1011  49.365234
1           587  28.662109
10          445  21.728516
              5   0.244141



      count        pct
WASP                  
1       981  47.900391
0       595  29.052734
10      445  21.728516
101      22   1.074219
          5   0.244141



       count        pct
WAVE                   
0       1136  55.468750
1        330  16.113281
00110    233  11.376953
11101    112   5.468750
00011     67   3.271484
10011     64   3.125000
10111     51   2.490234
01110     33   1.611328
101       17   0.830078
           5   0.244141



