                       count        pct
Actin_BR   Actin_ST                    
0          0             554  27.050781
1          1             512  25.000000
0          1             400  19.531250
1          11110         173   8.447266
110        1              83   4.052734
1100011010 10111          67   3.271484
1          10011          55   2.685547
11101      1100111101     51   2.490234
01         01             50   2.441406
00100      00110          37   1.806641
1011110011 10111          33   1.611328
010        011            17   0.830078
110        011             5   0.244141
                           5   0.244141
10101      00100           4   0.195312
100        1               2   0.097656



             count        pct
Rac1  RhoA                   
0     1       1136  55.468750
1     0        240  11.718750
01000 11101    233  11.376953
110   011       90   4.394531
10010 01011     87   4.248047
00100 11110     67   3.271484
00110 01110     64   3.125000
01010 01101     51   2.490234
11000 11001     33   1.611328
01110 01100     25   1.220703
010   1         17   0.830078
                 5   0.244141



