          count    pct
ARHGAP22              
0          1024  100.0



          count        pct
Actin_BR                  
1           584  57.031250
101         128  12.500000
001         123  12.011719
011          91   8.886719
010          88   8.593750
0            10   0.976562



          count        pct
Actin_ST                  
0           370  36.132812
1           320  31.250000
001         136  13.281250
000010       91   8.886719
010110       44   4.296875
010          44   4.296875
101          19   1.855469



        count        pct
Arp2_3                  
1         584  57.031250
011       128  12.500000
010       123  12.011719
110        91   8.886719
100        88   8.593750
0          10   0.976562



        count        pct
CP                      
0         349  34.082031
1         300  29.296875
100        83   8.105469
101        76   7.421875
101000     47   4.589844
011        44   4.296875
010        44   4.296875
000010     44   4.296875
10         37   3.613281



       count        pct
Cdc42                  
0        531  51.855469
1        493  48.144531



         count        pct
Cofilin                  
0          851  83.105469
001000      88   8.593750
100         85   8.300781



         count    pct
Coronin              
0         1024  100.0



           count        pct
Cortactin                  
1            584  57.031250
110          128  12.500000
100          123  12.011719
101           91   8.886719
001           88   8.593750
0             10   0.976562



      count        pct
Dia1                  
0       843  82.324219
010      93   9.082031
100      88   8.593750



      count        pct
Dia2                  
1       493  48.144531
0       350  34.179688
010      93   9.082031
100      88   8.593750



          count        pct
Ena_Vasp                  
1           686  66.992188
01           91   8.886719
101011       88   8.593750
0            79   7.714844
10           50   4.882812
100          30   2.929688



              count        pct
IRSp53_Cdc42                  
0               531  51.855469
1               493  48.144531



             count        pct
IRSp53_Rac1                  
1              584  57.031250
110            128  12.500000
100            123  12.011719
101             91   8.886719
001             88   8.593750
0               10   0.976562



      count        pct
LIMK                  
1       822  80.273438
011     111  10.839844
110      91   8.886719



      count        pct
NET1                  
0       641  62.597656
100     111  10.839844
101      93   9.082031
001      91   8.886719
011      88   8.593750



     count        pct
PAK                  
1      641  62.597656
110    111  10.839844
100     93   9.082031
101     91   8.886719
001     88   8.593750



      count        pct
PIP2                  
0       518  50.585938
1       506  49.414062



     count        pct
PKD                  
0      843  82.324219
001     93   9.082031
010     88   8.593750



          count        pct
Profilin                  
1           824  80.468750
011         102   9.960938
111110       44   4.296875
110          44   4.296875
0            10   0.976562



      count        pct
ROCK                  
0       843  82.324219
010      93   9.082031
100      88   8.593750



     count        pct
ROS                  
1      584  57.031250
110    128  12.500000
100    123  12.011719
101     91   8.886719
001     88   8.593750
0       10   0.976562



      count        pct
Rac1                  
1       584  57.031250
101     128  12.500000
001     123  12.011719
011      91   8.886719
010      88   8.593750
0        10   0.976562



      count        pct
RhoA                  
0       843  82.324219
100      93   9.082031
001      88   8.593750



     count    pct
SSH              
0     1024  100.0



          count        pct
Thymosin                  
01          452  44.140625
0           406  39.648438
1           166  16.210938



        count        pct
WASP                    
01        408  39.843750
1         364  35.546875
0         166  16.210938
101000     44   4.296875
101        42   4.101562



      count        pct
WAVE                  
1       803  78.417969
110     123  12.011719
101      88   8.593750
0        10   0.976562



