                   count        pct
Actin_BR Actin_ST                  
1        1           481  46.972656
0        0           166  16.210938
001      101         134  13.085938
         1           126  12.304688
110      1            78   7.617188
0        1            32   3.125000
         10            4   0.390625
1        0             3   0.292969



           count        pct
Rac1 RhoA                  
1    0       484  47.265625
001  0       260  25.390625
0    0       202  19.726562
110  0        78   7.617188



