          count        pct
ARHGAP22                  
1           548  53.515625
0           204  19.921875
10111        84   8.203125
10110        55   5.371094
11011        43   4.199219
10001        31   3.027344
11001        27   2.636719
00011        14   1.367188
010          10   0.976562
10011         8   0.781250



            count        pct
Actin_BR                    
0             448  43.750000
1             359  35.058594
01             63   6.152344
110            50   4.882812
0111011101     43   4.199219
1101111111     30   2.929688
00011          13   1.269531
1110111110      8   0.781250
01110           5   0.488281
11011           4   0.390625
010             1   0.097656



          count    pct
Actin_ST              
0          1024  100.0



            count        pct
Arp2_3                      
0             448  43.750000
1             359  35.058594
10             63   6.152344
101            50   4.882812
1110111010     43   4.199219
1011111111     30   2.929688
00110          13   1.269531
1101111101      8   0.781250
11100           5   0.488281
10111           4   0.390625
100             1   0.097656



            count        pct
CP                          
0             660  64.453125
1             209  20.410156
01             87   8.496094
110            30   2.929688
0000001010     30   2.929688
01010           4   0.390625
000010          4   0.390625



       count        pct
Cdc42                  
1        521  50.878906
0        503  49.121094



            count        pct
Cofilin                     
0             607  59.277344
1             222  21.679688
01             87   8.496094
11110          41   4.003906
11010          22   2.148438
101            16   1.562500
0000010001     14   1.367188
10001          11   1.074219
010100          4   0.390625



         count        pct
Coronin                  
0          730  71.289062
1          204  19.921875
10001       31   3.027344
10000       27   2.636719
00011       14   1.367188
011         10   0.976562
00001        8   0.781250



           count        pct
Cortactin                  
0            548  53.515625
1            163  15.917969
00010         84   8.203125
00011         58   5.664062
01010         55   5.371094
00001         43   4.199219
011           41   4.003906
00110         22   2.148438
010           10   0.976562



            count        pct
Dia1                        
1             465  45.410156
0             292  28.515625
10111          86   8.398438
01             53   5.175781
100            30   2.929688
011            17   1.660156
0110101000     16   1.562500
0010000110     14   1.367188
10110          13   1.269531
10011          11   1.074219
00110          11   1.074219
00111           8   0.781250
101100          4   0.390625
01000           4   0.390625



      count        pct
Dia2                  
1       951  92.871094
101      51   4.980469
0        22   2.148438



            count        pct
Ena_Vasp                    
1             874  85.351562
1110111111     43   4.199219
01             34   3.320312
1111101011     16   1.562500
1010111011     14   1.367188
01111          13   1.269531
1101111101      8   0.781250
11100           5   0.488281
101             5   0.488281
101011          4   0.390625
01011           4   0.390625
0               3   0.292969
100             1   0.097656



              count    pct
IRSp53_Cdc42              
0              1024  100.0



             count        pct
IRSp53_Rac1                  
0              548  53.515625
1              163  15.917969
00010           84   8.203125
01010           55   5.371094
011             51   4.980469
00001           43   4.199219
10011           31   3.027344
10001           27   2.636719
00111           14   1.367188
00011            8   0.781250



       count        pct
LIMK                   
1        730  71.289062
0        204  19.921875
01110     31   3.027344
01111     27   2.636719
11100     14   1.367188
100       10   0.976562
11110      8   0.781250



      count        pct
NET1                  
0       543  53.027344
1       430  41.992188
010      51   4.980469



     count        pct
PAK                  
1      543  53.027344
0      430  41.992188
011     51   4.980469



      count        pct
PIP2                  
0       514  50.195312
1       510  49.804688



       count        pct
PKD                    
1        548  53.515625
0        204  19.921875
10111     84   8.203125
10110     55   5.371094
11011     43   4.199219
10001     31   3.027344
11001     27   2.636719
00011     14   1.367188
010       10   0.976562
10011      8   0.781250



          count    pct
Profilin              
0          1024  100.0



       count        pct
ROCK                   
1        548  53.515625
0        204  19.921875
01111     84   8.203125
01101     55   5.371094
10111     43   4.199219
00011     31   3.027344
10011     27   2.636719
00110     14   1.367188
100       10   0.976562
00111      8   0.781250



       count        pct
ROS                    
0        548  53.515625
1        163  15.917969
00010     84   8.203125
01010     55   5.371094
011       51   4.980469
00001     43   4.199219
10011     31   3.027344
10001     27   2.636719
00111     14   1.367188
00011      8   0.781250



       count        pct
Rac1                   
0        548  53.515625
1        163  15.917969
00100     84   8.203125
10100     55   5.371094
110       51   4.980469
00010     43   4.199219
00111     31   3.027344
00011     27   2.636719
01110     14   1.367188
00110      8   0.781250



       count        pct
RhoA                   
1        548  53.515625
0        163  15.917969
11110     84   8.203125
11010     55   5.371094
011       51   4.980469
01111     43   4.199219
00110     31   3.027344
00111     27   2.636719
01100     14   1.367188
01110      8   0.781250



       count        pct
SSH                    
0        730  71.289062
1        204  19.921875
00011     31   3.027344
00001     27   2.636719
00110     14   1.367188
110       10   0.976562
00010      8   0.781250



          count        pct
Thymosin                  
0           463  45.214844
1           281  27.441406
01          280  27.343750



      count        pct
WASP                  
1       458  44.726562
0       281  27.441406
01      280  27.343750
011       5   0.488281



       count        pct
WAVE                   
0        548  53.515625
1        214  20.898438
01111    100   9.765625
00011     84   8.203125
10001     43   4.199219
11001     27   2.636719
10011      8   0.781250



