                       count        pct
Actin_BR   Actin_ST                    
0          1             478  46.679688
1          0             227  22.167969
           1              95   9.277344
0010010100 1111011111     58   5.664062
101        001            34   3.320312
1010100101 1011111110     31   3.027344
101        1              24   2.343750
                          20   1.953125
0100       01             15   1.464844
0          11110          13   1.269531
00000100   11010111        6   0.585938
00100      10110           4   0.390625
0          111100000       4   0.390625
           10110100        4   0.390625
           001             3   0.292969
01         01              2   0.195312
100        1               2   0.195312
000100     110101          2   0.195312
0          11010111        1   0.097656
           110101          1   0.097656



                     count        pct
Rac1      RhoA                       
0         1            584  57.031250
00001     10111        182  17.773438
01001     10101         81   7.910156
1         0             39   3.808594
101       100           38   3.710938
10001     10011         37   3.613281
101       110           28   2.734375
                        20   1.953125
00101101  10110100      10   0.976562
111100001 110000111      4   0.390625
11100001  10000111       1   0.097656



