          count        pct
ARHGAP22                  
1           991  48.388672
0           355  17.333984
11011       347  16.943359
10110       183   8.935547
01110        96   4.687500
00110        56   2.734375
001          17   0.830078
010           3   0.146484



            count        pct
Actin_BR                    
0             939  45.849609
1             841  41.064453
0110001101     83   4.052734
11011          56   2.734375
110            52   2.539062
1011110011     49   2.392578
01000          23   1.123047
100             3   0.146484
10101           2   0.097656



          count        pct
Actin_ST                  
1          1785  87.158203
10111       188   9.179688
0            50   2.441406
01100        23   1.123047
10110         2   0.097656



            count        pct
Arp2_3                      
0             939  45.849609
1             841  41.064453
1100011010     83   4.052734
10111          56   2.734375
101            52   2.539062
0111100111     49   2.392578
10000          23   1.123047
001             3   0.146484
01011           2   0.097656



    count    pct
CP              
0    2048  100.0



       count   pct
Cdc42             
1       1024  50.0
0       1024  50.0



            count        pct
Cofilin                     
0             963  47.021484
1             717  35.009766
1010100000    188   9.179688
01111          97   4.736328
11010          30   1.464844
110            25   1.220703
10             24   1.171875
010100          3   0.146484
010             1   0.048828



         count        pct
Coronin                  
0         1521  74.267578
1          355  17.333984
00100       96   4.687500
00110       56   2.734375
101         17   0.830078
011          3   0.146484



           count        pct
Cortactin                  
0            991  48.388672
00001        347  16.943359
1            319  15.576172
01010        183   8.935547
01100        152   7.421875
011           36   1.757812
001           17   0.830078
010            3   0.146484



       count        pct
Dia1                   
1        991  48.388672
10111    347  16.943359
0        319  15.576172
01101    183   8.935547
11100     96   4.687500
101       56   2.734375
01100     56   2.734375



       count        pct
Dia2                   
1       1366  66.699219
01111    391  19.091797
10111    139   6.787109
01110    103   5.029297
11100     49   2.392578



          count        pct
Ena_Vasp                  
1          2020  98.632812
01           15   0.732422
110           9   0.439453
101011        3   0.146484
001           1   0.048828



              count   pct
IRSp53_Cdc42             
1              1024  50.0
0              1024  50.0



             count        pct
IRSp53_Rac1                  
0              991  48.388672
00001          347  16.943359
1              319  15.576172
01010          183   8.935547
01100           96   4.687500
01110           56   2.734375
011             56   2.734375



      count    pct
LIMK              
0      2048  100.0



      count        pct
NET1                  
0      1102  53.808594
1       890  43.457031
010      56   2.734375



     count        pct
PAK                  
1     1102  53.808594
0      890  43.457031
011     56   2.734375



      count        pct
PIP2                  
1      1046  51.074219
0      1002  48.925781



       count        pct
PKD                    
1        991  48.388672
0        355  17.333984
11011    347  16.943359
10110    183   8.935547
01110     96   4.687500
00110     56   2.734375
001       17   0.830078
010        3   0.146484



          count        pct
Profilin                  
1          1785  87.158203
01111       188   9.179688
0            50   2.441406
11000        23   1.123047
01101         2   0.097656



       count        pct
ROCK                   
1        991  48.388672
0        355  17.333984
10111    347  16.943359
01101    183   8.935547
11100     96   4.687500
01100     56   2.734375
010       17   0.830078
100        3   0.146484



       count        pct
ROS                    
0        991  48.388672
00001    347  16.943359
1        319  15.576172
01010    183   8.935547
01100     96   4.687500
01110     56   2.734375
011       56   2.734375



       count        pct
Rac1                   
0        991  48.388672
00010    347  16.943359
1        319  15.576172
10100    183   8.935547
11000     96   4.687500
11100     56   2.734375
110       56   2.734375



       count        pct
RhoA                   
1        991  48.388672
01111    347  16.943359
0        319  15.576172
11010    183   8.935547
11001     96   4.687500
11000     56   2.734375
011       56   2.734375



       count        pct
SSH                    
0       1521  74.267578
1        355  17.333984
01000     96   4.687500
01100     56   2.734375
011       17   0.830078
110        3   0.146484



          count        pct
Thymosin                  
0          1052  51.367188
1           525  25.634766
10          467  22.802734
01            3   0.146484
110           1   0.048828



      count        pct
WASP                  
1      1043  50.927734
0       526  25.683594
10      467  22.802734
101       9   0.439453
01        3   0.146484



       count        pct
WAVE                   
0        991  48.388672
1        375  18.310547
10001    347  16.943359
01111    239  11.669922
01110     96   4.687500



