                     count        pct
Actin_BR   Actin_ST                  
0          1           889  43.408203
1          1           841  41.064453
0110001101 10111        83   4.052734
11011      10111        56   2.734375
110        1            52   2.539062
0          0            50   2.441406
1011110011 10111        49   2.392578
01000      01100        23   1.123047
100        1             3   0.146484
10101      10110         2   0.097656



             count        pct
Rac1  RhoA                   
0     1        991  48.388672
00010 01111    347  16.943359
1     0        319  15.576172
10100 11010    183   8.935547
11000 11001     96   4.687500
11100 11000     56   2.734375
110   011       56   2.734375



