                                         count        pct
cycle_Actin_BR_norm cycle_Actin_ST_norm                  
0                   0                      472  46.093750
0100                0                      179  17.480469
                    0100                   174  16.992188
0011                0                       64   6.250000
1                   0                       32   3.125000
101                 001                     21   2.050781
                    0                       21   2.050781
101001101101        001000100000            17   1.660156
1101                0                       16   1.562500
01                  0                       12   1.171875
0011                0100                    11   1.074219
010                 011000                   5   0.488281



