          count        pct
Actin_BR                  
0           494  48.242188
1           360  35.156250
100          55   5.371094
110          42   4.101562
01           32   3.125000
0001         25   2.441406
010          16   1.562500



          count        pct
Actin_ST                  
0           551  53.808594
1           262  25.585938
100          59   5.761719
011          55   5.371094
01           51   4.980469
1101         25   2.441406
100101       21   2.050781



        count        pct
Arp2_3                  
0         494  48.242188
1         360  35.156250
001        55   5.371094
101        42   4.101562
10         32   3.125000
0010       25   2.441406
100        16   1.562500



      count        pct
CP                    
1       637  62.207031
0       258  25.195312
100      55   5.371094
110      34   3.320312
0001     25   2.441406
010      15   1.464844



       count        pct
Cdc42                  
0        513  50.097656
1        511  49.902344



         count        pct
Cofilin                  
0          571  55.761719
1          267  26.074219
100000      55   5.371094
01          51   4.980469
010         31   3.027344
101         28   2.734375
010100      21   2.050781



         count        pct
Coronin                  
0          631  61.621094
001        198  19.335938
1          112  10.937500
011         62   6.054688
101         21   2.050781



           count        pct
Cortactin                  
0            633  61.816406
010          199  19.433594
1             91   8.886719
110           80   7.812500
011           21   2.050781



      count        pct
Dia1                  
0       671  65.527344
1       258  25.195312
100      55   5.371094
0111     25   2.441406
010      15   1.464844



      count        pct
Dia2                  
1       725  70.800781
110     299  29.199219



          count    pct
Ena_Vasp              
0          1024  100.0



              count        pct
IRSp53_Cdc42                  
0               513  50.097656
1               511  49.902344



             count        pct
IRSp53_Rac1                  
0              633  61.816406
010            199  19.433594
1               91   8.886719
110             80   7.812500
011             21   2.050781



      count        pct
LIMK                  
1       631  61.621094
110     198  19.335938
0       112  10.937500
100      62   6.054688
010      21   2.050781



     count        pct
PAK                  
1      541  52.832031
0      464  45.312500
011     18   1.757812
001      1   0.097656



      count        pct
PIP2                  
1       523  51.074219
0       501  48.925781



     count        pct
PKD                  
1      631  61.621094
011    198  19.335938
0      112  10.937500
010     62   6.054688
001     21   2.050781



          count        pct
Profilin                  
1           680  66.406250
0           286  27.929688
10           32   3.125000
1011         25   2.441406
110           1   0.097656



      count        pct
ROCK                  
1       631  61.621094
110     198  19.335938
0       112  10.937500
100      62   6.054688
010      21   2.050781



      count        pct
Rac1                  
0       633  61.816406
100     199  19.433594
1        91   8.886719
101      80   7.812500
110      21   2.050781



      count        pct
RhoA                  
1       634  61.914062
101     216  21.093750
0        91   8.886719
001      62   6.054688
100      21   2.050781



     count        pct
SSH                  
0      631  61.621094
010    198  19.335938
1      112  10.937500
110     62   6.054688
011     21   2.050781



          count        pct
Thymosin                  
0           463  45.214844
1           284  27.734375
01          201  19.628906
10           76   7.421875



      count        pct
WASP                  
1       460  44.921875
0       286  27.929688
01      201  19.628906
10       76   7.421875
101       1   0.097656



      count        pct
WAVE                  
0       633  61.816406
011     199  19.433594
1       192  18.750000



