          count        pct
ARHGAP22                  
0           646  63.085938
1           204  19.921875
001         174  16.992188



          count        pct
Actin_BR                  
1           493  48.144531
001         243  23.730469
0           211  20.605469
101          77   7.519531



          count        pct
Actin_ST                  
1           493  48.144531
001         243  23.730469
0           211  20.605469
011          77   7.519531



        count        pct
Arp2_3                  
1         493  48.144531
010       243  23.730469
0         211  20.605469
011        77   7.519531



    count    pct
CP              
1    1024  100.0



       count        pct
Cdc42                  
0        543  53.027344
1        481  46.972656



         count        pct
Cofilin                  
1          646  63.085938
0          204  19.921875
001        174  16.992188



         count        pct
Coronin                  
1          646  63.085938
0          378  36.914062



           count        pct
Cortactin                  
1            493  48.144531
100          243  23.730469
0            211  20.605469
110           77   7.519531



      count    pct
Dia1              
0      1024  100.0



      count        pct
Dia2                  
1       703  68.652344
110     320  31.250000
0         1   0.097656



          count        pct
Ena_Vasp                  
1           949  92.675781
110          69   6.738281
0             6   0.585938



              count        pct
IRSp53_Cdc42                  
0               543  53.027344
1               481  46.972656



             count        pct
IRSp53_Rac1                  
1              493  48.144531
100            243  23.730469
0              211  20.605469
110             77   7.519531



      count        pct
LIMK                  
0       646  63.085938
1       378  36.914062



      count        pct
NET1                  
0       494  48.242188
101     243  23.730469
1       210  20.507812
100      77   7.519531



     count        pct
PAK                  
1      494  48.242188
100    243  23.730469
0      210  20.507812
110     77   7.519531



      count    pct
PIP2              
0      1024  100.0



     count        pct
PKD                  
0      646  63.085938
1      204  19.921875
001    174  16.992188



          count        pct
Profilin                  
1           571  55.761719
011         243  23.730469
0           210  20.507812



      count        pct
ROCK                  
0       646  63.085938
1       204  19.921875
010     174  16.992188



     count        pct
ROS                  
1      493  48.144531
100    243  23.730469
0      211  20.605469
110     77   7.519531



      count        pct
Rac1                  
1       493  48.144531
001     243  23.730469
0       211  20.605469
101      77   7.519531



      count        pct
RhoA                  
0       571  55.761719
100     243  23.730469
1       210  20.507812



     count        pct
SSH                  
1      646  63.085938
0      378  36.914062



          count    pct
Thymosin              
0          1024  100.0



      count        pct
WASP                  
1       571  55.761719
110     243  23.730469
0       210  20.507812



      count        pct
WAVE                  
1       570  55.664062
110     243  23.730469
0       211  20.605469



