          count        pct
ARHGAP22                  
0          2028  99.023438
             20   0.976562



            count        pct
Actin_BR                    
1             975  47.607422
011           305  14.892578
100           268  13.085938
0             215  10.498047
110           169   8.251953
001            54   2.636719
0011001001     42   2.050781
               20   0.976562



            count        pct
Actin_ST                    
1            1387  67.724609
110           268  13.085938
0             202   9.863281
010            63   3.076172
101111         54   2.636719
1001100000     42   2.050781
               20   0.976562
10             12   0.585938



            count        pct
Arp2_3                      
1             975  47.607422
110           305  14.892578
001           268  13.085938
0             215  10.498047
101           169   8.251953
010            54   2.636719
0110010010     42   2.050781
               20   0.976562



            count        pct
CP                          
1            1064  51.953125
0             667  32.568359
10            192   9.375000
001010         63   3.076172
0011001001     42   2.050781
               20   0.976562



       count        pct
Cdc42                  
0       1048  51.171875
1        980  47.851562
          20   0.976562



         count        pct
Cofilin                  
0         2028  99.023438
            20   0.976562



         count        pct
Coronin                  
1         1862  90.917969
0          104   5.078125
10          62   3.027344
            20   0.976562



            count        pct
Cortactin                   
1             975  47.607422
101           305  14.892578
010           268  13.085938
0             215  10.498047
011           169   8.251953
100            54   2.636719
1101100100     42   2.050781
               20   0.976562



            count        pct
Dia1                        
0            1754  85.644531
110010         63   3.076172
001            63   3.076172
110            54   2.636719
100            52   2.539062
0110010011     42   2.050781
               20   0.976562



            count        pct
Dia2                        
1            1676  81.835938
101           223  10.888672
011            87   4.248047
1111110111     42   2.050781
               20   0.976562



          count        pct
Ena_Vasp                  
1          1250  61.035156
0           441  21.533203
10          337  16.455078
             20   0.976562



              count        pct
IRSp53_Cdc42                  
0              1048  51.171875
1               980  47.851562
                 20   0.976562



             count        pct
IRSp53_Rac1                  
1              975  47.607422
101            305  14.892578
010            268  13.085938
0              215  10.498047
011            169   8.251953
100             54   2.636719
1101100100      42   2.050781
                20   0.976562



      count        pct
LIMK                  
0      1993  97.314453
         20   0.976562
1        19   0.927734
01       16   0.781250



            count        pct
NET1                        
0            1345  65.673828
110           244  11.914062
001           242  11.816406
1             155   7.568359
1001001101     42   2.050781
               20   0.976562



            count        pct
PAK                         
1            1345  65.673828
010           244  11.914062
101           242  11.816406
0             155   7.568359
1101100100     42   2.050781
               20   0.976562



      count        pct
PIP2                  
0      1064  51.953125
1       964  47.070312
         20   0.976562



     count        pct
PKD                  
0     2028  99.023438
        20   0.976562



            count        pct
Profilin                    
1            1387  67.724609
101           268  13.085938
0             202   9.863281
100            63   3.076172
011111         54   2.636719
0011001001     42   2.050781
               20   0.976562
01             12   0.585938



      count        pct
ROCK                  
0      2028  99.023438
         20   0.976562



            count        pct
ROS                         
1             975  47.607422
101           305  14.892578
010           268  13.085938
0             215  10.498047
011           169   8.251953
100            54   2.636719
1101100100     42   2.050781
               20   0.976562



            count        pct
Rac1                        
1             975  47.607422
011           305  14.892578
100           268  13.085938
0             215  10.498047
110           169   8.251953
001            54   2.636719
1011001001     42   2.050781
               20   0.976562



            count        pct
RhoA                        
0             975  47.607422
1             459  22.412109
101           320  15.625000
001           169   8.251953
010            63   3.076172
1101101111     42   2.050781
               20   0.976562



     count        pct
SSH                  
1     1862  90.917969
0      104   5.078125
01      62   3.027344
        20   0.976562



          count        pct
Thymosin                  
01          794  38.769531
0           659  32.177734
1           575  28.076172
             20   0.976562



      count        pct
WASP                  
01      794  38.769531
1       659  32.177734
0       575  28.076172
         20   0.976562



            count        pct
WAVE                        
1            1449  70.751953
011           268  13.085938
0             215  10.498047
110            54   2.636719
1111110110     42   2.050781
               20   0.976562



