                       count        pct
Actin_BR   Actin_ST                    
1          1             975  47.607422
011        1             305  14.892578
100        110           268  13.085938
0          0             202   9.863281
110        1             106   5.175781
           010            63   3.076172
001        101111         54   2.636719
0011001001 1001100000     42   2.050781
                          20   0.976562
0          10             12   0.585938
           1               1   0.048828



                       count        pct
Rac1       RhoA                        
1          0             975  47.607422
100        1             244  11.914062
0          1             215  10.498047
011        001           169   8.251953
           101           136   6.640625
110        101           106   5.175781
           010            63   3.076172
001        101            54   2.636719
1011001001 1101101111     42   2.050781
100        101            24   1.171875
                          20   0.976562



