                       count        pct
Actin_BR   Actin_ST                    
0          1             550  53.710938
1          1             119  11.621094
           0             117  11.425781
0010010100 1111011111     67   6.542969
01         01             63   6.152344
0110101001 1010111111     51   4.980469
0010       10             26   2.539062
0          01111          22   2.148438
                           5   0.488281
00100      10110           4   0.390625



             count        pct
Rac1  RhoA                   
0     1        665  64.941406
00010 01111    118  11.523438
01010 01101    106  10.351562
00001 10111     67   6.542969
00110 01110     26   2.539062
11010 01001     20   1.953125
10111 00010     10   0.976562
00111 00110      7   0.683594
                 5   0.488281



