                   count        pct
Actin_BR Actin_ST                  
1        0           511  49.902344
010      0           124  12.109375
001      0           119  11.621094
0        0           113  11.035156
011      0            81   7.910156
000001   0            76   7.421875



               count        pct
Rac1   RhoA                    
1      0         511  49.902344
010    001       124  12.109375
001    100       119  11.621094
0      1         103  10.058594
011    0          81   7.910156
001000 111100     76   7.421875
0      0          10   0.976562



