          count        pct
ARHGAP22                  
0           898  87.695312
1            89   8.691406
111001       37   3.613281



          count        pct
Actin_BR                  
1           533  52.050781
100         227  22.167969
0           145  14.160156
011          82   8.007812
001000       37   3.613281



          count        pct
Actin_ST                  
0           534  52.148438
1           446  43.554688
10           21   2.050781
111100       11   1.074219
001000        7   0.683594
111000        5   0.488281



        count        pct
Arp2_3                  
1         533  52.050781
001       227  22.167969
0         145  14.160156
110        82   8.007812
010000     37   3.613281



        count        pct
CP                      
1         514  50.195312
0         473  46.191406
01         19   1.855469
001000     18   1.757812



       count        pct
Cdc42                  
1        522  50.976562
0        502  49.023438



         count        pct
Cofilin                  
1          682  66.601562
110        162  15.820312
01          78   7.617188
0           72   7.031250
000001      16   1.562500
001         14   1.367188



         count        pct
Coronin                  
1          869  84.863281
10          73   7.128906
0           45   4.394531
01          37   3.613281



           count        pct
Cortactin                  
1            533  52.050781
010          227  22.167969
0            145  14.160156
101           82   8.007812
100000        37   3.613281



        count        pct
Dia1                    
0         865  84.472656
001       119  11.621094
110011     37   3.613281
1           3   0.292969



      count    pct
Dia2              
0      1024  100.0



          count        pct
Ena_Vasp                  
1           762  74.414062
0           118  11.523438
101         108  10.546875
01           20   1.953125
10           16   1.562500



              count        pct
IRSp53_Cdc42                  
1               522  50.976562
0               502  49.023438



             count        pct
IRSp53_Rac1                  
1              533  52.050781
010            227  22.167969
0              145  14.160156
101             82   8.007812
100000          37   3.613281



        count        pct
LIMK                    
0         869  84.863281
01         73   7.128906
1          45   4.394531
101000     37   3.613281



        count        pct
NET1                    
0         566  55.273438
110       227  22.167969
1         112  10.937500
001        82   8.007812
101111     37   3.613281



        count        pct
PAK                     
1         566  55.273438
010       227  22.167969
0         112  10.937500
101        82   8.007812
100000     37   3.613281



      count        pct
PIP2                  
0       513  50.097656
1       511  49.902344



     count    pct
PKD              
0     1024  100.0



          count        pct
Profilin                  
1           750  73.242188
0           141  13.769531
101         108  10.546875
111001       16   1.562500
011000        7   0.683594
01            2   0.195312



        count        pct
ROCK                    
0         898  87.695312
1          89   8.691406
110011     37   3.613281



        count        pct
ROS                     
1         533  52.050781
010       227  22.167969
0         145  14.160156
101        82   8.007812
100000     37   3.613281



        count        pct
Rac1                    
1         533  52.050781
100       227  22.167969
0         145  14.160156
011        82   8.007812
000001     37   3.613281



        count        pct
RhoA                    
0         648  63.281250
010       227  22.167969
1         112  10.937500
100111     37   3.613281



     count        pct
SSH                  
1      869  84.863281
01      73   7.128906
0       45   4.394531
10      37   3.613281



          count        pct
Thymosin                  
0           859  83.886719
01          106  10.351562
1            59   5.761719



      count        pct
WASP                  
1       728  71.093750
0       134  13.085938
011     108  10.546875
01       54   5.273438



        count        pct
WAVE                    
1         615  60.058594
011       227  22.167969
0         145  14.160156
110000     37   3.613281



