                   count        pct
Actin_BR Actin_ST                  
1        1           268  26.171875
         0           246  24.023438
0        0           141  13.769531
100      1           119  11.621094
         0           108  10.546875
011      1            43   4.199219
         0            39   3.808594
1        10           19   1.855469
001000   1            14   1.367188
         111100       11   1.074219
         001000        7   0.683594
         111000        5   0.488281
0        10            2   0.195312
         1             2   0.195312



               count        pct
Rac1   RhoA                    
1      0         533  52.050781
100    010       227  22.167969
0      1         112  10.937500
011    0          82   8.007812
000001 100111     37   3.613281
0      0          33   3.222656



