          count        pct
ARHGAP22                  
1           365  35.644531
0           344  33.593750
010         315  30.761719



          count        pct
Actin_BR                  
0           377  36.816406
010         265  25.878906
001         196  19.140625
101         171  16.699219
1            15   1.464844



          count        pct
Actin_ST                  
0           377  36.816406
010011      265  25.878906
001         196  19.140625
011         171  16.699219
1            15   1.464844



        count        pct
Arp2_3                  
0         377  36.816406
100       265  25.878906
010       196  19.140625
011       171  16.699219
1          15   1.464844



    count    pct
CP              
1    1024  100.0



       count    pct
Cdc42              
0       1024  100.0



         count        pct
Cofilin                  
0          393  38.378906
1          344  33.593750
010000     265  25.878906
100         22   2.148438



         count       pct
Coronin                 
0          680  66.40625
1          344  33.59375



           count        pct
Cortactin                  
0            377  36.816406
001          265  25.878906
100          196  19.140625
110          171  16.699219
1             15   1.464844



      count    pct
Dia1              
0      1024  100.0



      count        pct
Dia2                  
1       392  38.281250
110     367  35.839844
101     265  25.878906



          count        pct
Ena_Vasp                  
1           573  55.957031
101011      265  25.878906
011         146  14.257812
001          28   2.734375
0            12   1.171875



              count    pct
IRSp53_Cdc42              
0              1024  100.0



             count        pct
IRSp53_Rac1                  
0              377  36.816406
001            265  25.878906
100            196  19.140625
110            171  16.699219
1               15   1.464844



      count       pct
LIMK                 
1       680  66.40625
0       344  33.59375



      count        pct
NET1                  
1       377  36.816406
011     265  25.878906
101     196  19.140625
100     171  16.699219
0        15   1.464844



     count        pct
PAK                  
0      377  36.816406
001    265  25.878906
100    196  19.140625
110    171  16.699219
1       15   1.464844



      count    pct
PIP2              
0      1024  100.0



     count        pct
PKD                  
1      365  35.644531
0      344  33.593750
010    315  30.761719



          count        pct
Profilin                  
0           377  36.816406
110         265  25.878906
011         196  19.140625
1           186  18.164062



      count        pct
ROCK                  
1       365  35.644531
0       344  33.593750
100     315  30.761719



     count        pct
ROS                  
0      377  36.816406
001    265  25.878906
100    196  19.140625
110    171  16.699219
1       15   1.464844



      count        pct
Rac1                  
0       377  36.816406
010     265  25.878906
001     196  19.140625
101     171  16.699219
1        15   1.464844



      count        pct
RhoA                  
1       377  36.816406
001     265  25.878906
100     196  19.140625
0       186  18.164062



     count       pct
SSH                 
0      680  66.40625
1      344  33.59375



          count        pct
Thymosin                  
1           393  38.378906
0           366  35.742188
01          265  25.878906



        count        pct
WASP                    
0         405  39.550781
000101    265  25.878906
1         186  18.164062
110       168  16.406250



      count        pct
WAVE                  
0       377  36.816406
101     265  25.878906
110     196  19.140625
1       186  18.164062



