          count        pct
ARHGAP22                  
1           670  65.429688
0           152  14.843750
11011        89   8.691406
10110        62   6.054688
01110        39   3.808594
010          12   1.171875



          count        pct
Actin_BR                  
0           670  65.429688
101         119  11.621094
01100        89   8.691406
11011        62   6.054688
10011        39   3.808594
1            30   2.929688
100          15   1.464844



          count        pct
Actin_ST                  
1           709  69.238281
11101       190  18.554688
001          96   9.375000
0            22   2.148438
110           7   0.683594



        count        pct
Arp2_3                  
0         670  65.429688
011       119  11.621094
11000      89   8.691406
10111      62   6.054688
00111      39   3.808594
1          30   2.929688
001        15   1.464844



     count        pct
CP                   
0      906  88.476562
101     88   8.593750
1       22   2.148438
100      8   0.781250



       count        pct
Cdc42                  
1        540  52.734375
0        484  47.265625



         count        pct
Cofilin                  
0          860  83.984375
1          105  10.253906
101         52   5.078125
100          7   0.683594



         count        pct
Coronin                  
0          821  80.175781
1          152  14.843750
00100       39   3.808594
011         12   1.171875



           count        pct
Cortactin                  
0            670  65.429688
110          119  11.621094
00001         89   8.691406
01010         62   6.054688
01100         39   3.808594
1             30   2.929688
010           15   1.464844



       count        pct
Dia1                   
1        670  65.429688
10111     89   8.691406
0         79   7.714844
010       73   7.128906
01101     62   6.054688
11100     39   3.808594
101       12   1.171875



      count        pct
Dia2                  
1       960  93.750000
011      51   4.980469
0        13   1.269531



          count        pct
Ena_Vasp                  
1           960  93.750000
0            52   5.078125
001          12   1.171875



              count        pct
IRSp53_Cdc42                  
1               540  52.734375
0               484  47.265625



             count        pct
IRSp53_Rac1                  
0              670  65.429688
110            131  12.792969
00001           89   8.691406
01010           62   6.054688
01100           39   3.808594
1               30   2.929688
010              3   0.292969



       count        pct
LIMK                   
1        821  80.175781
0        152  14.843750
11011     39   3.808594
100       12   1.171875



      count        pct
NET1                  
0       553  54.003906
1       420  41.015625
100      51   4.980469



     count        pct
PAK                  
1      553  54.003906
0      420  41.015625
110     51   4.980469



      count        pct
PIP2                  
0       534  52.148438
1       490  47.851562



       count        pct
PKD                    
1        670  65.429688
0        152  14.843750
11011     89   8.691406
10110     62   6.054688
01110     39   3.808594
010       12   1.171875



          count        pct
Profilin                  
1           831  81.152344
11011       190  18.554688
101           3   0.292969



       count        pct
ROCK                   
1        670  65.429688
0        152  14.843750
10111     89   8.691406
01101     62   6.054688
11100     39   3.808594
100       12   1.171875



       count        pct
ROS                    
0        670  65.429688
110      131  12.792969
00001     89   8.691406
01010     62   6.054688
01100     39   3.808594
1         30   2.929688
010        3   0.292969



       count        pct
Rac1                   
0        670  65.429688
101      131  12.792969
00010     89   8.691406
10100     62   6.054688
11000     39   3.808594
1         30   2.929688
100        3   0.292969



       count        pct
RhoA                   
1        670  65.429688
01111     89   8.691406
100       80   7.812500
11010     62   6.054688
110       54   5.273438
11001     39   3.808594
0         30   2.929688



       count        pct
SSH                    
0        821  80.175781
1        152  14.843750
01000     39   3.808594
110       12   1.171875



          count    pct
Thymosin              
0          1024  100.0



      count    pct
WASP              
0      1024  100.0



       count        pct
WAVE                   
0        670  65.429688
1        161  15.722656
10001     89   8.691406
01111     62   6.054688
01110     39   3.808594
011        3   0.292969



