                     count        pct
cycle_Actin_BR_norm                  
1                      293  28.613281
00101101101            256  25.000000
010                    245  23.925781
011                    225  21.972656
                         5   0.488281



                     count        pct
cycle_Actin_ST_norm                  
1                      286  27.929688
00100001101            256  25.000000
011000                 245  23.925781
010                    225  21.972656
0                        7   0.683594
                         5   0.488281



                   count        pct
cycle_Arp2_3_norm                  
1                    293  28.613281
01011011010          256  25.000000
100                  245  23.925781
110                  225  21.972656
                       5   0.488281



               count        pct
cycle_CP_norm                  
0                511  49.902344
1                508  49.609375
                   5   0.488281



                  count        pct
cycle_Cdc42_norm                  
0                   529  51.660156
1                   490  47.851562
                      5   0.488281



                    count        pct
cycle_Cofilin_norm                  
1                     511  49.902344
00000101000           256  25.000000
000010                245  23.925781
0                       7   0.683594
                        5   0.488281



                    count        pct
cycle_Coronin_norm                  
1                    1019  99.511719
                        5   0.488281



                      count        pct
cycle_Cortactin_norm                  
1                       293  28.613281
11110111110             256  25.000000
111001                  245  23.925781
101                     225  21.972656
                          5   0.488281



                 count        pct
cycle_Dia1_norm                  
0                  518  50.585938
10000100000        256  25.000000
100011             245  23.925781
                     5   0.488281



                 count        pct
cycle_Dia2_norm                  
1                  293  28.613281
11110111110        256  25.000000
111011             245  23.925781
101                225  21.972656
                     5   0.488281



                     count        pct
cycle_Ena_Vasp_norm                  
1                      774  75.585938
111100                 245  23.925781
                         5   0.488281



                   count        pct
cycle_IRSp53_norm                  
1                    774  75.585938
111001               245  23.925781
                       5   0.488281



                 count        pct
cycle_LIMK_norm                  
0                 1019  99.511719
                     5   0.488281



                count        pct
cycle_PAK_norm                  
1                 774  75.585938
111001            245  23.925781
                    5   0.488281



                 count        pct
cycle_PIP2_norm                  
1                  511  49.902344
0                  508  49.609375
                     5   0.488281



                count        pct
cycle_PKD_norm                  
0                1019  99.511719
                    5   0.488281



                     count        pct
cycle_Profilin_norm                  
1                      286  27.929688
01000011010            256  25.000000
110000                 245  23.925781
110                    225  21.972656
0                        7   0.683594
                         5   0.488281



                 count        pct
cycle_ROCK_norm                  
0                 1019  99.511719
                     5   0.488281



                  count        pct
cycle_ROCK__norm                  
0                  1019  99.511719
                      5   0.488281



                 count        pct
cycle_Rac1_norm                  
1                  293  28.613281
11101111101        256  25.000000
110011             245  23.925781
011                225  21.972656
                     5   0.488281



                 count        pct
cycle_RhoA_norm                  
0                  293  28.613281
00001000001        256  25.000000
000111             245  23.925781
010                225  21.972656
                     5   0.488281



                count        pct
cycle_SSH_norm                  
1                1019  99.511719
                    5   0.488281



                     count        pct
cycle_Thymosin_norm                  
0                      511  49.902344
11111101011            256  25.000000
111110                 245  23.925781
1                        7   0.683594
                         5   0.488281



                 count        pct
cycle_WASP_norm                  
0                 1019  99.511719
                     5   0.488281



                 count        pct
cycle_WAVE_norm                  
1                  293  28.613281
11110111110        256  25.000000
111001             245  23.925781
101                225  21.972656
                     5   0.488281



