                                         count        pct
cycle_Actin_BR_norm cycle_Actin_ST_norm                  
001                 001                    209  20.410156
1                   1                      158  15.429688
101                 111011                 148  14.453125
                    110                    144  14.062500
0                   0                      141  13.769531
101                 1                      123  12.011719
001                 1                       33   3.222656
                    0                       27   2.636719
                    101011                  16   1.562500
0                   10                      11   1.074219
                    1                        8   0.781250
101                 0                        6   0.585938



