          count        pct
ARHGAP22                  
1          1353  66.064453
11110       214  10.449219
11010       149   7.275391
10111        98   4.785156
11100        50   2.441406
10010        45   2.197266
00111        38   1.855469
01001        29   1.416016
10000        28   1.367188
10001        24   1.171875
00011        15   0.732422
0             4   0.195312
              1   0.048828



            count        pct
Actin_BR                    
0            1104  53.906250
1             485  23.681641
01            199   9.716797
1101011000     98   4.785156
01111          69   3.369141
1101111001     38   1.855469
00010          37   1.806641
10100          17   0.830078
                1   0.048828



            count        pct
Actin_ST                    
1             750  36.621094
0             619  30.224609
01111         205  10.009766
01            199   9.716797
11110         167   8.154297
11100          43   2.099609
00011          37   1.806641
10110          17   0.830078
1111011111     10   0.488281
                1   0.048828



            count        pct
Arp2_3                      
0            1104  53.906250
1             485  23.681641
10            199   9.716797
1010110001     98   4.785156
11110          69   3.369141
1011110011     38   1.855469
00100          37   1.806641
01001          17   0.830078
                1   0.048828



    count        pct
CP                  
0    1053  51.416016
1     993  48.486328
10      1   0.048828
        1   0.048828



       count        pct
Cdc42                  
0       1030  50.292969
1       1017  49.658203
           1   0.048828



         count        pct
Cofilin                  
0         1595  77.880859
1          243  11.865234
01         209  10.205078
             1   0.048828



         count        pct
Coronin                  
0         2047  99.951172
             1   0.048828



           count        pct
Cortactin                  
0           2047  99.951172
               1   0.048828



       count        pct
Dia1                   
0        995  48.583984
1        582  28.417969
10101    112   5.468750
11011    111   5.419922
01111     98   4.785156
01110     38   1.855469
00101     26   1.269531
10010     22   1.074219
10011     21   1.025391
00001     17   0.830078
00110     15   0.732422
00011     10   0.488281
           1   0.048828



       count        pct
Dia2                   
1       1357  66.259766
01111    371  18.115234
11101    192   9.375000
11001     74   3.613281
01110     53   2.587891
           1   0.048828



          count        pct
Ena_Vasp                  
1          2046  99.902344
10            1   0.048828
              1   0.048828



              count        pct
IRSp53_Cdc42                  
0              1030  50.292969
1              1017  49.658203
                  1   0.048828



             count        pct
IRSp53_Rac1                  
0             1353  66.064453
01000          214  10.449219
01001          149   7.275391
00010           98   4.785156
11000           50   2.441406
01011           45   2.197266
00110           38   1.855469
10101           29   1.416016
11011           28   1.367188
10011           24   1.171875
00111           15   0.732422
1                4   0.195312
                 1   0.048828



      count        pct
LIMK                  
1      2047  99.951172
          1   0.048828



      count        pct
NET1                  
1      1027  50.146484
0      1020  49.804688
          1   0.048828



     count        pct
PAK                  
0     1027  50.146484
1     1020  49.804688
         1   0.048828



      count        pct
PIP2                  
1      1054  51.464844
0       993  48.486328
          1   0.048828



       count        pct
PKD                    
1       1353  66.064453
11110    214  10.449219
11010    149   7.275391
10111     98   4.785156
11100     50   2.441406
10010     45   2.197266
00111     38   1.855469
01001     29   1.416016
10000     28   1.367188
10001     24   1.171875
00011     15   0.732422
0          4   0.195312
           1   0.048828



          count        pct
Profilin                  
1           970  47.363281
0           619  30.224609
11110       205  10.009766
10          199   9.716797
00110        37   1.806641
01101        17   0.830078
              1   0.048828



       count        pct
ROCK                   
1       1353  66.064453
11101    214  10.449219
10101    149   7.275391
01111     98   4.785156
11001     50   2.441406
00101     45   2.197266
01110     38   1.855469
10010     29   1.416016
00001     28   1.367188
00011     24   1.171875
00110     15   0.732422
0          4   0.195312
           1   0.048828



       count        pct
ROS                    
0       1353  66.064453
01000    214  10.449219
01001    149   7.275391
00010     98   4.785156
11000     50   2.441406
01011     45   2.197266
00110     38   1.855469
10101     29   1.416016
11011     28   1.367188
10011     24   1.171875
00111     15   0.732422
1          4   0.195312
           1   0.048828



       count        pct
Rac1                   
0       1353  66.064453
10000    214  10.449219
10010    149   7.275391
00100     98   4.785156
10001     50   2.441406
10110     45   2.197266
01100     38   1.855469
01011     29   1.416016
10111     28   1.367188
00111     24   1.171875
01110     15   0.732422
1          4   0.195312
           1   0.048828



       count        pct
RhoA                   
1       1353  66.064453
11011    214  10.449219
01011    149   7.275391
11110     98   4.785156
10011     50   2.441406
01010     45   2.197266
11100     38   1.855469
00101     29   1.416016
00010     28   1.367188
00110     24   1.171875
01100     15   0.732422
0          4   0.195312
           1   0.048828



     count        pct
SSH                  
0     2047  99.951172
         1   0.048828



          count        pct
Thymosin                  
01          710  34.667969
1           673  32.861328
0           664  32.421875
              1   0.048828



      count        pct
WASP                  
01      710  34.667969
0       673  32.861328
1       664  32.421875
          1   0.048828



       count        pct
WAVE                   
0       1353  66.064453
01100    214  10.449219
11101    188   9.179688
1        106   5.175781
00011     98   4.785156
11100     50   2.441406
00111     38   1.855469
           1   0.048828



