                       count        pct
Actin_BR   Actin_ST                    
0          0             619  30.224609
           1             485  23.681641
1          1             265  12.939453
01         01            199   9.716797
1          11110         167   8.154297
1101011000 01111          98   4.785156
01111      01111          69   3.369141
1          11100          43   2.099609
1101111001 01111          38   1.855469
00010      00011          37   1.806641
10100      10110          17   0.830078
1          1111011111     10   0.488281
                           1   0.048828



             count        pct
Rac1  RhoA                   
0     1       1353  66.064453
10000 11011    214  10.449219
10010 01011    149   7.275391
00100 11110     98   4.785156
10001 10011     50   2.441406
10110 01010     45   2.197266
01100 11100     38   1.855469
01011 00101     29   1.416016
10111 00010     28   1.367188
00111 00110     24   1.171875
01110 01100     15   0.732422
1     0          4   0.195312
                 1   0.048828



