          count        pct
ARHGAP22                  
1           720  70.312500
0           178  17.382812
10111        51   4.980469
01011        28   2.734375
00111        20   1.953125
00110        16   1.562500
001          11   1.074219



          count        pct
Actin_BR                  
0           562  54.882812
1           219  21.386719
0100        124  12.109375
01           62   6.054688
101          52   5.078125
110           3   0.292969
100           2   0.195312



           count        pct
Actin_ST                   
1            520  50.781250
0            219  21.386719
01           186  18.164062
001           52   5.078125
011           19   1.855469
111100000     13   1.269531
11101111      10   0.976562
100            4   0.390625
101100         1   0.097656



        count        pct
Arp2_3                  
0         562  54.882812
1         219  21.386719
1000      124  12.109375
10         62   6.054688
011        52   5.078125
101         3   0.292969
001         2   0.195312



      count        pct
CP                    
0       562  54.882812
1       219  21.386719
0100    124  12.109375
01       62   6.054688
101      52   5.078125
110       3   0.292969
100       2   0.195312



       count        pct
Cdc42                  
0        517  50.488281
1        507  49.511719



         count    pct
Cofilin              
0         1024  100.0



         count        pct
Coronin                  
0          799  78.027344
1          178  17.382812
00010       20   1.953125
00110       16   1.562500
101         11   1.074219



           count        pct
Cortactin                  
0            720  70.312500
1             90   8.789062
110           52   5.078125
00010         51   4.980469
01100         36   3.515625
00101         28   2.734375
111110000     13   1.269531
001           12   1.171875
011           11   1.074219
00001111      10   0.976562
010            1   0.097656



           count        pct
Dia1                       
1            520  50.781250
0            253  24.707031
1101         124  12.109375
01            62   6.054688
100           23   2.246094
110           19   1.855469
111000011     13   1.269531
00111100      10   0.976562



           count        pct
Dia2                       
1            960  93.750000
110           22   2.148438
101           18   1.757812
111000011     13   1.269531
0             11   1.074219



          count        pct
Ena_Vasp                  
1           968  94.531250
0            21   2.050781
01           18   1.757812
100          11   1.074219
10            6   0.585938



              count        pct
IRSp53_Cdc42                  
0               517  50.488281
1               507  49.511719



             count        pct
IRSp53_Rac1                  
0              720  70.312500
1               90   8.789062
110             52   5.078125
00010           51   4.980469
00101           28   2.734375
101             22   2.148438
00110           20   1.953125
01110           16   1.562500
111110000       13   1.269531
00001111        10   0.976562
010              2   0.195312



       count        pct
LIMK                   
1        799  78.027344
0        178  17.382812
11101     20   1.953125
11001     16   1.562500
010       11   1.074219



           count        pct
NET1                       
0            518  50.585938
1            453  44.238281
001           22   2.148438
010           18   1.757812
100000111     13   1.269531



           count        pct
PAK                        
1            518  50.585938
0            453  44.238281
101           22   2.148438
011           18   1.757812
111110000     13   1.269531



      count    pct
PIP2              
0      1024  100.0



       count        pct
PKD                    
1        720  70.312500
0        178  17.382812
10111     51   4.980469
01011     28   2.734375
00111     20   1.953125
00110     16   1.562500
001       11   1.074219



           count        pct
Profilin                   
1            813  79.394531
1110         124  12.109375
10            62   6.054688
111111101     13   1.269531
11011111      10   0.976562
111101         1   0.097656
101            1   0.097656



       count        pct
ROCK                   
1        720  70.312500
0        178  17.382812
01111     51   4.980469
10110     28   2.734375
01110     20   1.953125
01100     16   1.562500
010       11   1.074219



           count        pct
ROS                        
0            720  70.312500
1             90   8.789062
110           52   5.078125
00010         51   4.980469
00101         28   2.734375
101           22   2.148438
00110         20   1.953125
01110         16   1.562500
111110000     13   1.269531
00001111      10   0.976562
010            2   0.195312



           count        pct
Rac1                       
0            720  70.312500
1             90   8.789062
101           52   5.078125
00100         51   4.980469
01010         28   2.734375
011           22   2.148438
01100         20   1.953125
11100         16   1.562500
111100001     13   1.269531
00011110      10   0.976562
100            2   0.195312



           count        pct
RhoA                       
1            720  70.312500
0             90   8.789062
11110         51   4.980469
100           34   3.320312
01101         28   2.734375
101           23   2.246094
11100         20   1.953125
011           19   1.855469
11000         16   1.562500
110000111     13   1.269531
01111000      10   0.976562



       count        pct
SSH                    
0        799  78.027344
1        178  17.382812
00100     20   1.953125
01100     16   1.562500
011       11   1.074219



          count        pct
Thymosin                  
1           545  53.222656
01          270  26.367188
0           209  20.410156



      count        pct
WASP                  
0       545  53.222656
01      270  26.367188
1       209  20.410156



           count        pct
WAVE                       
0            720  70.312500
1            164  16.015625
00011         51   4.980469
01111         44   4.296875
00111         20   1.953125
111111000     13   1.269531
10001111      10   0.976562
011            2   0.195312



