                    count        pct
Actin_BR Actin_ST                   
0        1            520  50.781250
1        0            219  21.386719
0100     01           124  12.109375
01       01            62   6.054688
101      001           52   5.078125
0        011           19   1.855469
         111100000     13   1.269531
         11101111      10   0.976562
110      100            3   0.292969
100      101100         1   0.097656
         100            1   0.097656



                     count        pct
Rac1      RhoA                       
0         1            720  70.312500
1         0             90   8.789062
00100     11110         51   4.980469
101       100           34   3.320312
01010     01101         28   2.734375
011       101           22   2.148438
01100     11100         20   1.953125
101       011           18   1.757812
11100     11000         16   1.562500
111100001 110000111     13   1.269531
00011110  01111000      10   0.976562
100       101            1   0.097656
          011            1   0.097656



