          count        pct
ARHGAP22                  
1          1244  60.742188
11110       218  10.644531
11010       116   5.664062
10111        91   4.443359
10011        85   4.150391
00011        62   3.027344
10101        61   2.978516
01001        60   2.929688
10000        54   2.636719
11001        31   1.513672
10100        19   0.927734
0             7   0.341797



            count        pct
Actin_BR                    
0            1065  52.001953
1             646  31.542969
01            107   5.224609
1100011010     91   4.443359
11110          61   2.978516
00010          34   1.660156
1111001110     31   1.513672
10010          13   0.634766



          count        pct
Actin_ST                  
1           780  38.085938
0           596  29.101562
11011       436  21.289062
01          107   5.224609
10011        82   4.003906
00011        34   1.660156
11010        13   0.634766



            count        pct
Arp2_3                      
0            1065  52.001953
1             646  31.542969
10            107   5.224609
1000110101     91   4.443359
11101          61   2.978516
00100          34   1.660156
1110011101     31   1.513672
00101          13   0.634766



    count        pct
CP                  
1    1036  50.585938
0    1012  49.414062



       count        pct
Cdc42                  
1       1045  51.025391
0       1003  48.974609



            count        pct
Cofilin                     
0            1389  67.822266
1             394  19.238281
01            107   5.224609
11000          50   2.441406
1000001000     50   2.441406
10011          34   1.660156
11101          24   1.171875



         count    pct
Coronin              
0         2048  100.0



           count    pct
Cortactin              
0           2048  100.0



       count        pct
Dia1                   
0       1040  50.781250
1        546  26.660156
11101     99   4.833984
01111     91   4.443359
10011     62   3.027344
01011     61   2.978516
10110     53   2.587891
00110     34   1.660156
00001     24   1.171875
10010     19   0.927734
01001     19   0.927734



       count        pct
Dia2                   
1       1251  61.083984
10111    448  21.875000
01111    171   8.349609
00111    147   7.177734
10011     31   1.513672



          count    pct
Ena_Vasp              
1          2048  100.0



              count        pct
IRSp53_Cdc42                  
1              1045  51.025391
0              1003  48.974609



             count        pct
IRSp53_Rac1                  
0             1244  60.742188
01000          218  10.644531
01001          116   5.664062
00010           91   4.443359
00011           85   4.150391
00111           62   3.027344
10010           61   2.978516
10101           60   2.929688
11011           54   2.636719
10001           31   1.513672
11010           19   0.927734
1                7   0.341797



       count        pct
LIMK                   
1       1730  84.472656
01111    195   9.521484
11100     62   3.027344
00110     54   2.636719
0          7   0.341797



      count        pct
NET1                  
0      1048  51.171875
1      1000  48.828125



     count        pct
PAK                  
1     1048  51.171875
0     1000  48.828125



      count        pct
PIP2                  
0      1036  50.585938
1      1012  49.414062



       count        pct
PKD                    
1       1244  60.742188
11110    218  10.644531
11010    116   5.664062
10111     91   4.443359
10011     85   4.150391
00011     62   3.027344
10101     61   2.978516
01001     60   2.929688
10000     54   2.636719
11001     31   1.513672
10100     19   0.927734
0          7   0.341797



          count        pct
Profilin                  
1          1115  54.443359
0           596  29.101562
10111       183   8.935547
10          107   5.224609
00110        34   1.660156
10101        13   0.634766



       count        pct
ROCK                   
1       1244  60.742188
11101    218  10.644531
10101    116   5.664062
01111     91   4.443359
00111     85   4.150391
00110     62   3.027344
01011     61   2.978516
10010     60   2.929688
00001     54   2.636719
10011     31   1.513672
01001     19   0.927734
0          7   0.341797



       count        pct
ROS                    
0       1244  60.742188
01000    218  10.644531
01001    116   5.664062
00010     91   4.443359
00011     85   4.150391
00111     62   3.027344
10010     61   2.978516
10101     60   2.929688
11011     54   2.636719
10001     31   1.513672
11010     19   0.927734
1          7   0.341797



       count        pct
Rac1                   
0       1244  60.742188
10000    218  10.644531
10010    116   5.664062
00100     91   4.443359
00110     85   4.150391
01110     62   3.027344
00101     61   2.978516
01011     60   2.929688
10111     54   2.636719
00011     31   1.513672
10101     19   0.927734
1          7   0.341797



       count        pct
RhoA                   
1       1244  60.742188
11011    218  10.644531
01011    116   5.664062
11110     91   4.443359
01110     85   4.150391
01100     62   3.027344
10110     61   2.978516
00101     60   2.929688
00010     54   2.636719
00111     31   1.513672
10010     19   0.927734
0          7   0.341797



       count        pct
SSH                    
0       1730  84.472656
00001    195   9.521484
00110     62   3.027344
10011     54   2.636719
1          7   0.341797



          count        pct
Thymosin                  
0           827  40.380859
1           643  31.396484
10          578  28.222656



      count        pct
WASP                  
1       827  40.380859
0       643  31.396484
10      578  28.222656



       count        pct
WAVE                   
0       1244  60.742188
01100    218  10.644531
10111    178   8.691406
1        140   6.835938
00011     91   4.443359
10011     85   4.150391
11011     61   2.978516
11001     31   1.513672



