          count        pct
ARHGAP22                  
1           769  75.097656
0           114  11.132812
11101        91   8.886719
10110        28   2.734375
11100        22   2.148438



          count        pct
Actin_BR                  
0           531  51.855469
1           221  21.582031
01          200  19.531250
010          43   4.199219
110          29   2.832031



          count        pct
Actin_ST                  
0           437  42.675781
01          330  32.226562
1           208  20.312500
100          32   3.125000
110          17   1.660156



        count        pct
Arp2_3                  
0         531  51.855469
1         221  21.582031
10        200  19.531250
100        43   4.199219
101        29   2.832031



     count        pct
CP                   
0      756  73.828125
1      134  13.085938
01      85   8.300781
010     31   3.027344
110     18   1.757812



       count        pct
Cdc42                  
1        530  51.757812
0        494  48.242188



         count        pct
Cofilin                  
0          695  67.871094
1          131  12.792969
01         107  10.449219
10111       50   4.882812
110         23   2.246094
11010       18   1.757812



         count        pct
Coronin                  
0          888  86.718750
1          114  11.132812
01000       22   2.148438



           count        pct
Cortactin                  
0            806  78.710938
10000         91   8.886719
001           43   4.199219
011           29   2.832031
01010         28   2.734375
11000         22   2.148438
1              5   0.488281



      count    pct
Dia1              
0      1024  100.0



      count        pct
Dia2                  
1      1016  99.218750
110       6   0.585938
0         2   0.195312



          count        pct
Ena_Vasp                  
1           990  96.679688
101          14   1.367188
0            11   1.074219
10            9   0.878906



              count        pct
IRSp53_Cdc42                  
1               530  51.757812
0               494  48.242188



             count        pct
IRSp53_Rac1                  
0              806  78.710938
10000           91   8.886719
001             43   4.199219
011             29   2.832031
01010           28   2.734375
11000           22   2.148438
1                5   0.488281



       count        pct
LIMK                   
1        888  86.718750
0        114  11.132812
10111     22   2.148438



      count        pct
NET1                  
0       532  51.953125
1       468  45.703125
011      18   1.757812
001       6   0.585938



     count        pct
PAK                  
1      532  51.953125
0      468  45.703125
001     18   1.757812
101      6   0.585938



      count       pct
PIP2                 
0       520  50.78125
1       504  49.21875



       count        pct
PKD                    
1        769  75.097656
0        114  11.132812
11101     91   8.886719
10110     28   2.734375
11100     22   2.148438



          count        pct
Profilin                  
1           377  36.816406
10          330  32.226562
0           303  29.589844
101          14   1.367188



       count        pct
ROCK                   
1        769  75.097656
0        114  11.132812
11011     91   8.886719
01101     28   2.734375
11001     22   2.148438



       count        pct
ROS                    
0        806  78.710938
10000     91   8.886719
001       43   4.199219
011       29   2.832031
01010     28   2.734375
11000     22   2.148438
1          5   0.488281



       count        pct
Rac1                   
0        806  78.710938
00001     91   8.886719
010       43   4.199219
110       29   2.832031
10100     28   2.734375
10001     22   2.148438
1          5   0.488281



       count        pct
RhoA                   
1        824  80.468750
10111     91   8.886719
011       31   3.027344
11010     28   2.734375
010       23   2.246094
10011     22   2.148438
0          5   0.488281



       count        pct
SSH                    
0        888  86.718750
1        114  11.132812
10000     22   2.148438



          count        pct
Thymosin                  
0           402  39.257812
01          330  32.226562
1           292  28.515625



      count        pct
WASP                  
1       377  36.816406
01      330  32.226562
0       303  29.589844
011      14   1.367188



      count    pct
WAVE              
0      1024  100.0



