                                         count        pct
cycle_Actin_BR_norm cycle_Actin_ST_norm                  
1                   1                      366  35.742188
0                   1                      358  34.960938
1101                1101                    78   7.617188
10                  1101                    40   3.906250
0                   0                       32   3.125000
10                  10                      26   2.539062
0001                1101                    26   2.539062
1100                1                       24   2.343750
                    1101                    21   2.050781
0001                1                       12   1.171875
                    0001                    12   1.171875
1101                1                       10   0.976562
1100                0001                     8   0.781250
1101                0001                     6   0.585938
10                  1                        4   0.390625
1                   0                        1   0.097656



