          count        pct
ARHGAP22                  
11011       368  35.937500
01011       222  21.679688
01111       217  21.191406
0           119  11.621094
1            98   9.570312



          count    pct
Actin_BR              
0          1024  100.0



            count        pct
Actin_ST                    
1             413  40.332031
1011111111    265  25.878906
11101         203  19.824219
01110          51   4.980469
11110111       40   3.906250
1111101110     34   3.320312
11101011        8   0.781250
10111010        6   0.585938
00101001        4   0.390625



        count    pct
Arp2_3              
0        1024  100.0



    count    pct
CP              
0    1024  100.0



       count        pct
Cdc42                  
1        514  50.195312
0        510  49.804688



          count        pct
Cofilin                   
0           913  89.160156
1            60   5.859375
00001010     25   2.441406
01101001     14   1.367188
01111000     12   1.171875



         count        pct
Coronin                  
0          905  88.378906
1          119  11.621094



           count        pct
Cortactin                  
00001        368  35.937500
00101        222  21.679688
00100        217  21.191406
0             98   9.570312
10010110      70   6.835938
11100001      49   4.785156



          count        pct
Dia1                      
10111       368  35.937500
10110       222  21.679688
11110       217  21.191406
1            98   9.570312
01011010     70   6.835938
10000111     49   4.785156



          count        pct
Dia2                      
1           563  54.980469
10111       210  20.507812
11011        85   8.300781
10110        68   6.640625
01001011     39   3.808594
10101        34   3.320312
10000111     25   2.441406



            count        pct
Ena_Vasp                    
1             648  63.281250
11101         157  15.332031
1111011111     85   8.300781
01101          51   4.980469
0111111101     34   3.320312
11111101       16   1.562500
00011111       15   1.464844
01             14   1.367188
0               4   0.390625



              count        pct
IRSp53_Cdc42                  
1               514  50.195312
0               510  49.804688



             count        pct
IRSp53_Rac1                  
00001          368  35.937500
00101          222  21.679688
00100          217  21.191406
0               98   9.570312
10010110        70   6.835938
11100001        49   4.785156



      count        pct
LIMK                  
1       905  88.378906
0       119  11.621094



      count    pct
NET1              
0      1024  100.0



          count        pct
PAK                       
1           514  50.195312
00001       210  20.507812
10000        85   8.300781
00101        68   6.640625
0            49   4.785156
11010010     39   3.808594
01001        34   3.320312
11100001     25   2.441406



      count        pct
PIP2                  
0       514  50.195312
1       510  49.804688



       count        pct
PKD                    
11011    368  35.937500
01011    222  21.679688
01111    217  21.191406
0        119  11.621094
1         98   9.570312



            count        pct
Profilin                    
1             421  41.113281
0111111111    299  29.199219
11011         254  24.804688
11101111       50   4.882812



       count        pct
ROCK                   
10111    368  35.937500
10110    222  21.679688
11110    217  21.191406
0        119  11.621094
1         98   9.570312



          count        pct
ROS                       
00001       368  35.937500
00101       222  21.679688
00100       217  21.191406
0            98   9.570312
10010110     70   6.835938
11100001     49   4.785156



          count        pct
Rac1                      
00010       368  35.937500
01010       222  21.679688
01000       217  21.191406
0            98   9.570312
00101101     70   6.835938
11000011     49   4.785156



          count        pct
RhoA                      
01111       368  35.937500
01101       222  21.679688
11101       217  21.191406
1            98   9.570312
10110100     70   6.835938
00001111     49   4.785156



     count        pct
SSH                  
0      905  88.378906
1      119  11.621094



          count        pct
Thymosin                  
0           376  36.718750
10          353  34.472656
1           295  28.808594



          count        pct
WASP                      
10          353  34.472656
1           345  33.691406
0           295  28.808594
11111011     16   1.562500
00111110     15   1.464844



          count        pct
WAVE                      
10001       368  35.937500
10111       222  21.679688
00110       217  21.191406
0            98   9.570312
11011111     70   6.835938
11110001     49   4.785156



