          count        pct
ARHGAP22                  
1           710  69.335938
0           135  13.183594
10111        96   9.375000
01011        72   7.031250
100          11   1.074219



          count        pct
Actin_BR                  
0           747  72.949219
10000        96   9.375000
01001        72   7.031250
011          57   5.566406
100          36   3.515625
1            16   1.562500



           count        pct
Actin_ST                   
1            740  72.265625
11011        168  16.406250
0             43   4.199219
010           36   3.515625
111100000     19   1.855469
101           14   1.367188
11110111       4   0.390625



        count        pct
Arp2_3                  
0         747  72.949219
00001      96   9.375000
10010      72   7.031250
110        57   5.566406
001        36   3.515625
1          16   1.562500



     count        pct
CP                   
0      945  92.285156
011     55   5.371094
1       16   1.562500
100      8   0.781250



       count        pct
Cdc42                  
0        519  50.683594
1        505  49.316406



         count        pct
Cofilin                  
0          915  89.355469
1           73   7.128906
100         28   2.734375
101          8   0.781250



         count        pct
Coronin                  
0          878  85.742188
1          135  13.183594
110         11   1.074219



           count        pct
Cortactin                  
0            710  69.335938
00010         96   9.375000
101           90   8.789062
00101         72   7.031250
111110000     19   1.855469
100           17   1.660156
1             16   1.562500
10000111       4   0.390625



           count        pct
Dia1                       
1            710  69.335938
01111         96   9.375000
10110         72   7.031250
010           63   6.152344
0             44   4.296875
111000011     19   1.855469
011           16   1.562500
00011110       4   0.390625



      count    pct
Dia2              
0      1024  100.0



          count        pct
Ena_Vasp                  
1           951  92.871094
0            62   6.054688
010          11   1.074219



              count        pct
IRSp53_Cdc42                  
0               519  50.683594
1               505  49.316406



             count        pct
IRSp53_Rac1                  
0              710  69.335938
110            101   9.863281
00010           96   9.375000
00101           72   7.031250
111110000       19   1.855469
1               16   1.562500
010              6   0.585938
10000111         4   0.390625



      count        pct
LIMK                  
1       878  85.742188
0       135  13.183594
001      11   1.074219



           count        pct
NET1                       
0            516  50.390625
1            446  43.554688
100           43   4.199219
100000111     19   1.855469



           count        pct
PAK                        
1            516  50.390625
0            446  43.554688
110           43   4.199219
111110000     19   1.855469



      count        pct
PIP2                  
0       525  51.269531
1       499  48.730469



       count        pct
PKD                    
1        710  69.335938
0        135  13.183594
10111     96   9.375000
01011     72   7.031250
100       11   1.074219



           count        pct
Profilin                   
1            827  80.761719
10111        168  16.406250
111111101     19   1.855469
101            6   0.585938
11101111       4   0.390625



       count        pct
ROCK                   
1        710  69.335938
0        135  13.183594
01111     96   9.375000
10110     72   7.031250
001       11   1.074219



           count        pct
ROS                        
0            710  69.335938
110          101   9.863281
00010         96   9.375000
00101         72   7.031250
111110000     19   1.855469
1             16   1.562500
010            6   0.585938
10000111       4   0.390625



           count        pct
Rac1                       
0            710  69.335938
101          101   9.863281
00100         96   9.375000
01010         72   7.031250
111100001     19   1.855469
1             16   1.562500
100            6   0.585938
00001111       4   0.390625



           count        pct
RhoA                       
1            710  69.335938
11110         96   9.375000
01101         72   7.031250
001           58   5.664062
110           49   4.785156
110000111     19   1.855469
0             16   1.562500
00111100       4   0.390625



     count        pct
SSH                  
0      878  85.742188
1      135  13.183594
101     11   1.074219



          count        pct
Thymosin                  
1           915  89.355469
0            73   7.128906
101          28   2.734375
001           8   0.781250



      count    pct
WASP              
0      1024  100.0



           count        pct
WAVE                       
0            710  69.335938
1            117  11.425781
00011         96   9.375000
10111         72   7.031250
111111000     19   1.855469
011            6   0.585938
11000111       4   0.390625



