                    count        pct
Actin_BR Actin_ST                   
0        1            710  69.335938
10000    11011         96   9.375000
01001    11011         72   7.031250
100      1             28   2.734375
011      010           28   2.734375
         0             27   2.636719
0        111100000     19   1.855469
1        0             16   1.562500
0        101           14   1.367188
100      010            8   0.781250
0        11110111       4   0.390625
011      1              2   0.195312



                     count        pct
Rac1      RhoA                       
0         1            710  69.335938
00100     11110         96   9.375000
01010     01101         72   7.031250
101       001           58   5.664062
          110           43   4.199219
111100001 110000111     19   1.855469
1         0             16   1.562500
100       110            6   0.585938
00001111  00111100       4   0.390625



