          count    pct
ARHGAP22              
0          2048  100.0



          count        pct
Actin_BR                  
1          1407  68.701172
011         228  11.132812
100         194   9.472656
110         114   5.566406
0           105   5.126953



          count    pct
Actin_ST              
0          2048  100.0



        count        pct
Arp2_3                  
1        1407  68.701172
110       228  11.132812
001       194   9.472656
101       114   5.566406
0         105   5.126953



        count        pct
CP                      
1        1043  50.927734
0         747  36.474609
10        162   7.910156
010000     78   3.808594
010        18   0.878906



       count        pct
Cdc42                  
0       1045  51.025391
1       1003  48.974609



         count        pct
Cofilin                  
1          976  47.656250
01         404  19.726562
0          364  17.773438
001        178   8.691406
100000      94   4.589844
110         29   1.416016
010100       3   0.146484



         count        pct
Coronin                  
1         1471  71.826172
0          554  27.050781
101         19   0.927734
011          3   0.146484
001          1   0.048828



           count        pct
Cortactin                  
1           1407  68.701172
010          216  10.546875
101          209  10.205078
011          111   5.419922
0            105   5.126953



        count        pct
Dia1                    
0        1872  91.406250
101        79   3.857422
100101     78   3.808594
100        19   0.927734



      count        pct
Dia2                  
1      2047  99.951172
110       1   0.048828



          count        pct
Ena_Vasp                  
1          1674  81.738281
10          162   7.910156
011111      111   5.419922
110          51   2.490234
0            46   2.246094
101011        3   0.146484
001           1   0.048828



              count        pct
IRSp53_Cdc42                  
0              1045  51.025391
1              1003  48.974609



             count        pct
IRSp53_Rac1                  
1             1407  68.701172
101            229  11.181641
010            193   9.423828
011            114   5.566406
0              105   5.126953



      count        pct
LIMK                  
0      1471  71.826172
1       554  27.050781
010      19   0.927734
100       3   0.146484
110       1   0.048828



      count        pct
NET1                  
0      1418  69.238281
001     228  11.132812
110     193   9.423828
010     114   5.566406
1        95   4.638672



     count        pct
PAK                  
1     1418  69.238281
101    228  11.132812
010    193   9.423828
011    114   5.566406
0       95   4.638672



      count        pct
PIP2                  
1      1042  50.878906
0      1006  49.121094



     count        pct
PKD                  
0     1471  71.826172
1      276  13.476562
011    167   8.154297
110    111   5.419922
001     20   0.976562
010      3   0.146484



          count    pct
Profilin              
0          2048  100.0



      count        pct
ROCK                  
0      1471  71.826172
1       276  13.476562
110     167   8.154297
101     111   5.419922
010      20   0.976562
100       3   0.146484



     count        pct
ROS                  
1     1407  68.701172
101    229  11.181641
010    193   9.423828
011    114   5.566406
0      105   5.126953



      count        pct
Rac1                  
1      1407  68.701172
011     229  11.181641
100     193   9.423828
110     114   5.566406
0       105   5.126953



      count        pct
RhoA                  
0      1407  68.701172
1       298  14.550781
101     228  11.132812
011     114   5.566406
100       1   0.048828



     count        pct
SSH                  
1     1471  71.826172
0      554  27.050781
011     19   0.927734
110      3   0.146484
010      1   0.048828



          count        pct
Thymosin                  
0          1232  60.156250
01          404  19.726562
1           240  11.718750
10          172   8.398438



        count        pct
WASP                    
1        1112  54.296875
01        404  19.726562
0         249  12.158203
10        114   5.566406
011       111   5.419922
001010     58   2.832031



      count        pct
WAVE                  
1      1750  85.449219
011     193   9.423828
0       105   5.126953



