          count    pct
ARHGAP22              
0          1024  100.0



          count        pct
Actin_BR                  
1           585  57.128906
100         207  20.214844
110         164  16.015625
0            68   6.640625



          count        pct
Actin_ST                  
1           776  75.781250
001         120  11.718750
0            70   6.835938
101          54   5.273438
01            4   0.390625



        count        pct
Arp2_3                  
1         585  57.128906
001       207  20.214844
101       164  16.015625
0          68   6.640625



    count        pct
CP                  
1     521  50.878906
0     473  46.191406
10     30   2.929688



       count        pct
Cdc42                  
1        523  51.074219
0        501  48.925781



         count        pct
Cofilin                  
1          714  69.726562
110        197  19.238281
10          82   8.007812
0           31   3.027344



         count        pct
Coronin                  
1          972  94.921875
01          31   3.027344
0           21   2.050781



           count        pct
Cortactin                  
1            585  57.128906
010          207  20.214844
011          164  16.015625
0             68   6.640625



      count        pct
Dia1                  
0       937  91.503906
001      87   8.496094



      count        pct
Dia2                  
1       635  62.011719
011     371  36.230469
0        18   1.757812



          count        pct
Ena_Vasp                  
1           823  80.371094
011         120  11.718750
0            51   4.980469
10           30   2.929688



              count        pct
IRSp53_Cdc42                  
1               523  51.074219
0               501  48.925781



             count        pct
IRSp53_Rac1                  
1              585  57.128906
010            207  20.214844
011            164  16.015625
0               68   6.640625



      count        pct
LIMK                  
0       972  94.921875
10       31   3.027344
1        21   2.050781



      count        pct
NET1                  
0       603  58.886719
110     207  20.214844
010     164  16.015625
1        50   4.882812



     count        pct
PAK                  
1      603  58.886719
010    207  20.214844
011    164  16.015625
0       50   4.882812



      count       pct
PIP2                 
0       520  50.78125
1       504  49.21875



     count    pct
PKD              
0     1024  100.0



          count        pct
Profilin                  
1           833  81.347656
011         120  11.718750
0            67   6.542969
10            4   0.390625



      count        pct
ROCK                  
0       986  96.289062
1        38   3.710938



     count        pct
ROS                  
1      585  57.128906
010    207  20.214844
011    164  16.015625
0       68   6.640625



      count        pct
Rac1                  
1       585  57.128906
100     207  20.214844
110     164  16.015625
0        68   6.640625



      count        pct
RhoA                  
0       767  74.902344
010     207  20.214844
1        50   4.882812



     count        pct
SSH                  
1      972  94.921875
10      31   3.027344
0       21   2.050781



          count        pct
Thymosin                  
0           911  88.964844
10           82   8.007812
1            31   3.027344



      count        pct
WASP                  
1       779  76.074219
110     120  11.718750
0        67   6.542969
10       58   5.664062



      count        pct
WAVE                  
1       749  73.144531
011     207  20.214844
0        68   6.640625



