                   count        pct
Actin_BR Actin_ST                  
1        0           263  25.683594
         1           247  24.121094
000100   011101       79   7.714844
         1            77   7.519531
011      1            70   6.835938
         010          61   5.957031
001      1            53   5.175781
         011          49   4.785156
011010   010          36   3.515625
         1            27   2.636719
100010   100010       26   2.539062
         1            20   1.953125
10       10            6   0.585938
0        1             6   0.585938
10       1             4   0.390625



               count        pct
Rac1   RhoA                    
1      0         510  49.804688
100000 111011    156  15.234375
011    100       131  12.792969
001    110       102   9.960938
010011 100101     63   6.152344
010100 011101     46   4.492188
01     01         10   0.976562
0      1           6   0.585938



