                   count        pct
Actin_BR Actin_ST                  
1        0           522  50.976562
010      0           244  23.828125
000100   0           159  15.527344
101      0            88   8.593750
0        0            11   1.074219



               count        pct
Rac1   RhoA                    
1      0         522  50.976562
010    001       244  23.828125
100000 110011    159  15.527344
101    0          88   8.593750
0      1           7   0.683594
       0           4   0.390625



