                     count        pct
Actin_BR Actin_ST                    
0        1             399  38.964844
         01111         208  20.312500
         1110111111    199  19.433594
         00110          61   5.957031
         0101111111     39   3.808594
         01111111       35   3.417969
         1011101011     33   3.222656
         10101111       15   1.464844
         01010111       14   1.367188
         01101           8   0.781250
         01              4   0.390625
         00011110        3   0.292969
         00000111        3   0.292969
         10010110        2   0.195312
         01000000        1   0.097656



                   count        pct
Rac1     RhoA                      
10000    11011       423  41.308594
00010    01111       199  19.433594
01001    10101       147  14.355469
00111100 11110000     86   8.398438
10100    11010        72   7.031250
00101101 10110100     69   6.738281
0        1            28   2.734375



