          count    pct
ARHGAP22              
0          1024  100.0



          count        pct
Actin_BR                  
0           398  38.867188
1           389  37.988281
010         202  19.726562
011          35   3.417969



          count        pct
Actin_ST                  
0           416  40.625000
1           261  25.488281
10          196  19.140625
010         151  14.746094



        count        pct
Arp2_3                  
0         398  38.867188
1         389  37.988281
100       202  19.726562
110        35   3.417969



     count        pct
CP                   
0      632  61.718750
1      241  23.535156
010    136  13.281250
011     15   1.464844



       count        pct
Cdc42                  
0        514  50.195312
1        510  49.804688



         count        pct
Cofilin                  
1          646  63.085938
0          190  18.554688
01         188  18.359375



         count        pct
Coronin                  
1          798  77.929688
0          153  14.941406
01          73   7.128906



           count    pct
Cortactin              
0           1024  100.0



      count    pct
Dia1              
0      1024  100.0



      count        pct
Dia2                  
0       514  50.195312
1       510  49.804688



          count        pct
Ena_Vasp                  
1           626  61.132812
100         136  13.281250
0           136  13.281250
01          111  10.839844
110          15   1.464844



              count        pct
IRSp53_Cdc42                  
0               514  50.195312
1               510  49.804688



             count        pct
IRSp53_Rac1                  
0              398  38.867188
1              389  37.988281
001            202  19.726562
101             35   3.417969



      count        pct
LIMK                  
0       979  95.605469
1        28   2.734375
01       17   1.660156



      count    pct
NET1              
0      1024  100.0



     count        pct
PAK                  
1      515  50.292969
0      272  26.562500
001    202  19.726562
101     35   3.417969



      count        pct
PIP2                  
0       524  51.171875
1       500  48.828125



     count    pct
PKD              
0     1024  100.0



          count        pct
Profilin                  
1           517  50.488281
01          196  19.140625
0           175  17.089844
110         136  13.281250



      count    pct
ROCK              
0      1024  100.0



     count        pct
ROS                  
0      398  38.867188
1      389  37.988281
001    202  19.726562
101     35   3.417969



      count        pct
Rac1                  
0       398  38.867188
1       389  37.988281
010     202  19.726562
011      35   3.417969



      count    pct
RhoA              
0      1024  100.0



     count        pct
SSH                  
1      798  77.929688
0      153  14.941406
10      73   7.128906



          count        pct
Thymosin                  
0           671  65.527344
01          223  21.777344
1           130  12.695312



      count        pct
WASP                  
1       502  49.023438
10      196  19.140625
0       175  17.089844
001     136  13.281250
101      15   1.464844



      count        pct
WAVE                  
1       424  41.406250
0       398  38.867188
101     202  19.726562



