                   count        pct
Actin_BR Actin_ST                  
1        0           241  23.535156
0        10          196  19.140625
         0           175  17.089844
1        1           148  14.453125
010      010         136  13.281250
         1            66   6.445312
0        1            27   2.636719
011      1            20   1.953125
         010          15   1.464844



           count        pct
Rac1 RhoA                  
0    0       398  38.867188
1    0       389  37.988281
010  0       202  19.726562
011  0        35   3.417969



