          count        pct
ARHGAP22                  
1          1482  72.363281
01111       260  12.695312
0           174   8.496094
11010        61   2.978516
01011        47   2.294922
             19   0.927734
001           5   0.244141



          count        pct
Actin_BR                  
0          2029  99.072266
             19   0.927734



          count        pct
Actin_ST                  
0          2029  99.072266
             19   0.927734



        count        pct
Arp2_3                  
0        2029  99.072266
           19   0.927734



    count        pct
CP                  
1    1017  49.658203
0    1012  49.414062
       19   0.927734



       count        pct
Cdc42                  
0       1033  50.439453
1        996  48.632812
          19   0.927734



           count        pct
Cofilin                    
0           1863  90.966797
1             92   4.492188
01000001      27   1.318359
000001111     24   1.171875
              19   0.927734
11110000      15   0.732422
01101001       5   0.244141
001            2   0.097656
001000         1   0.048828



         count        pct
Coronin                  
0         1850  90.332031
1          174   8.496094
            19   0.927734
101          5   0.244141



           count        pct
Cortactin                  
0           1574  76.855469
00100        260  12.695312
01001         61   2.978516
00101         47   2.294922
111100001     27   1.318359
00011110      27   1.318359
00101101      25   1.220703
              19   0.927734
001            5   0.244141
101            3   0.146484



           count        pct
Dia1                       
0           1017  49.658203
1            557  27.197266
11110        260  12.695312
10101         61   2.978516
10110         47   2.294922
110000111     27   1.318359
01111000      27   1.318359
10110100      25   1.220703
              19   0.927734
110            8   0.390625



           count        pct
Dia2                       
1           1582  77.246094
11110        368  17.968750
111100111     27   1.318359
01111110      27   1.318359
10111101      25   1.220703
              19   0.927734



          count        pct
Ena_Vasp                  
1          1976  96.484375
0            47   2.294922
             19   0.927734
110101        5   0.244141
01            1   0.048828



              count        pct
IRSp53_Cdc42                  
0              1033  50.439453
1               996  48.632812
                 19   0.927734



             count        pct
IRSp53_Rac1                  
0             1574  76.855469
00100          260  12.695312
01001           61   2.978516
00101           47   2.294922
111100001       27   1.318359
00011110        27   1.318359
00101101        25   1.220703
                19   0.927734
101              8   0.390625



      count        pct
LIMK                  
1      1850  90.332031
0       174   8.496094
         19   0.927734
010       5   0.244141



           count        pct
NET1                       
1            998  48.730469
0            996  48.632812
000001111     27   1.318359
              19   0.927734
001            8   0.390625



           count        pct
PAK                        
0            998  48.730469
1            996  48.632812
111100001     27   1.318359
              19   0.927734
101            8   0.390625



      count        pct
PIP2                  
0      1017  49.658203
1      1012  49.414062
         19   0.927734



       count        pct
PKD                    
1       1482  72.363281
01111    260  12.695312
0        174   8.496094
11010     61   2.978516
01011     47   2.294922
          19   0.927734
001        5   0.244141



          count        pct
Profilin                  
0          2029  99.072266
             19   0.927734



       count        pct
ROCK                   
1       1482  72.363281
11110    260  12.695312
0        174   8.496094
10101     61   2.978516
10110     47   2.294922
          19   0.927734
010        5   0.244141



           count        pct
ROS                        
0           1574  76.855469
00100        260  12.695312
01001         61   2.978516
00101         47   2.294922
111100001     27   1.318359
00011110      27   1.318359
00101101      25   1.220703
              19   0.927734
101            8   0.390625



           count        pct
Rac1                       
0           1574  76.855469
01000        260  12.695312
10010         61   2.978516
01010         47   2.294922
111000011     27   1.318359
00111100      27   1.318359
01011010      25   1.220703
              19   0.927734
011            8   0.390625



           count        pct
RhoA                       
1           1574  76.855469
11101        260  12.695312
01011         61   2.978516
01101         47   2.294922
11110000      27   1.318359
100001111     27   1.318359
01101001      25   1.220703
              19   0.927734
101            8   0.390625



     count        pct
SSH                  
0     1850  90.332031
1      174   8.496094
        19   0.927734
011      5   0.244141



          count        pct
Thymosin                  
0           735  35.888672
01          675  32.958984
1           613  29.931641
             19   0.927734
10            6   0.292969



      count        pct
WASP                  
1       691  33.740234
01      675  32.958984
0       657  32.080078
         19   0.927734
10        6   0.292969



           count        pct
WAVE                       
0           1574  76.855469
00110        260  12.695312
11101         61   2.978516
10111         47   2.294922
111110001     27   1.318359
00011111      27   1.318359
10111111      25   1.220703
              19   0.927734
1              8   0.390625



