                   count        pct
Actin_BR Actin_ST                  
0        0          2029  99.072266
                      19   0.927734



                     count        pct
Rac1      RhoA                       
0         1           1574  76.855469
01000     11101        260  12.695312
10010     01011         61   2.978516
01010     01101         47   2.294922
111000011 100001111     27   1.318359
00111100  11110000      27   1.318359
01011010  01101001      25   1.220703
                        19   0.927734
011       101            8   0.390625



