          count        pct
ARHGAP22                  
1          1469  71.728516
10111       278  13.574219
0           182   8.886719
10101       116   5.664062
001           3   0.146484



          count    pct
Actin_BR              
0          2048  100.0



          count        pct
Actin_ST                  
1          1528  74.609375
0           520  25.390625



        count    pct
Arp2_3              
0        2048  100.0



    count        pct
CP                  
1    1047  51.123047
0    1001  48.876953



       count        pct
Cdc42                  
1       1046  51.074219
0       1002  48.925781



           count        pct
Cofilin                    
0           1866  91.113281
1             77   3.759766
100000111     46   2.246094
01101001      36   1.757812
11110000      22   1.074219
010            1   0.048828



         count        pct
Coronin                  
0         1863  90.966797
1          182   8.886719
101          3   0.146484



           count        pct
Cortactin                  
0           1546  75.488281
00010        278  13.574219
10010        116   5.664062
111110000     46   2.246094
00101101      36   1.757812
00011110      22   1.074219
001            3   0.146484
011            1   0.048828



           count        pct
Dia1                       
0           1047  51.123047
1            499  24.365234
01111        278  13.574219
01011        116   5.664062
111000011     46   2.246094
10110100      36   1.757812
01111000      22   1.074219
110            4   0.195312



           count        pct
Dia2                       
1           1550  75.683594
01111        394  19.238281
111110011     46   2.246094
10111101      36   1.757812
01111110      22   1.074219



          count        pct
Ena_Vasp                  
1          2010  98.144531
0            38   1.855469



              count        pct
IRSp53_Cdc42                  
1              1046  51.074219
0              1002  48.925781



             count        pct
IRSp53_Rac1                  
0             1546  75.488281
00010          278  13.574219
10010          116   5.664062
111110000       46   2.246094
00101101        36   1.757812
00011110        22   1.074219
101              4   0.195312



      count        pct
LIMK                  
1      1863  90.966797
0       182   8.886719
010       3   0.146484



           count        pct
NET1                       
0           1046  51.074219
1            952  46.484375
100000111     46   2.246094
001            4   0.195312



           count        pct
PAK                        
1           1046  51.074219
0            952  46.484375
111110000     46   2.246094
101            4   0.195312



      count        pct
PIP2                  
0      1047  51.123047
1      1001  48.876953



       count        pct
PKD                    
1       1469  71.728516
10111    278  13.574219
0        182   8.886719
10101    116   5.664062
001        3   0.146484



          count        pct
Profilin                  
1          1528  74.609375
0           520  25.390625



       count        pct
ROCK                   
1       1469  71.728516
01111    278  13.574219
0        182   8.886719
01011    116   5.664062
010        3   0.146484



           count        pct
ROS                        
0           1546  75.488281
00010        278  13.574219
10010        116   5.664062
111110000     46   2.246094
00101101      36   1.757812
00011110      22   1.074219
101            4   0.195312



           count        pct
Rac1                       
0           1546  75.488281
00100        278  13.574219
00101        116   5.664062
111100001     46   2.246094
01011010      36   1.757812
00111100      22   1.074219
011            4   0.195312



           count        pct
RhoA                       
1           1546  75.488281
11110        278  13.574219
10110        116   5.664062
110000111     46   2.246094
01101001      36   1.757812
11110000      22   1.074219
101            4   0.195312



     count        pct
SSH                  
0     1863  90.966797
1      182   8.886719
011      3   0.146484



          count    pct
Thymosin              
0          2048  100.0



      count        pct
WASP                  
1      1528  74.609375
0       520  25.390625



           count        pct
WAVE                       
0           1546  75.488281
00011        278  13.574219
11011        116   5.664062
111111000     46   2.246094
10111111      36   1.757812
00011111      22   1.074219
1              4   0.195312



