          count        pct
ARHGAP22                  
0           680  66.406250
010         179  17.480469
1           100   9.765625
110011       65   6.347656



          count        pct
Actin_BR                  
1           502  49.023438
100         129  12.597656
010         115  11.230469
0           112  10.937500
101         101   9.863281
010000       65   6.347656



          count    pct
Actin_ST              
0          1024  100.0



        count        pct
Arp2_3                  
1         502  49.023438
001       129  12.597656
100       115  11.230469
0         112  10.937500
011       101   9.863281
100000     65   6.347656



        count        pct
CP                      
1         519  50.683594
0         444  43.359375
010000     46   4.492188
010        11   1.074219
10          4   0.390625



       count        pct
Cdc42                  
0        523  51.074219
1        501  48.925781



         count        pct
Cofilin                  
1          560  54.687500
0          280  27.343750
110         79   7.714844
010000      69   6.738281
01          30   2.929688
010          6   0.585938



         count        pct
Coronin                  
1          669  65.332031
0          352  34.375000
01           3   0.292969



           count        pct
Cortactin                  
1            502  49.023438
010          129  12.597656
001          115  11.230469
0            112  10.937500
110          101   9.863281
000001        65   6.347656



        count        pct
Dia1                    
0         826  80.664062
001        79   7.714844
100111     65   6.347656
100        46   4.492188
1           8   0.781250



        count        pct
Dia2                    
1         603  58.886719
011       230  22.460938
101       115  11.230469
100111     65   6.347656
0          11   1.074219



          count        pct
Ena_Vasp                  
1           806  78.710938
011101      115  11.230469
111011       36   3.515625
011          36   3.515625
001          19   1.855469
001111        7   0.683594
10            4   0.390625
0             1   0.097656



              count        pct
IRSp53_Cdc42                  
0               523  51.074219
1               501  48.925781



             count    pct
IRSp53_Rac1              
0             1024  100.0



        count        pct
LIMK                    
0         669  65.332031
1         287  28.027344
111011     65   6.347656
10          3   0.292969



        count        pct
NET1                    
0         513  50.097656
110       129  12.597656
011       115  11.230469
100       101   9.863281
1         101   9.863281
011111     65   6.347656



        count        pct
PAK                     
1         513  50.097656
010       129  12.597656
001       115  11.230469
110       101   9.863281
0         101   9.863281
000001     65   6.347656



      count        pct
PIP2                  
0       519  50.683594
1       505  49.316406



        count        pct
PKD                     
0         680  66.406250
010       179  17.480469
1         100   9.765625
110011     65   6.347656



          count    pct
Profilin              
0          1024  100.0



        count        pct
ROCK                    
0         680  66.406250
100       179  17.480469
1         100   9.765625
100111     65   6.347656



        count        pct
ROS                     
1         502  49.023438
010       129  12.597656
001       115  11.230469
0         112  10.937500
110       101   9.863281
000001     65   6.347656



        count        pct
Rac1                    
1         502  49.023438
100       129  12.597656
010       115  11.230469
0         112  10.937500
101       101   9.863281
000010     65   6.347656



        count        pct
RhoA                    
0         614  59.960938
010       129  12.597656
001       115  11.230469
1         101   9.863281
001111     65   6.347656



     count        pct
SSH                  
1      669  65.332031
0      352  34.375000
10       3   0.292969



          count       pct
Thymosin                 
0           712  69.53125
01          184  17.96875
1           128  12.50000



        count        pct
WASP                    
1         669  65.332031
0         129  12.597656
01        115  11.230469
000101     69   6.738281
110        42   4.101562



        count        pct
WAVE                    
1         502  49.023438
010       129  12.597656
001       115  11.230469
0         112  10.937500
110       101   9.863281
000001     65   6.347656



