          count        pct
ARHGAP22                  
1          1886  92.089844
0           162   7.910156



          count        pct
Actin_BR                  
0          1289  62.939453
1           591  28.857422
10          136   6.640625
100          17   0.830078
110          15   0.732422



          count        pct
Actin_ST                  
0          1008  49.218750
1           899  43.896484
10          141   6.884766



        count        pct
Arp2_3                  
0        1289  62.939453
1         591  28.857422
01        136   6.640625
001        17   0.830078
101        15   0.732422



    count        pct
CP                  
0    1026  50.097656
1    1017  49.658203
01      5   0.244141



       count        pct
Cdc42                  
1       1037  50.634766
0       1011  49.365234



         count        pct
Cofilin                  
0         1449  70.751953
1          440  21.484375
10         159   7.763672



         count        pct
Coronin                  
0         1886  92.089844
1          162   7.910156



           count        pct
Cortactin                  
0           1895  92.529297
1            121   5.908203
010           17   0.830078
011           15   0.732422



      count        pct
Dia1                  
1      1026  50.097656
0      1017  49.658203
01        5   0.244141



      count    pct
Dia2              
0      2048  100.0



          count        pct
Ena_Vasp                  
1          2019  98.583984
101          17   0.830078
0             7   0.341797
01            5   0.244141



              count        pct
IRSp53_Cdc42                  
1              1037  50.634766
0              1011  49.365234



             count        pct
IRSp53_Rac1                  
0             1895  92.529297
1              121   5.908203
010             17   0.830078
011             15   0.732422



      count        pct
LIMK                  
1      1886  92.089844
0       162   7.910156



      count        pct
NET1                  
0      1070  52.246094
1       946  46.191406
110      17   0.830078
010      15   0.732422



     count        pct
PAK                  
1     1070  52.246094
0      946  46.191406
010     17   0.830078
011     15   0.732422



      count        pct
PIP2                  
1      1031  50.341797
0      1017  49.658203



     count        pct
PKD                  
1     1886  92.089844
0      162   7.910156



          count        pct
Profilin                  
1          1267  61.865234
0           628  30.664062
01          136   6.640625
101          17   0.830078



      count        pct
ROCK                  
1      1886  92.089844
0       162   7.910156



     count    pct
ROS              
0     2048  100.0



      count        pct
Rac1                  
0      1895  92.529297
1       121   5.908203
100      17   0.830078
110      15   0.732422



      count    pct
RhoA              
1      2048  100.0



     count        pct
SSH                  
0     1886  92.089844
1      162   7.910156



          count        pct
Thymosin                  
0           806  39.355469
1           625  30.517578
01          617  30.126953



      count        pct
WASP                  
1       782  38.183594
0       632  30.859375
01      617  30.126953
011      17   0.830078



      count        pct
WAVE                  
0      1895  92.529297
1       136   6.640625
011      17   0.830078



