                                         count        pct
cycle_Actin_BR_norm cycle_Actin_ST_norm                  
0                   0                      242  23.632812
                    1                      203  19.824219
1                   1                      189  18.457031
                    1101                   151  14.746094
0011                1101                    30   2.929688
01                  10                      29   2.832031
0010                1101                    27   2.636719
01                  1101                    25   2.441406
0010                0001                    24   2.343750
110                 101                     20   1.953125
0010                10                      17   1.660156
0011                10                      14   1.367188
1101                1101                    14   1.367188
1                   10                      13   1.269531
0                   11110                    9   0.878906
1101                1                        8   0.781250
0                   00100                    6   0.585938
100000              111101                   3   0.292969



