          count        pct
ARHGAP22                  
0           685  66.894531
111100      181  17.675781
010         150  14.648438
1             8   0.781250



          count        pct
Actin_BR                  
1           259  25.292969
010         239  23.339844
011         197  19.238281
000100      181  17.675781
0            77   7.519531
001          49   4.785156
110          22   2.148438



           count        pct
Actin_ST                   
010          415  40.527344
0            302  29.492188
011100       181  17.675781
001011        49   4.785156
010000        43   4.199219
011100000     24   2.343750
1              8   0.781250
01             2   0.195312



        count        pct
Arp2_3                  
1         259  25.292969
100       239  23.339844
110       197  19.238281
001000    181  17.675781
0          77   7.519531
010        49   4.785156
101        22   2.148438



        count        pct
CP                      
1         259  25.292969
010       239  23.339844
011       197  19.238281
000100    181  17.675781
0          77   7.519531
001        49   4.785156
110        22   2.148438



       count        pct
Cdc42                  
1        524  51.171875
0        500  48.828125



         count    pct
Cofilin              
0         1024  100.0



         count        pct
Coronin                  
1          650  63.476562
0          359  35.058594
10          15   1.464844



           count        pct
Cortactin                  
1            259  25.292969
001          239  23.339844
101          197  19.238281
010000       181  17.675781
0             53   5.175781
100           49   4.785156
011110000     24   2.343750
011           22   2.148438



           count        pct
Dia1                       
0            596  58.203125
100          215  20.996094
111001       181  17.675781
111000001     24   2.343750
1              8   0.781250



           count        pct
Dia2                       
1            532  51.953125
100          215  20.996094
111001       181  17.675781
0             72   7.031250
111000001     24   2.343750



          count        pct
Ena_Vasp                  
1           560  54.687500
011110      181  17.675781
001         150  14.648438
0            89   8.691406
10           44   4.296875



              count        pct
IRSp53_Cdc42                  
1               524  51.171875
0               500  48.828125



             count        pct
IRSp53_Rac1                  
1              259  25.292969
001            239  23.339844
101            197  19.238281
010000         181  17.675781
0               53   5.175781
100             49   4.785156
011110000       24   2.343750
011             22   2.148438



        count        pct
LIMK                    
0         650  63.476562
111110    181  17.675781
1         178  17.382812
01         15   1.464844



           count        pct
NET1                       
0            531  51.855469
011          215  20.996094
110111       181  17.675781
001           43   4.199219
110000111     24   2.343750
010           22   2.148438
1              8   0.781250



           count        pct
PAK                        
1            531  51.855469
001          215  20.996094
010000       181  17.675781
101           43   4.199219
011110000     24   2.343750
011           22   2.148438
0              8   0.781250



      count    pct
PIP2              
0      1024  100.0



        count        pct
PKD                     
0         685  66.894531
111100    181  17.675781
010       150  14.648438
1           8   0.781250



           count        pct
Profilin                   
1            486  47.460938
110          239  23.339844
111100       181  17.675781
011111        49   4.785156
0             43   4.199219
111111100     24   2.343750
10             2   0.195312



        count        pct
ROCK                    
0         685  66.894531
111001    181  17.675781
100       150  14.648438
1           8   0.781250



           count        pct
ROS                        
1            259  25.292969
001          239  23.339844
101          197  19.238281
010000       181  17.675781
0             53   5.175781
100           49   4.785156
011110000     24   2.343750
011           22   2.148438



           count        pct
Rac1                       
1            259  25.292969
010          239  23.339844
011          197  19.238281
100000       181  17.675781
0             53   5.175781
001           49   4.785156
111100000     24   2.343750
110           22   2.148438



           count        pct
RhoA                       
0            596  58.203125
001          215  20.996094
110011       181  17.675781
110000011     24   2.343750
1              8   0.781250



     count        pct
SSH                  
1      650  63.476562
0      359  35.058594
01      15   1.464844



          count        pct
Thymosin                  
1           495  48.339844
01          295  28.808594
0           234  22.851562



      count        pct
WASP                  
0       495  48.339844
01      295  28.808594
1       234  22.851562



           count        pct
WAVE                       
1            478  46.679688
101          239  23.339844
011000       181  17.675781
0             53   5.175781
110           49   4.785156
011111000     24   2.343750



