          count        pct
ARHGAP22                  
1          1281  62.548828
0           218  10.644531
11011       168   8.203125
01111       155   7.568359
01011        79   3.857422
01101        55   2.685547
11001        50   2.441406
             35   1.708984
010           5   0.244141
100           2   0.097656



            count        pct
Actin_BR                    
0            1060  51.757812
1             332  16.210938
01            244  11.914062
0000100101    155   7.568359
101            94   4.589844
0010110101     55   2.685547
               35   1.708984
00001          34   1.660156
00101          19   0.927734
0010000001     13   0.634766
001             7   0.341797



            count        pct
Actin_ST                    
1             789  38.525391
0             694  33.886719
01            273  13.330078
10111         155   7.568359
10110          55   2.685547
               35   1.708984
100            32   1.562500
0001111100     13   0.634766
110             2   0.097656



            count        pct
Arp2_3                      
0            1060  51.757812
1             332  16.210938
10            244  11.914062
0001001010    155   7.568359
011            94   4.589844
0101101010     55   2.685547
               35   1.708984
00010          34   1.660156
01010          19   0.927734
0100000010     13   0.634766
010             7   0.341797



            count        pct
CP                          
1            1025  50.048828
0             975  47.607422
               35   1.708984
0000000001     13   0.634766



       count        pct
Cdc42                  
1       1047  51.123047
0        966  47.167969
          35   1.708984



         count        pct
Cofilin                  
0         2013  98.291016
            35   1.708984



         count        pct
Coronin                  
0         1738  84.863281
1          218  10.644531
10000       50   2.441406
            35   1.708984
011          5   0.244141
110          2   0.097656



            count        pct
Cortactin                   
0            1350  65.917969
00001         168   8.203125
00100         155   7.568359
110            95   4.638672
00101          79   3.857422
10100          55   2.685547
10001          50   2.441406
               35   1.708984
1              27   1.318359
1001111100     13   0.634766
100            11   0.537109
00101101        5   0.244141
011111000       4   0.195312
00111100        1   0.048828



            count        pct
Dia1                        
0            1047  51.123047
1             477  23.291016
11110         155   7.568359
01111         102   4.980469
010            65   3.173828
11010          55   2.685547
10110          52   2.539062
               35   1.708984
10011          28   1.367188
0111110000     13   0.634766
101             7   0.341797
10110100        5   0.244141
111100001       4   0.195312
011             2   0.097656
11110000        1   0.048828



            count        pct
Dia2                        
1            1396  68.164062
10111         247  12.060547
11110         210  10.253906
110            87   4.248047
10011          50   2.441406
               35   1.708984
1111111100     13   0.634766
10111101        5   0.244141
111111001       4   0.195312
11111100        1   0.048828



          count        pct
Ena_Vasp                  
1          1957  95.556641
0            39   1.904297
             35   1.708984
01           13   0.634766
010111        2   0.097656
010           2   0.097656



              count        pct
IRSp53_Cdc42                  
1              1047  51.123047
0               966  47.167969
                 35   1.708984



             count        pct
IRSp53_Rac1                  
0             1350  65.917969
00001          168   8.203125
00100          155   7.568359
110            102   4.980469
00101           79   3.857422
10100           55   2.685547
10001           50   2.441406
                35   1.708984
1               27   1.318359
1001111100      13   0.634766
00101101         5   0.244141
100              4   0.195312
011111000        4   0.195312
00111100         1   0.048828



       count        pct
LIMK                   
1       1738  84.863281
0        218  10.644531
01111     50   2.441406
          35   1.708984
100        5   0.244141
001        2   0.097656



            count        pct
NET1                        
0            1064  51.953125
1             913  44.580078
               35   1.708984
010            17   0.830078
1011000001     13   0.634766
110000011       4   0.195312
100             2   0.097656



            count        pct
PAK                         
1            1064  51.953125
0             913  44.580078
               35   1.708984
011            17   0.830078
1001111100     13   0.634766
011111000       4   0.195312
110             2   0.097656



      count        pct
PIP2                  
0      1025  50.048828
1       988  48.242188
         35   1.708984



       count        pct
PKD                    
1       1281  62.548828
0        218  10.644531
11011    168   8.203125
01111    155   7.568359
01011     79   3.857422
01101     55   2.685547
11001     50   2.441406
          35   1.708984
010        5   0.244141
100        2   0.097656



            count        pct
Profilin                    
1             789  38.525391
0             694  33.886719
10            273  13.330078
01111         155   7.568359
01101          55   2.685547
               35   1.708984
001            32   1.562500
0011111000     13   0.634766
101             2   0.097656



       count        pct
ROCK                   
1       1281  62.548828
0        218  10.644531
10111    168   8.203125
11110    155   7.568359
10110     79   3.857422
11010     55   2.685547
10011     50   2.441406
          35   1.708984
100        5   0.244141
001        2   0.097656



            count        pct
ROS                         
0            1350  65.917969
00001         168   8.203125
00100         155   7.568359
110           102   4.980469
00101          79   3.857422
10100          55   2.685547
10001          50   2.441406
               35   1.708984
1              27   1.318359
1001111100     13   0.634766
00101101        5   0.244141
100             4   0.195312
011111000       4   0.195312
00111100        1   0.048828



            count        pct
Rac1                        
0            1350  65.917969
00010         168   8.203125
01000         155   7.568359
101           102   4.980469
01010          79   3.857422
01001          55   2.685547
00011          50   2.441406
               35   1.708984
1              27   1.318359
0011111001     13   0.634766
01011010        5   0.244141
111110000       4   0.195312
001             4   0.195312
01111000        1   0.048828



            count        pct
RhoA                        
1            1350  65.917969
01111         168   8.203125
11101         155   7.568359
100            83   4.052734
01101          79   3.857422
10101          55   2.685547
00111          50   2.441406
               35   1.708984
0              27   1.318359
101            21   1.025391
1111100001     13   0.634766
01101001        5   0.244141
111000011       4   0.195312
110             2   0.097656
11100001        1   0.048828



       count        pct
SSH                    
0       1738  84.863281
1        218  10.644531
00001     50   2.441406
          35   1.708984
110        5   0.244141
101        2   0.097656



          count        pct
Thymosin                  
01          767  37.451172
1           694  33.886719
0           552  26.953125
             35   1.708984



      count        pct
WASP                  
01      767  37.451172
0       694  33.886719
1       552  26.953125
         35   1.708984



      count        pct
WAVE                  
0      2013  98.291016
         35   1.708984



