                       count        pct
Actin_BR   Actin_ST                    
0          0             641  31.298828
           1             388  18.945312
1          1             332  16.210938
01         01            244  11.914062
0000100101 10111         155   7.568359
101        1              62   3.027344
0010110101 10110          55   2.685547
                          35   1.708984
00001      0              34   1.660156
101        100            32   1.562500
0          01             29   1.416016
00101      0              19   0.927734
0010000001 0001111100     13   0.634766
001        1               7   0.341797
0          110             2   0.097656



                       count        pct
Rac1       RhoA                        
0          1            1350  65.917969
00010      01111         168   8.203125
01000      11101         155   7.568359
101        100            83   4.052734
01010      01101          79   3.857422
01001      10101          55   2.685547
00011      00111          50   2.441406
                          35   1.708984
1          0              27   1.318359
101        101            17   0.830078
0011111001 1111100001     13   0.634766
01011010   01101001        5   0.244141
111110000  111000011       4   0.195312
001        101             4   0.195312
101        110             2   0.097656
01111000   11100001        1   0.048828



