                   count        pct
Actin_BR Actin_ST                  
0        0           928  45.312500
1        1           363  17.724609
         10111       257  12.548828
01       01          247  12.060547
1        10011       142   6.933594
110      1            57   2.783203
010      011          41   2.001953
110      011          12   0.585938
0        1             1   0.048828



             count        pct
Rac1  RhoA                   
0     1       1332  65.039062
1     0        207  10.107422
00100 11110    177   8.642578
00110 01110    105   5.126953
10100 11010     80   3.906250
110   011       69   3.369141
010   1         41   2.001953
00111 00110     37   1.806641



