          count    pct
ARHGAP22              
0          1024  100.0



          count        pct
Actin_BR                  
1           747  72.949219
110         237  23.144531
0            40   3.906250



           count        pct
Actin_ST                   
0            438  42.773438
1            369  36.035156
100          177  17.285156
000001111     21   2.050781
11110111      15   1.464844
101            4   0.390625



        count        pct
Arp2_3                  
1         747  72.949219
101       237  23.144531
0          40   3.906250



     count        pct
CP                   
0      409  39.941406
1      344  33.593750
110    177  17.285156
01      94   9.179688



       count        pct
Cdc42                  
1        531  51.855469
0        493  48.144531



         count        pct
Cofilin                  
1          745  72.753906
10         179  17.480469
011         60   5.859375
0           40   3.906250



         count    pct
Coronin              
1         1024  100.0



           count        pct
Cortactin                  
1            747  72.949219
011          241  23.535156
100001111     21   2.050781
10000111      15   1.464844



           count        pct
Dia1                       
0            747  72.949219
100          177  17.285156
110           64   6.250000
000111110     21   2.050781
00011110      15   1.464844



           count        pct
Dia2                       
1            531  51.855469
101          241  23.535156
0            231  22.558594
000111110     21   2.050781



          count        pct
Ena_Vasp                  
1           905  88.378906
01           94   9.179688
0            25   2.441406



              count        pct
IRSp53_Cdc42                  
1               531  51.855469
0               493  48.144531



             count        pct
IRSp53_Rac1                  
1              747  72.949219
011            241  23.535156
100001111       21   2.050781
10000111        15   1.464844



      count    pct
LIMK              
0      1024  100.0



           count        pct
NET1                       
0            762  74.414062
010          241  23.535156
001111000     21   2.050781



           count        pct
PAK                        
1            762  74.414062
011          241  23.535156
100001111     21   2.050781



      count        pct
PIP2                  
0       521  50.878906
1       503  49.121094



     count    pct
PKD              
0     1024  100.0



           count        pct
Profilin                   
1            988  96.484375
111011111     21   2.050781
11101111      15   1.464844



      count    pct
ROCK              
0      1024  100.0



           count        pct
ROS                        
1            747  72.949219
011          241  23.535156
100001111     21   2.050781
10000111      15   1.464844



           count        pct
Rac1                       
1            747  72.949219
110          241  23.535156
000011111     21   2.050781
00001111      15   1.464844



           count        pct
RhoA                       
0            747  72.949219
011          241  23.535156
001111100     21   2.050781
00111100      15   1.464844



     count    pct
SSH              
1     1024  100.0



          count        pct
Thymosin                  
0           805  78.613281
10          179  17.480469
1            40   3.906250



      count        pct
WASP                  
1       805  78.613281
10      179  17.480469
0        40   3.906250



           count        pct
WAVE                       
1            988  96.484375
110001111     21   2.050781
11000111      15   1.464844



