                   count        pct
Actin_BR Actin_ST                  
1        0           588  57.421875
001      001         219  21.386719
000100   011100      117  11.425781
101      001          77   7.519531
0        0            11   1.074219
         1            10   0.976562
         01            2   0.195312



               count        pct
Rac1   RhoA                    
1      0         588  57.421875
001    100       219  21.386719
100000 110011    117  11.425781
101    0          77   7.519531
0      0          16   1.562500
       1           7   0.683594



