                     count        pct
Actin_BR   Actin_ST                  
0          0           527  25.732422
           1           423  20.654297
1          1           224  10.937500
01         01          155   7.568359
1          0           152   7.421875
           10000       136   6.640625
0000100101 10111       116   5.664062
011        1            68   3.320312
01001      10111        61   2.978516
1          10010        47   2.294922
010        0            45   2.197266
00001      10000        38   1.855469
011        0            34   1.660156
1          01           16   0.781250
01001      10000         4   0.195312
010        100           1   0.048828
100        110111        1   0.048828



             count        pct
Rac1  RhoA                   
0     1       1201  58.642578
00100 11110    244  11.914062
1     0        127   6.201172
01000 11101    116   5.664062
10100 11010     88   4.296875
01010 01101     61   2.978516
011   100       54   2.636719
      101       49   2.392578
00110 01110     34   1.660156
01110 01100     28   1.367188
010   1         26   1.269531
      101       19   0.927734
110   011        1   0.048828



