          count    pct
ARHGAP22              
0          2048  100.0



          count        pct
Actin_BR                  
001         888  43.359375
0           811  39.599609
101         307  14.990234
1            39   1.904297
10            3   0.146484



          count        pct
Actin_ST                  
0          1545  75.439453
001         301  14.697266
101         192   9.375000
1             7   0.341797
10            3   0.146484



        count        pct
Arp2_3                  
010       888  43.359375
0         811  39.599609
011       307  14.990234
1          39   1.904297
01          3   0.146484



     count        pct
CP                   
1      993  48.486328
0      782  38.183594
100    206  10.058594
101     67   3.271484



       count        pct
Cdc42                  
1       1029  50.244141
0       1019  49.755859



         count        pct
Cofilin                  
0          666  32.519531
1          612  29.882812
001        440  21.484375
101        197   9.619141
01         133   6.494141



         count        pct
Coronin                  
1         1298  63.378906
0          528  25.781250
01         222  10.839844



           count        pct
Cortactin                  
100          888  43.359375
0            811  39.599609
110          307  14.990234
1             39   1.904297
01             3   0.146484



      count    pct
Dia1              
0      2048  100.0



      count        pct
Dia2                  
100     888  43.359375
0       811  39.599609
110     307  14.990234
1        39   1.904297
01        3   0.146484



          count        pct
Ena_Vasp                  
1          1029  50.244141
0          1019  49.755859



              count        pct
IRSp53_Cdc42                  
1              1029  50.244141
0              1019  49.755859



             count        pct
IRSp53_Rac1                  
100            888  43.359375
0              811  39.599609
110            307  14.990234
1               39   1.904297
01               3   0.146484



      count        pct
LIMK                  
0      1735  84.716797
1       228  11.132812
10       85   4.150391



      count        pct
NET1                  
0      1033  50.439453
1       472  23.046875
101     428  20.898438
100     115   5.615234



     count        pct
PAK                  
1     1033  50.439453
0      472  23.046875
100    428  20.898438
110    115   5.615234



      count        pct
PIP2                  
1      1057  51.611328
0       991  48.388672



     count    pct
PKD              
0     2048  100.0



          count        pct
Profilin                  
0           840  41.015625
011         645  31.494141
010         440  21.484375
1           120   5.859375
01            3   0.146484



      count    pct
ROCK              
0      2048  100.0



     count        pct
ROS                  
100    888  43.359375
0      811  39.599609
110    307  14.990234
1       39   1.904297
01       3   0.146484



      count        pct
Rac1                  
001     888  43.359375
0       811  39.599609
101     307  14.990234
1        39   1.904297
10        3   0.146484



      count    pct
RhoA              
0      2048  100.0



     count        pct
SSH                  
1     1298  63.378906
0      528  25.781250
10     222  10.839844



          count        pct
Thymosin                  
1           666  32.519531
0           612  29.882812
011         440  21.484375
001         197   9.619141
01          133   6.494141



      count    pct
WASP              
0      2048  100.0



      count        pct
WAVE                  
110     888  43.359375
0       811  39.599609
1       349  17.041016



