                   count        pct
Actin_BR Actin_ST                  
0        0           811  39.599609
001      0           654  31.933594
         001         234  11.425781
101      101         192   9.375000
         001          67   3.271484
         0            48   2.343750
1        0            32   1.562500
         1             7   0.341797
10       10            3   0.146484



           count        pct
Rac1 RhoA                  
001  0       888  43.359375
0    0       811  39.599609
101  0       307  14.990234
1    0        39   1.904297
10   0         3   0.146484



