          count       pct
Actin_BR                 
1            68  53.12500
0            14  10.93750
100          13  10.15625
000001       12   9.37500
010          11   8.59375
011          10   7.81250



          count       pct
Actin_ST                 
0            61  47.65625
1            49  38.28125
010011        7   5.46875
100111        4   3.12500
010001        4   3.12500
011000        3   2.34375



        count       pct
Arp2_3                 
1          68  53.12500
0          14  10.93750
001        13  10.15625
000010     12   9.37500
100        11   8.59375
110        10   7.81250



        count       pct
CP                     
1          64  50.00000
0          57  44.53125
000010      7   5.46875



       count      pct
Cdc42                
1         70  54.6875
0         58  45.3125



         count       pct
Cofilin                 
1           81  63.28125
0           34  26.56250
011          5   3.90625
10           4   3.12500
010000       4   3.12500



         count      pct
Coronin                
1           90  70.3125
0           36  28.1250
10           2   1.5625



           count       pct
Cortactin                 
1             68  53.12500
0             14  10.93750
010           13  10.15625
000100        12   9.37500
001           11   8.59375
101           10   7.81250



        count       pct
Dia1                   
0         104  81.25000
011110     12   9.37500
100         7   5.46875
001         4   3.12500
1           1   0.78125



      count    pct
Dia2              
0       128  100.0



          count       pct
Ena_Vasp                 
1            98  76.56250
101011       11   8.59375
110           8   6.25000
101111        4   3.12500
111001        3   2.34375
0             3   2.34375
010           1   0.78125



              count      pct
IRSp53_Cdc42                
1                70  54.6875
0                58  45.3125



             count       pct
IRSp53_Rac1                 
1               68  53.12500
0               14  10.93750
010             13  10.15625
000100          12   9.37500
001             11   8.59375
101             10   7.81250



        count      pct
LIMK                  
0          90  70.3125
1          24  18.7500
101111     12   9.3750
01          2   1.5625



        count       pct
NET1                   
1          70  54.68750
001        13  10.15625
000010     12   9.37500
0          12   9.37500
100        11   8.59375
110        10   7.81250



        count       pct
PAK                    
1          70  54.68750
010        13  10.15625
000100     12   9.37500
0          12   9.37500
001        11   8.59375
101        10   7.81250



      count   pct
PIP2             
1        64  50.0
0        64  50.0



        count       pct
PKD                    
0          92  71.87500
010        15  11.71875
001111     12   9.37500
1           9   7.03125



          count       pct
Profilin                 
1            88  68.75000
110          20  15.62500
0            13  10.15625
001111        4   3.12500
110000        3   2.34375



        count       pct
ROCK                   
0          92  71.87500
100        15  11.71875
011110     12   9.37500
1           9   7.03125



        count       pct
ROCK_                  
0          92  71.87500
010        15  11.71875
001111     12   9.37500
1           9   7.03125



        count       pct
ROS                    
1          68  53.12500
0          14  10.93750
010        13  10.15625
000100     12   9.37500
001        11   8.59375
101        10   7.81250



        count       pct
Rac1                   
1          68  53.12500
0          14  10.93750
100        13  10.15625
001000     12   9.37500
010        11   8.59375
011        10   7.81250



        count       pct
RhoA                   
0          80  62.50000
010        13  10.15625
111100     12   9.37500
1          12   9.37500
001        11   8.59375



     count      pct
SSH                
1       90  70.3125
0       36  28.1250
01       2   1.5625



          count       pct
Thymosin                 
0            94  73.43750
01           15  11.71875
1            13  10.15625
10            6   4.68750



        count       pct
WASP                   
1          83  64.84375
0          16  12.50000
01         11   8.59375
101         8   6.25000
10          6   4.68750
000101      4   3.12500



        count       pct
WAVE                   
1          78  60.93750
0          14  10.93750
011        13  10.15625
000110     12   9.37500
101        11   8.59375



