                   count       pct
Actin_BR Actin_ST                 
001      1            28  21.87500
         0            22  17.18750
0        0            18  14.06250
010      010001       10   7.81250
110      1             9   7.03125
0        10            9   7.03125
         1             9   7.03125
010000   1             7   5.46875
         111001        6   4.68750
110      0             5   3.90625
010000   000100        2   1.56250
010      010011        2   1.56250
1        0             1   0.78125



               count       pct
Rac1   RhoA                   
001    0          32  25.00000
0      0          24  18.75000
001    001        18  14.06250
000010 001111     15  11.71875
110    0          14  10.93750
010    001        12   9.37500
0      1          12   9.37500
1      0           1   0.78125



