          count        pct
ARHGAP22                  
0           684  66.796875
1           192  18.750000
010         126  12.304688
001          22   2.148438



          count        pct
Actin_BR                  
1           518  50.585938
0           219  21.386719
010         126  12.304688
001          97   9.472656
101          64   6.250000



          count        pct
Actin_ST                  
1           518  50.585938
0           214  20.898438
010011      126  12.304688
001          97   9.472656
011          64   6.250000
01            5   0.488281



        count        pct
Arp2_3                  
1         518  50.585938
0         219  21.386719
100       126  12.304688
010        97   9.472656
011        64   6.250000



    count    pct
CP              
1    1024  100.0



       count        pct
Cdc42                  
1        534  52.148438
0        490  47.851562



         count        pct
Cofilin                  
1          662  64.648438
0          222  21.679688
010000     126  12.304688
100          9   0.878906
01           5   0.488281



         count        pct
Coronin                  
1          662  64.648438
0          353  34.472656
10           9   0.878906



           count        pct
Cortactin                  
1            518  50.585938
0            219  21.386719
001          126  12.304688
100           97   9.472656
110           64   6.250000



      count    pct
Dia1              
0      1024  100.0



      count        pct
Dia2                  
1       714  69.726562
110     161  15.722656
101     126  12.304688
0        23   2.246094



          count        pct
Ena_Vasp                  
1           784  76.562500
101011      126  12.304688
011          75   7.324219
0            21   2.050781
100          13   1.269531
10            5   0.488281



              count    pct
IRSp53_Cdc42              
0              1024  100.0



             count        pct
IRSp53_Rac1                  
1              518  50.585938
0              219  21.386719
001            126  12.304688
100             97   9.472656
110             64   6.250000



      count        pct
LIMK                  
0       662  64.648438
1       353  34.472656
01        9   0.878906



      count        pct
NET1                  
0       541  52.832031
1       196  19.140625
011     126  12.304688
101      97   9.472656
100      64   6.250000



     count        pct
PAK                  
1      541  52.832031
0      196  19.140625
001    126  12.304688
100     97   9.472656
110     64   6.250000



      count    pct
PIP2              
0      1024  100.0



     count        pct
PKD                  
0      684  66.796875
1      192  18.750000
010    126  12.304688
001     22   2.148438



          count        pct
Profilin                  
1           583  56.933594
0           213  20.800781
110         126  12.304688
011          97   9.472656
10            5   0.488281



      count        pct
ROCK                  
0       684  66.796875
1       192  18.750000
100     126  12.304688
010      22   2.148438



     count        pct
ROS                  
1      518  50.585938
0      219  21.386719
001    126  12.304688
100     97   9.472656
110     64   6.250000



      count        pct
Rac1                  
1       518  50.585938
0       219  21.386719
010     126  12.304688
001      97   9.472656
101      64   6.250000



      count        pct
RhoA                  
0       605  59.082031
1       196  19.140625
001     126  12.304688
100      97   9.472656



     count        pct
SSH                  
1      662  64.648438
0      353  34.472656
01       9   0.878906



          count        pct
Thymosin                  
0           671  65.527344
1           222  21.679688
01          131  12.792969



        count        pct
WASP                    
1         583  56.933594
0         226  22.070312
000101    126  12.304688
110        84   8.203125
01          5   0.488281



      count        pct
WAVE                  
1       582  56.835938
0       219  21.386719
101     126  12.304688
110      97   9.472656



