                   count        pct
Actin_BR Actin_ST                  
1        1           518  50.585938
0        0           214  20.898438
010      010011      126  12.304688
001      001          97   9.472656
101      011          64   6.250000
0        01            5   0.488281



           count        pct
Rac1 RhoA                  
1    0       518  50.585938
0    1       196  19.140625
010  001     126  12.304688
001  100      97   9.472656
101  0        64   6.250000
0    0        23   2.246094



