                    count        pct
Actin_BR Actin_ST                   
100      100          254  24.804688
         1            181  17.675781
000010   001110       157  15.332031
101      100           96   9.375000
000010   011111        92   8.984375
101      1             73   7.128906
010      110010        48   4.687500
000010   1             46   4.492188
         001111        31   3.027344
1        0             22   2.148438
0        100000011     13   1.269531
1        1              7   0.683594
0        1              4   0.390625



                     count        pct
Rac1      RhoA                       
100       010          435  42.480469
010000    111001       326  31.835938
101       0            169  16.503906
010       001           48   4.687500
1         0             29   2.832031
100000111 000011110     13   1.269531
0         1              4   0.390625



