                                         count        pct
cycle_Actin_BR_norm cycle_Actin_ST_norm                  
1                   1                      549  53.613281
110                 101                    123  12.011719
0                   0                      100   9.765625
                    1                       88   8.593750
01                  1                       85   8.300781
                    01                      30   2.929688
                    1101                    23   2.246094
1000                0                       10   0.976562
                    0010                     9   0.878906
01                  0                        6   0.585938
0                   01                       1   0.097656



