                                         count   pct
cycle_Actin_BR_norm cycle_Actin_ST_norm             
1                   1                      352  35.2
                    0                      259  25.9
                    10                     128  12.8
                    0010                    91   9.1
1110                0110                    42   4.2
                    10                      36   3.6
1                   1101                    33   3.3
1110                0                       26   2.6
                    1101                    11   1.1
                    0010                     8   0.8
                    1                        6   0.6
011                 101                      3   0.3
                    0                        3   0.3
1001                0110                     2   0.2



