          count       pct
ARHGAP22                 
0          1000  97.65625
             24   2.34375



          count        pct
Actin_BR                  
100         605  59.082031
0           230  22.460938
101         149  14.550781
             24   2.343750
1            16   1.562500



           count        pct
Actin_ST                   
100          540  52.734375
0            205  20.019531
011          147  14.355469
000000111    103  10.058594
              24   2.343750
1              5   0.488281



        count        pct
Arp2_3                  
001       605  59.082031
0         230  22.460938
011       149  14.550781
           24   2.343750
1          16   1.562500



     count        pct
CP                   
100    458  44.726562
0      382  37.304688
101    144  14.062500
        24   2.343750
1       16   1.562500



       count        pct
Cdc42                  
1        517  50.488281
0        483  47.167969
          24   2.343750



         count        pct
Cofilin                  
1          444  43.359375
0          342  33.398438
010        196  19.140625
            24   2.343750
110         15   1.464844
01           3   0.292969



         count        pct
Coronin                  
1          837  81.738281
0          144  14.062500
            24   2.343750
10          19   1.855469



           count        pct
Cortactin                  
010          605  59.082031
110          149  14.550781
0            127  12.402344
100000111    103  10.058594
              24   2.343750
1             16   1.562500



           count        pct
Dia1                       
0            591  57.714844
100          306  29.882812
000011110    103  10.058594
              24   2.343750



           count        pct
Dia2                       
1            517  50.488281
100          306  29.882812
000011110    103  10.058594
0             74   7.226562
              24   2.343750



          count        pct
Ena_Vasp                  
1           517  50.488281
0           351  34.277344
001         132  12.890625
             24   2.343750



              count        pct
IRSp53_Cdc42                  
1               517  50.488281
0               483  47.167969
                 24   2.343750



             count        pct
IRSp53_Rac1                  
010            605  59.082031
110            149  14.550781
0              127  12.402344
100000111      103  10.058594
                24   2.343750
1               16   1.562500



      count        pct
LIMK                  
0       837  81.738281
1       144  14.062500
         24   2.343750
01       19   1.855469



           count        pct
NET1                       
0            529  51.660156
011          306  29.882812
001111100    103  10.058594
100           62   6.054688
              24   2.343750



           count        pct
PAK                        
1            529  51.660156
001          306  29.882812
100000111    103  10.058594
110           62   6.054688
              24   2.343750



      count        pct
PIP2                  
0       533  52.050781
1       467  45.605469
         24   2.343750



     count        pct
PKD                  
0      868  84.765625
010    132  12.890625
        24   2.343750



           count        pct
Profilin                   
101          605  59.082031
1            165  16.113281
0            127  12.402344
111001111    103  10.058594
              24   2.343750



      count        pct
ROCK                  
0       868  84.765625
100     132  12.890625
         24   2.343750



           count        pct
ROS                        
010          605  59.082031
110          149  14.550781
0            127  12.402344
100000111    103  10.058594
              24   2.343750
1             16   1.562500



           count        pct
Rac1                       
100          605  59.082031
101          149  14.550781
0            127  12.402344
000001111    103  10.058594
              24   2.343750
1             16   1.562500



           count        pct
RhoA                       
0            591  57.714844
001          306  29.882812
000111100    103  10.058594
              24   2.343750



     count        pct
SSH                  
1      837  81.738281
0      144  14.062500
        24   2.343750
01      19   1.855469



          count        pct
Thymosin                  
0           444  43.359375
1           342  33.398438
110         196  19.140625
             24   2.343750
100          15   1.464844
01            3   0.292969



      count       pct
WASP                 
0      1000  97.65625
         24   2.34375



           count        pct
WAVE                       
011          605  59.082031
1            165  16.113281
0            127  12.402344
110000111    103  10.058594
              24   2.343750



