          count      pct
ARHGAP22                
0           784  76.5625
1           240  23.4375



          count        pct
Actin_BR                  
1           726  70.898438
0           258  25.195312
110          30   2.929688
10           10   0.976562



           count        pct
Actin_ST                   
1            956  93.359375
10            37   3.613281
11110111      15   1.464844
111100000     15   1.464844
101            1   0.097656



        count        pct
Arp2_3                  
1         726  70.898438
0         258  25.195312
101        30   2.929688
01         10   0.976562



    count    pct
CP              
0    1024  100.0



       count        pct
Cdc42                  
0        526  51.367188
1        498  48.632812



         count        pct
Cofilin                  
1          685  66.894531
0          192  18.750000
10         132  12.890625
110         15   1.464844



         count        pct
Coronin                  
1          784  76.562500
01         217  21.191406
0           23   2.246094



           count        pct
Cortactin                  
1            723  70.605469
0            240  23.437500
110           31   3.027344
111110000     15   1.464844
10000111      15   1.464844



           count        pct
Dia1                       
0            723  70.605469
1            240  23.437500
011           31   3.027344
111000011     15   1.464844
00011110      15   1.464844



           count        pct
Dia2                       
1            710  69.335938
0            268  26.171875
011           31   3.027344
111000011     15   1.464844



          count        pct
Ena_Vasp                  
1           797  77.832031
0           140  13.671875
01           87   8.496094



              count        pct
IRSp53_Cdc42                  
0               526  51.367188
1               498  48.632812



             count        pct
IRSp53_Rac1                  
1              723  70.605469
0              240  23.437500
110             31   3.027344
111110000       15   1.464844
10000111        15   1.464844



      count        pct
LIMK                  
0       784  76.562500
10      217  21.191406
1        23   2.246094



           count        pct
NET1                       
0            766  74.804688
1            212  20.703125
100           31   3.027344
100000111     15   1.464844



           count        pct
PAK                        
1            766  74.804688
0            212  20.703125
110           31   3.027344
111110000     15   1.464844



      count        pct
PIP2                  
0       519  50.683594
1       505  49.316406



     count    pct
PKD              
0     1024  100.0



           count        pct
Profilin                   
1            994  97.070312
111111101     15   1.464844
11101111      15   1.464844



      count      pct
ROCK                
0       784  76.5625
1       240  23.4375



           count        pct
ROS                        
1            723  70.605469
0            240  23.437500
110           31   3.027344
111110000     15   1.464844
10000111      15   1.464844



           count        pct
Rac1                       
1            723  70.605469
0            240  23.437500
101           31   3.027344
111100001     15   1.464844
00001111      15   1.464844



           count        pct
RhoA                       
0            723  70.605469
1            240  23.437500
110           31   3.027344
110000111     15   1.464844
00111100      15   1.464844



     count        pct
SSH                  
1      784  76.562500
10     217  21.191406
0       23   2.246094



          count        pct
Thymosin                  
0           742  72.460938
10          192  18.750000
1            90   8.789062



      count        pct
WASP                  
1       742  72.460938
0       156  15.234375
10      126  12.304688



           count        pct
WAVE                       
1            754  73.632812
0            240  23.437500
111111000     15   1.464844
11000111      15   1.464844



