          count        pct
ARHGAP22                  
1           499  48.730469
0           160  15.625000
01011       117  11.425781
01111        90   8.789062
11011        71   6.933594
01110        52   5.078125
00011        22   2.148438
010          13   1.269531



            count        pct
Actin_BR                    
0             501  48.925781
1             217  21.191406
1010110001     90   8.789062
11101          63   6.152344
101            43   4.199219
1001110111     40   3.906250
00001          30   2.929688
00101          23   2.246094
110             7   0.683594
100             6   0.585938
00000100        4   0.390625



            count        pct
Actin_ST                    
1             721  70.410156
1110111111    193  18.847656
10111          53   5.175781
10             20   1.953125
110111         15   1.464844
001111000      10   0.976562
101             7   0.683594
10111111        5   0.488281



            count        pct
Arp2_3                      
0             501  48.925781
1             217  21.191406
0101100011     90   8.789062
11011          63   6.152344
011            43   4.199219
0011101111     40   3.906250
00010          30   2.929688
01010          23   2.246094
101             7   0.683594
001             6   0.585938
00001000        4   0.390625



    count    pct
CP              
0    1024  100.0



       count        pct
Cdc42                  
0        518  50.585938
1        506  49.414062



         count    pct
Cofilin              
0         1024  100.0



         count        pct
Coronin                  
0          777  75.878906
1          160  15.625000
00100       52   5.078125
00011       22   2.148438
011         13   1.269531



           count        pct
Cortactin                  
0            499  48.730469
00101        117  11.425781
1             95   9.277344
00100         90   8.789062
00001         71   6.933594
110           50   4.882812
01100         40   3.906250
00110         34   3.320312
010           13   1.269531
001111100     10   0.976562
10010110       4   0.390625
00111100       1   0.097656



           count        pct
Dia1                       
1            499  48.730469
10110        117  11.425781
0             95   9.277344
11110         90   8.789062
10111         71   6.933594
11100         52   5.078125
010           34   3.320312
101           29   2.832031
00110         22   2.148438
111110000     10   0.976562
01011010       4   0.390625
11110000       1   0.097656



           count        pct
Dia2                       
1            955  93.261719
0             30   2.929688
101           29   2.832031
111110000     10   0.976562



          count        pct
Ena_Vasp                  
1           972  94.921875
01           29   2.832031
0            11   1.074219
101011        6   0.585938
010           6   0.585938



              count        pct
IRSp53_Cdc42                  
0               518  50.585938
1               506  49.414062



             count        pct
IRSp53_Rac1                  
0              499  48.730469
00101          117  11.425781
1               95   9.277344
00100           90   8.789062
00001           71   6.933594
011             63   6.152344
01100           52   5.078125
00111           22   2.148438
001111100       10   0.976562
10010110         4   0.390625
00111100         1   0.097656



       count        pct
LIMK                   
1        777  75.878906
0        160  15.625000
11011     52   5.078125
11100     22   2.148438
100       13   1.269531



           count        pct
NET1                       
0            536  52.343750
1            449  43.847656
010           29   2.832031
111000001     10   0.976562



           count        pct
PAK                        
1            536  52.343750
0            449  43.847656
011           29   2.832031
001111100     10   0.976562



      count      pct
PIP2                
1       528  51.5625
0       496  48.4375



       count        pct
PKD                    
1        499  48.730469
0        160  15.625000
01011    117  11.425781
01111     90   8.789062
11011     71   6.933594
01110     52   5.078125
00011     22   2.148438
010       13   1.269531



            count        pct
Profilin                    
1             763  74.511719
1101111111    193  18.847656
01111          53   5.175781
011111111      10   0.976562
01111111        5   0.488281



       count        pct
ROCK                   
1        499  48.730469
0        160  15.625000
10110    117  11.425781
11110     90   8.789062
10111     71   6.933594
11100     52   5.078125
00110     22   2.148438
100       13   1.269531



           count        pct
ROS                        
0            499  48.730469
00101        117  11.425781
1             95   9.277344
00100         90   8.789062
00001         71   6.933594
011           63   6.152344
01100         52   5.078125
00111         22   2.148438
001111100     10   0.976562
10010110       4   0.390625
00111100       1   0.097656



           count        pct
Rac1                       
0            499  48.730469
01010        117  11.425781
1             95   9.277344
01000         90   8.789062
00010         71   6.933594
110           63   6.152344
11000         52   5.078125
01110         22   2.148438
011111000     10   0.976562
00101101       4   0.390625
01111000       1   0.097656



           count        pct
RhoA                       
1            499  48.730469
01101        117  11.425781
0             95   9.277344
11101         90   8.789062
01111         71   6.933594
11001         52   5.078125
100           34   3.320312
011           29   2.832031
01100         22   2.148438
111100001     10   0.976562
10110100       4   0.390625
11100001       1   0.097656



       count        pct
SSH                    
0        777  75.878906
1        160  15.625000
01000     52   5.078125
00110     22   2.148438
110       13   1.269531



          count        pct
Thymosin                  
10          385  37.597656
1           328  32.031250
0           262  25.585938
01           49   4.785156



      count        pct
WASP                  
10      385  37.597656
0       328  32.031250
1       262  25.585938
01       49   4.785156



           count        pct
WAVE                       
0            499  48.730469
1            158  15.429688
10111        139  13.574219
00110         90   8.789062
10001         71   6.933594
01110         52   5.078125
001111110     10   0.976562
11011111       4   0.390625
00111110       1   0.097656



