                   count        pct
Actin_BR Actin_ST                  
1        1           290  28.320312
0        0           244  23.828125
01       0            93   9.082031
1        1101         92   8.984375
1110     1101         56   5.468750
1001     1001         32   3.125000
1110     1001         32   3.125000
10       1000         22   2.148438
         01           20   1.953125
011      110          20   1.953125
1001     1101         18   1.757812
         01           18   1.757812
         1000         17   1.660156
011      1            16   1.562500
0100     0            16   1.562500
1110     1            13   1.269531
1001     0             6   0.585938
0100     1000          6   0.585938
         1001          5   0.488281
01       10            5   0.488281
1        10            1   0.097656
         0             1   0.097656
1110     0             1   0.097656



           count        pct
Rac1 RhoA                  
0    1       449  43.847656
1100 1001    216  21.093750
1000 1011    170  16.601562
1    0        64   6.250000
0111 1001     48   4.687500
011  010      36   3.515625
0111 0010     35   3.417969
01   01        6   0.585938



