          count    pct
ARHGAP22              
0          1024  100.0



          count        pct
Actin_BR                  
001         312  30.468750
0           230  22.460938
1           225  21.972656
011         224  21.875000
101          33   3.222656



          count        pct
Actin_ST                  
0           411  40.136719
1           289  28.222656
010          85   8.300781
010001       59   5.761719
000001       50   4.882812
10           45   4.394531
101111       27   2.636719
011001       27   2.636719
001          21   2.050781
101          10   0.976562



        count        pct
Arp2_3                  
010       312  30.468750
0         230  22.460938
1         225  21.972656
110       224  21.875000
011        33   3.222656



        count        pct
CP                      
0         531  51.855469
001       178  17.382812
011       113  11.035156
1         103  10.058594
001000     59   5.761719
101000     22   2.148438
101        13   1.269531
10          5   0.488281



       count        pct
Cdc42                  
1        515  50.292969
0        509  49.707031



         count    pct
Cofilin              
0         1024  100.0



         count        pct
Coronin                  
1          825  80.566406
0          141  13.769531
01          58   5.664062



           count        pct
Cortactin                  
100          312  30.468750
0            230  22.460938
1            225  21.972656
101          224  21.875000
110           33   3.222656



      count    pct
Dia1              
0      1024  100.0



      count        pct
Dia2                  
1       515  50.292969
0       509  49.707031



          count        pct
Ena_Vasp                  
1           613  59.863281
0           262  25.585938
10          109  10.644531
01           40   3.906250



              count        pct
IRSp53_Cdc42                  
1               515  50.292969
0               509  49.707031



             count        pct
IRSp53_Rac1                  
100            312  30.468750
0              230  22.460938
1              225  21.972656
101            224  21.875000
110             33   3.222656



      count       pct
LIMK                 
0       984  96.09375
1        24   2.34375
10       16   1.56250



      count        pct
NET1                  
0       524  51.171875
101     240  23.437500
1       177  17.285156
100      83   8.105469



     count        pct
PAK                  
1      524  51.171875
100    240  23.437500
0      177  17.285156
110     83   8.105469



      count        pct
PIP2                  
0       516  50.390625
1       508  49.609375



     count    pct
PKD              
0     1024  100.0



          count        pct
Profilin                  
1           545  53.222656
011         161  15.722656
0           160  15.625000
111011      113  11.035156
01           45   4.394531



      count    pct
ROCK              
0      1024  100.0



     count        pct
ROS                  
100    312  30.468750
0      230  22.460938
1      225  21.972656
101    224  21.875000
110     33   3.222656



      count        pct
Rac1                  
001     312  30.468750
0       230  22.460938
1       225  21.972656
011     224  21.875000
101      33   3.222656



      count    pct
RhoA              
0      1024  100.0



     count        pct
SSH                  
1      825  80.566406
0      141  13.769531
10      58   5.664062



          count        pct
Thymosin                  
10          416  40.625000
1           321  31.347656
0           287  28.027344



      count        pct
WASP                  
10      416  40.625000
0       321  31.347656
1       287  28.027344



      count        pct
WAVE                  
1       482  47.070312
110     312  30.468750
0       230  22.460938



