                   count        pct
Actin_BR Actin_ST                  
0        0          1564  76.367188
10000    01100       245  11.962891
01011    01101       180   8.789062
01111    01100        18   0.878906
1        11011        16   0.781250
         00010        11   0.537109
         0             7   0.341797
         1             6   0.292969
         01            1   0.048828



             count        pct
Rac1  RhoA                   
0     1       1564  76.367188
00100 11110    245  11.962891
10010 01011    180   8.789062
11101 10000     27   1.318359
10011 00011     18   0.878906
1     0         14   0.683594



