          count        pct
ARHGAP22                  
0           678  66.210938
111100      168  16.406250
001         109  10.644531
010          60   5.859375
1             9   0.878906



          count        pct
Actin_BR                  
1           520  50.781250
000100      168  16.406250
010         116  11.328125
001         109  10.644531
011          95   9.277344
0            16   1.562500



          count    pct
Actin_ST              
0          1024  100.0



        count        pct
Arp2_3                  
1         520  50.781250
001000    168  16.406250
100       116  11.328125
010       109  10.644531
110        95   9.277344
0          16   1.562500



        count        pct
CP                      
1         520  50.781250
000100    168  16.406250
010       116  11.328125
001       109  10.644531
011        95   9.277344
0          16   1.562500



       count        pct
Cdc42                  
0        513  50.097656
1        511  49.902344



         count        pct
Cofilin                  
1          506  49.414062
0          291  28.417969
01          82   8.007812
011         80   7.812500
010000      63   6.152344
100          2   0.195312



         count        pct
Coronin                  
1          671  65.527344
0          353  34.472656



           count        pct
Cortactin                  
1            520  50.781250
010000       168  16.406250
001          116  11.328125
100          109  10.644531
101           95   9.277344
0             16   1.562500



        count        pct
Dia1                    
0         622  60.742188
111001    168  16.406250
100       116  11.328125
010       109  10.644531
1           9   0.878906



        count        pct
Dia2                    
1         520  50.781250
111001    168  16.406250
100       116  11.328125
0         111  10.839844
010       109  10.644531



          count    pct
Ena_Vasp              
0          1024  100.0



              count        pct
IRSp53_Cdc42                  
0               513  50.097656
1               511  49.902344



             count        pct
IRSp53_Rac1                  
1              520  50.781250
010000         168  16.406250
001            116  11.328125
100            109  10.644531
101             95   9.277344
0               16   1.562500



        count        pct
LIMK                    
0         671  65.527344
1         185  18.066406
111110    168  16.406250



        count        pct
NET1                    
0         527  51.464844
110111    168  16.406250
011       116  11.328125
101       109  10.644531
001        95   9.277344
1           9   0.878906



        count        pct
PAK                     
1         527  51.464844
010000    168  16.406250
001       116  11.328125
100       109  10.644531
101        95   9.277344
0           9   0.878906



      count        pct
PIP2                  
1       524  51.171875
0       500  48.828125



        count        pct
PKD                     
0         678  66.210938
111100    168  16.406250
001       109  10.644531
010        60   5.859375
1           9   0.878906



          count    pct
Profilin              
0          1024  100.0



        count        pct
ROCK                    
0         678  66.210938
111001    168  16.406250
010       109  10.644531
100        60   5.859375
1           9   0.878906



        count        pct
ROS                     
1         520  50.781250
010000    168  16.406250
001       116  11.328125
100       109  10.644531
101        95   9.277344
0          16   1.562500



        count        pct
Rac1                    
1         520  50.781250
100000    168  16.406250
010       116  11.328125
001       109  10.644531
011        95   9.277344
0          16   1.562500



        count        pct
RhoA                    
0         622  60.742188
110011    168  16.406250
001       116  11.328125
100       109  10.644531
1           9   0.878906



     count        pct
SSH                  
1      671  65.527344
0      353  34.472656



          count        pct
Thymosin                  
0           669  65.332031
01          229  22.363281
1           126  12.304688



        count        pct
WASP                    
1         642  62.695312
01        166  16.210938
0         126  12.304688
000101     63   6.152344
110        27   2.636719



        count        pct
WAVE                    
1         615  60.058594
011000    168  16.406250
101       116  11.328125
110       109  10.644531
0          16   1.562500



