                   count        pct
Actin_BR Actin_ST                  
1        0           520  50.781250
000100   0           168  16.406250
010      0           116  11.328125
001      0           109  10.644531
011      0            95   9.277344
0        0            16   1.562500



               count        pct
Rac1   RhoA                    
1      0         520  50.781250
100000 110011    168  16.406250
010    001       116  11.328125
001    100       109  10.644531
011    0          95   9.277344
0      1           9   0.878906
       0           7   0.683594



