          count        pct
ARHGAP22                  
10111       393  38.378906
11110       186  18.164062
10110       184  17.968750
0           162  15.820312
01011        94   9.179688
1             5   0.488281



          count    pct
Actin_BR              
0          1024  100.0



            count        pct
Actin_ST                    
1             362  35.351562
01111         176  17.187500
11011         173  16.894531
0111111111     74   7.226562
10011          71   6.933594
11111110       62   6.054688
01100          40   3.906250
1100111101     30   2.929688
11100111       10   0.976562
01101          10   0.976562
00000011        7   0.683594
00101101        5   0.488281
0111            3   0.292969
01111101        1   0.097656



        count    pct
Arp2_3              
0        1024  100.0



    count    pct
CP              
0    1024  100.0



       count        pct
Cdc42                  
0        521  50.878906
1        503  49.121094



          count        pct
Cofilin                   
0           874  85.351562
1            85   8.300781
00101000     26   2.539062
01101001     23   2.246094
01111000     16   1.562500



         count        pct
Coronin                  
0          862  84.179688
1          162  15.820312



           count        pct
Cortactin                  
00010        393  38.378906
01000        186  18.164062
01010        184  17.968750
00101         94   9.179688
11010010      84   8.203125
10000111      78   7.617188
0              5   0.488281



          count        pct
Dia1                      
01111       393  38.378906
11101       186  18.164062
01101       184  17.968750
10110        94   9.179688
01001011     84   8.203125
00011110     78   7.617188
1             5   0.488281



          count        pct
Dia2                      
01111       577  56.347656
11101       280  27.343750
11011011     84   8.203125
10011111     78   7.617188
1             5   0.488281



            count        pct
Ena_Vasp                    
1             607  59.277344
11011         172  16.796875
01011          76   7.421875
1111101111     70   6.835938
1010111111     30   2.929688
11100011       26   2.539062
11111101       24   2.343750
01             14   1.367188
0               5   0.488281



              count        pct
IRSp53_Cdc42                  
0               521  50.878906
1               503  49.121094



             count        pct
IRSp53_Rac1                  
00010          393  38.378906
01000          186  18.164062
01010          184  17.968750
00101           94   9.179688
11010010        84   8.203125
10000111        78   7.617188
0                5   0.488281



      count        pct
LIMK                  
1       862  84.179688
0       162  15.820312



      count    pct
NET1              
1      1024  100.0



     count    pct
PAK              
0     1024  100.0



      count        pct
PIP2                  
0       516  50.390625
1       508  49.609375



       count        pct
PKD                    
10111    393  38.378906
11110    186  18.164062
10110    184  17.968750
0        162  15.820312
01011     94   9.179688
1          5   0.488281



            count        pct
Profilin                    
1             362  35.351562
10111         244  23.828125
11110         206  20.117188
11101111       76   7.421875
1111111110     74   7.226562
11000          35   3.417969
10110          15   1.464844
10010110        7   0.683594
00000110        5   0.488281



       count        pct
ROCK                   
01111    393  38.378906
11101    186  18.164062
01101    184  17.968750
0        162  15.820312
10110     94   9.179688
1          5   0.488281



          count        pct
ROS                       
00010       393  38.378906
01000       186  18.164062
01010       184  17.968750
00101        94   9.179688
11010010     84   8.203125
10000111     78   7.617188
0             5   0.488281



          count        pct
Rac1                      
00100       393  38.378906
10000       186  18.164062
10100       184  17.968750
01010        94   9.179688
10100101     84   8.203125
00001111     78   7.617188
0             5   0.488281



          count        pct
RhoA                      
11110       393  38.378906
11011       186  18.164062
11010       184  17.968750
01101        94   9.179688
10010110     84   8.203125
00111100     78   7.617188
1             5   0.488281



     count        pct
SSH                  
0      862  84.179688
1      162  15.820312



          count        pct
Thymosin                  
0           408  39.843750
1           307  29.980469
01          160  15.625000
10          149  14.550781



          count        pct
WASP                      
1           358  34.960938
0           307  29.980469
01          160  15.625000
10          149  14.550781
11000111     26   2.539062
11111011     24   2.343750



          count        pct
WAVE                      
00011       393  38.378906
01100       186  18.164062
01111       184  17.968750
10111        94   9.179688
11111011     84   8.203125
11000111     78   7.617188
0             5   0.488281



