                     count        pct
Actin_BR Actin_ST                    
0        1             362  35.351562
         01111         176  17.187500
         11011         173  16.894531
         0111111111     74   7.226562
         10011          71   6.933594
         11111110       62   6.054688
         01100          40   3.906250
         1100111101     30   2.929688
         11100111       10   0.976562
         01101          10   0.976562
         00000011        7   0.683594
         00101101        5   0.488281
         0111            3   0.292969
         01111101        1   0.097656



                   count        pct
Rac1     RhoA                      
00100    11110       393  38.378906
10000    11011       186  18.164062
10100    11010       184  17.968750
01010    01101        94   9.179688
10100101 10010110     84   8.203125
00001111 00111100     78   7.617188
0        1             5   0.488281



