                    count        pct
Actin_BR Actin_ST                   
0        1            362  35.351562
         001111       224  21.875000
         10           219  21.386719
         111011       106  10.351562
         0             47   4.589844
         111100111     25   2.441406
         010           15   1.464844
                       11   1.074219
0        111010         8   0.781250
         110            5   0.488281
         000000111      2   0.195312



                     count        pct
Rac1      RhoA                       
0         0            502  49.023438
010000    111001       415  40.527344
010       001           42   4.101562
000001111 000111100     42   4.101562
0         1             12   1.171875
                        11   1.074219



