                   count        pct
Actin_BR Actin_ST                  
1        1           518  50.585938
0        0           130  12.695312
010      010011       93   9.082031
001      1            61   5.957031
000010   001111       54   5.273438
101      1            41   4.003906
000010   1            39   3.808594
001      001          34   3.320312
101      011          31   3.027344
000010   000011       13   1.269531
001      0             4   0.390625
0        01            3   0.292969
1        0             2   0.195312
0        1             1   0.097656



               count        pct
Rac1   RhoA                    
1      0         520  50.781250
0      1         114  11.132812
010000 111001    106  10.351562
001    100        99   9.667969
010    001        93   9.082031
101    0          72   7.031250
0      0          20   1.953125



