          count    pct
ARHGAP22              
0          1024  100.0



          count        pct
Actin_BR                  
1           495  48.339844
001         226  22.070312
0           222  21.679688
101          81   7.910156



          count        pct
Actin_ST                  
1           405  39.550781
0           400  39.062500
001         164  16.015625
10           55   5.371094



        count        pct
Arp2_3                  
1         495  48.339844
010       226  22.070312
0         222  21.679688
011        81   7.910156



     count        pct
CP                   
0      589  57.519531
1      271  26.464844
001    121  11.816406
101     43   4.199219



       count        pct
Cdc42                  
1        526  51.367188
0        498  48.632812



         count        pct
Cofilin                  
1          646  63.085938
0          177  17.285156
110        143  13.964844
01          58   5.664062



         count        pct
Coronin                  
1          814  79.492188
0          147  14.355469
01          63   6.152344



           count        pct
Cortactin                  
1            495  48.339844
100          226  22.070312
0            222  21.679688
110           81   7.910156



      count    pct
Dia1              
0      1024  100.0



      count    pct
Dia2              
0      1024  100.0



          count        pct
Ena_Vasp                  
1           755  73.730469
011         121  11.816406
0           103  10.058594
01           45   4.394531



              count        pct
IRSp53_Cdc42                  
1               526  51.367188
0               498  48.632812



             count        pct
IRSp53_Rac1                  
1              495  48.339844
100            226  22.070312
0              222  21.679688
110             81   7.910156



      count        pct
LIMK                  
0       991  96.777344
01       18   1.757812
1        15   1.464844



      count        pct
NET1                  
0       532  51.953125
101     226  22.070312
1       185  18.066406
100      81   7.910156



     count        pct
PAK                  
1      532  51.953125
100    226  22.070312
0      185  18.066406
110     81   7.910156



      count        pct
PIP2                  
0       542  52.929688
1       482  47.070312



     count    pct
PKD              
0     1024  100.0



          count        pct
Profilin                  
1           719  70.214844
0           129  12.597656
011         121  11.816406
01           55   5.371094



      count    pct
ROCK              
0      1024  100.0



     count        pct
ROS                  
1      495  48.339844
100    226  22.070312
0      222  21.679688
110     81   7.910156



      count        pct
Rac1                  
1       495  48.339844
001     226  22.070312
0       222  21.679688
101      81   7.910156



      count    pct
RhoA              
0      1024  100.0



     count        pct
SSH                  
1      814  79.492188
0      147  14.355469
10      63   6.152344



          count        pct
Thymosin                  
0           825  80.566406
1           106  10.351562
01           93   9.082031



      count        pct
WASP                  
1       701  68.457031
0       129  12.597656
110     121  11.816406
01       73   7.128906



      count        pct
WAVE                  
1       576  56.250000
110     226  22.070312
0       222  21.679688



