                   count        pct
Actin_BR Actin_ST                  
1        0           271  26.464844
         1           224  21.875000
0        0           129  12.597656
001      001         121  11.816406
         1           105  10.253906
0        10           55   5.371094
101      001          43   4.199219
         1            38   3.710938
0        1            38   3.710938



           count        pct
Rac1 RhoA                  
1    0       495  48.339844
001  0       226  22.070312
0    0       222  21.679688
101  0        81   7.910156



