                   count        pct
Actin_BR Actin_ST                  
0        0           271  26.464844
100      001         130  12.695312
         1           122  11.914062
010      010         116  11.328125
0        01          106  10.351562
101      001          69   6.738281
010      110010       66   6.445312
0        1            65   6.347656
101      1            60   5.859375
1        0            13   1.269531
         1             6   0.585938



           count        pct
Rac1 RhoA                  
0    1       442  43.164062
100  010     252  24.609375
010  001     182  17.773438
101  0       129  12.597656
1    0        19   1.855469



