                                         count        pct
cycle_Actin_BR_norm cycle_Actin_ST_norm                  
1                   1                      336  32.812500
0                   0                      285  27.832031
                    1                      123  12.011719
1101                1101                    81   7.910156
0011                1101                    81   7.910156
10                  10                      24   2.343750
0100                0100                    19   1.855469
                    1101                    16   1.562500
01                  01                      16   1.562500
                    1101                    15   1.464844
10                  1101                     8   0.781250
0011                0100                     7   0.683594
1101                0100                     6   0.585938
0011                0011                     6   0.585938
1                   0                        1   0.097656



