                                         count        pct
cycle_Actin_BR_norm cycle_Actin_ST_norm                  
0                   0                      254  24.804688
1                   0                      228  22.265625
                    1                       87   8.496094
1011                0001                    69   6.738281
1                   1011                    50   4.882812
0                   1                       44   4.296875
10                  10                      44   4.296875
0011                0001                    37   3.613281
01                  0001                    31   3.027344
0011                10                      29   2.832031
011                 0                       23   2.246094
1000                0001                    21   2.050781
1                   10                      20   1.953125
1000                0                       20   1.953125
1011                0                       20   1.953125
011                 100                     12   1.171875
10                  0001                    12   1.171875
1000                1011                     9   0.878906
10                  0                        6   0.585938
0011                0                        5   0.488281
1011                1100                     3   0.292969



