          count    pct
ARHGAP22              
0          2048  100.0



          count        pct
Actin_BR                  
1          1338  65.332031
0           175   8.544922
110         162   7.910156
001         128   6.250000
101         125   6.103516
100         120   5.859375



          count        pct
Actin_ST                  
1          1447  70.654297
0           274  13.378906
101         128   6.250000
100110      120   5.859375
101111       47   2.294922
010          32   1.562500



        count        pct
Arp2_3                  
1        1338  65.332031
0         175   8.544922
101       162   7.910156
010       128   6.250000
011       125   6.103516
001       120   5.859375



        count        pct
CP                      
1        1089  53.173828
0         679  33.154297
01        180   8.789062
000101     78   3.808594
011        22   1.074219



       count        pct
Cdc42                  
0       1068  52.148438
1        980  47.851562



         count        pct
Cofilin                  
0         1725  84.228516
100000     167   8.154297
010        156   7.617188



         count    pct
Coronin              
0         2048  100.0



           count        pct
Cortactin                  
1           1338  65.332031
0            175   8.544922
011          162   7.910156
100          128   6.250000
110          125   6.103516
010          120   5.859375



        count        pct
Dia1                    
0        1894  92.480469
011001     78   3.808594
110        44   2.148438
001        32   1.562500



      count        pct
Dia2                  
1      2023  98.779297
110      25   1.220703



          count        pct
Ena_Vasp                  
1          1262  61.621094
01          321  15.673828
0           262  12.792969
000101      120   5.859375
110          83   4.052734



              count        pct
IRSp53_Cdc42                  
0              1068  52.148438
1               980  47.851562



             count        pct
IRSp53_Rac1                  
1             1338  65.332031
0              175   8.544922
011            162   7.910156
100            128   6.250000
110            125   6.103516
010            120   5.859375



      count        pct
LIMK                  
1      1386  67.675781
0       152   7.421875
101     148   7.226562
011     125   6.103516
001     120   5.859375
100     117   5.712891



      count        pct
NET1                  
0      1386  67.675781
1       152   7.421875
010     148   7.226562
100     125   6.103516
110     120   5.859375
011     117   5.712891



     count        pct
PAK                  
1     1386  67.675781
0      152   7.421875
011    148   7.226562
110    125   6.103516
010    120   5.859375
001    117   5.712891



      count        pct
PIP2                  
0      1045  51.025391
1      1003  48.974609



     count    pct
PKD              
0     2048  100.0



          count        pct
Profilin                  
1          1494  72.949219
0           274  13.378906
011         128   6.250000
101         120   5.859375
100          32   1.562500



      count    pct
ROCK              
0      2048  100.0



     count        pct
ROS                  
1     1338  65.332031
0      175   8.544922
011    162   7.910156
100    128   6.250000
110    125   6.103516
010    120   5.859375



      count        pct
Rac1                  
1      1338  65.332031
0       175   8.544922
110     162   7.910156
001     128   6.250000
101     125   6.103516
100     120   5.859375



      count        pct
RhoA                  
0      1338  65.332031
1       412  20.117188
101     159   7.763672
110     125   6.103516
010      14   0.683594



     count    pct
SSH              
0     2048  100.0



          count        pct
Thymosin                  
10          885  43.212891
0           798  38.964844
1           365  17.822266



        count        pct
WASP                    
10        765  37.353516
1         715  34.912109
0         365  17.822266
001010    120   5.859375
101        83   4.052734



      count        pct
WAVE                  
1      1625  79.345703
0       175   8.544922
110     128   6.250000
011     120   5.859375



