                   count        pct
Actin_BR Actin_ST                  
1        1          1239  60.498047
0        0           175   8.544922
110      1           130   6.347656
001      101         128   6.250000
100      100110      120   5.859375
1        0            99   4.833984
101      1            78   3.808594
         101111       47   2.294922
110      010          32   1.562500



           count        pct
Rac1 RhoA                  
1    0      1338  65.332031
0    1       175   8.544922
110  101     148   7.226562
101  110     125   6.103516
100  1       120   5.859375
001  1       117   5.712891
110  010      14   0.683594
001  101      11   0.537109



