          count    pct
ARHGAP22              
0          1024  100.0



          count        pct
Actin_BR                  
1           530  51.757812
001         222  21.679688
0           158  15.429688
011         114  11.132812



          count        pct
Actin_ST                  
1           530  51.757812
001         222  21.679688
0           151  14.746094
110         114  11.132812
10            7   0.683594



        count        pct
Arp2_3                  
1         530  51.757812
010       222  21.679688
0         158  15.429688
110       114  11.132812



    count    pct
CP              
1    1024  100.0



       count        pct
Cdc42                  
1        532  51.953125
0        492  48.046875



         count        pct
Cofilin                  
1          877  85.644531
0           97   9.472656
01          50   4.882812



         count        pct
Coronin                  
1          877  85.644531
0           95   9.277344
01          52   5.078125



           count        pct
Cortactin                  
1            530  51.757812
100          222  21.679688
0            158  15.429688
101          114  11.132812



      count    pct
Dia1              
0      1024  100.0



      count        pct
Dia2                  
1       668  65.234375
101     336  32.812500
0        20   1.953125



          count        pct
Ena_Vasp                  
1           664  64.843750
011         222  21.679688
0           138  13.476562



              count        pct
IRSp53_Cdc42                  
1               532  51.953125
0               492  48.046875



             count        pct
IRSp53_Rac1                  
1              530  51.757812
100            222  21.679688
0              158  15.429688
101            114  11.132812



      count        pct
LIMK                  
0      1004  98.046875
1        11   1.074219
01        9   0.878906



      count        pct
NET1                  
0       550  53.710938
101     222  21.679688
1       138  13.476562
001     114  11.132812



     count        pct
PAK                  
1      550  53.710938
100    222  21.679688
0      138  13.476562
101    114  11.132812



      count    pct
PIP2              
0      1024  100.0



     count    pct
PKD              
0     1024  100.0



          count        pct
Profilin                  
1           644  62.890625
011         222  21.679688
0           151  14.746094
01            7   0.683594



      count    pct
ROCK              
0      1024  100.0



     count        pct
ROS                  
1      530  51.757812
100    222  21.679688
0      158  15.429688
101    114  11.132812



      count        pct
Rac1                  
1       530  51.757812
001     222  21.679688
0       158  15.429688
011     114  11.132812



      count        pct
RhoA                  
0       664  64.843750
100     222  21.679688
1       138  13.476562



     count        pct
SSH                  
1      877  85.644531
0       95   9.277344
10      52   5.078125



          count        pct
Thymosin                  
0           877  85.644531
1            97   9.472656
01           50   4.882812



      count        pct
WASP                  
1       644  62.890625
110     222  21.679688
0       151  14.746094
10        7   0.683594



      count        pct
WAVE                  
1       644  62.890625
110     222  21.679688
0       158  15.429688



