          count        pct
ARHGAP22                  
0           624  60.937500
111100      294  28.710938
001          94   9.179688
1            12   1.171875



          count        pct
Actin_BR                  
0           755  73.730469
100         246  24.023438
011          22   2.148438
1             1   0.097656



           count        pct
Actin_ST                   
0            698  68.164062
011110       294  28.710938
000001110     20   1.953125
1             12   1.171875



        count        pct
Arp2_3                  
0         755  73.730469
001       246  24.023438
110        22   2.148438
1           1   0.097656



     count        pct
CP                   
0      769  75.097656
100    233  22.753906
101     21   2.050781
1        1   0.097656



       count        pct
Cdc42                  
1        516  50.390625
0        508  49.609375



         count        pct
Cofilin                  
0          808  78.906250
1          159  15.527344
01          33   3.222656
001         20   1.953125
011          4   0.390625



         count        pct
Coronin                  
0          611  59.667969
1          322  31.445312
01          91   8.886719



           count        pct
Cortactin                  
0            422  41.210938
010000       294  28.710938
010          265  25.878906
101           22   2.148438
000001111     20   1.953125
1              1   0.097656



           count        pct
Dia1                       
0            528  51.562500
111001       294  28.710938
010          170  16.601562
000111100     20   1.953125
1             12   1.171875



           count        pct
Dia2                       
1            528  51.562500
111001       294  28.710938
010          170  16.601562
000111100     20   1.953125
0             12   1.171875



          count        pct
Ena_Vasp                  
1           528  51.562500
011110      294  28.710938
0           108  10.546875
100          94   9.179688



              count        pct
IRSp53_Cdc42                  
1               516  50.390625
0               508  49.609375



             count        pct
IRSp53_Rac1                  
0              422  41.210938
010000         294  28.710938
010            265  25.878906
101             22   2.148438
000001111       20   1.953125
1                1   0.097656



        count        pct
LIMK                    
0         322  31.445312
1         317  30.957031
111110    294  28.710938
10         91   8.886719



           count        pct
NET1                       
0            517  50.488281
110111       294  28.710938
101          170  16.601562
011111000     20   1.953125
1             12   1.171875
001           11   1.074219



           count        pct
PAK                        
1            517  50.488281
010000       294  28.710938
100          170  16.601562
000001111     20   1.953125
0             12   1.171875
101           11   1.074219



      count        pct
PIP2                  
1       526  51.367188
0       498  48.632812



        count        pct
PKD                     
0         624  60.937500
111100    294  28.710938
001        94   9.179688
1          12   1.171875



           count        pct
Profilin                   
0            528  51.562500
111100       294  28.710938
001          170  16.601562
000011110     20   1.953125
1             12   1.171875



        count        pct
ROCK                    
0         624  60.937500
111001    294  28.710938
010        94   9.179688
1          12   1.171875



           count        pct
ROS                        
0            422  41.210938
010000       294  28.710938
010          265  25.878906
101           22   2.148438
000001111     20   1.953125
1              1   0.097656



           count        pct
Rac1                       
0            422  41.210938
100000       294  28.710938
100          265  25.878906
011           22   2.148438
000011110     20   1.953125
1              1   0.097656



           count        pct
RhoA                       
0            528  51.562500
110011       294  28.710938
100          170  16.601562
001111000     20   1.953125
1             12   1.171875



     count        pct
SSH                  
0      611  59.667969
1      322  31.445312
10      91   8.886719



          count        pct
Thymosin                  
1           808  78.906250
0           159  15.527344
01           33   3.222656
011          20   1.953125
010           4   0.390625



      count    pct
WASP              
0      1024  100.0



      count    pct
WAVE              
0      1024  100.0



