                    count        pct
Actin_BR Actin_ST                   
0        0            429  41.894531
         011110       294  28.710938
100      0            246  24.023438
011      0             22   2.148438
0        000001110     20   1.953125
         1             12   1.171875
1        0              1   0.097656



                     count        pct
Rac1      RhoA                       
0         0            410  40.039062
100000    110011       294  28.710938
100       100          170  16.601562
          0             95   9.277344
011       0             22   2.148438
000011110 001111000     20   1.953125
0         1             12   1.171875
1         0              1   0.097656



