          count        pct
ARHGAP22                  
1           888  86.718750
0           118  11.523438
100          18   1.757812



          count        pct
Actin_BR                  
0           958  93.554688
101          47   4.589844
1            13   1.269531
100           6   0.585938



           count        pct
Actin_ST                   
1            888  86.718750
001           53   5.175781
111100000     47   4.589844
101           23   2.246094
0             13   1.269531



        count        pct
Arp2_3                  
0         958  93.554688
011        47   4.589844
1          13   1.269531
001         6   0.585938



     count        pct
CP                   
0      958  93.554688
101     47   4.589844
1       13   1.269531
100      6   0.585938



       count    pct
Cdc42              
0       1024  100.0



         count        pct
Cofilin                  
0          958  93.554688
1           59   5.761719
110          7   0.683594



         count        pct
Coronin                  
0          888  86.718750
1          118  11.523438
110         18   1.757812



           count        pct
Cortactin                  
0            888  86.718750
110           58   5.664062
111110000     47   4.589844
100           18   1.757812
1             13   1.269531



           count        pct
Dia1                       
1            888  86.718750
111000011     47   4.589844
001           47   4.589844
011           29   2.832031
0             13   1.269531



           count        pct
Dia2                       
1            888  86.718750
011           76   7.421875
111000011     47   4.589844
0             13   1.269531



          count        pct
Ena_Vasp                  
1           888  86.718750
0           118  11.523438
010          18   1.757812



              count    pct
IRSp53_Cdc42              
0              1024  100.0



             count        pct
IRSp53_Rac1                  
0              888  86.718750
110             76   7.421875
111110000       47   4.589844
1               13   1.269531



      count        pct
LIMK                  
1       888  86.718750
0       118  11.523438
001      18   1.757812



           count        pct
NET1                       
1            888  86.718750
100           76   7.421875
100000111     47   4.589844
0             13   1.269531



           count        pct
PAK                        
0            888  86.718750
110           76   7.421875
111110000     47   4.589844
1             13   1.269531



      count        pct
PIP2                  
1       524  51.171875
0       500  48.828125



     count        pct
PKD                  
1      888  86.718750
0      118  11.523438
100     18   1.757812



           count        pct
Profilin                   
1            977  95.410156
111111101     47   4.589844



      count        pct
ROCK                  
1       888  86.718750
0       118  11.523438
001      18   1.757812



           count        pct
ROS                        
0            888  86.718750
110           76   7.421875
111110000     47   4.589844
1             13   1.269531



           count        pct
Rac1                       
0            888  86.718750
101           76   7.421875
111100001     47   4.589844
1             13   1.269531



           count        pct
RhoA                       
1            888  86.718750
110           76   7.421875
110000111     47   4.589844
0             13   1.269531



     count        pct
SSH                  
0      888  86.718750
1      118  11.523438
101     18   1.757812



          count        pct
Thymosin                  
1           958  93.554688
0            59   5.761719
100           7   0.683594



      count    pct
WASP              
0      1024  100.0



           count        pct
WAVE                       
0            888  86.718750
1             89   8.691406
111111000     47   4.589844



