                    count        pct
Actin_BR Actin_ST                   
0        1            888  86.718750
101      001           47   4.589844
0        111100000     47   4.589844
         101           23   2.246094
1        0             13   1.269531
100      001            6   0.585938



                     count        pct
Rac1      RhoA                       
0         1            888  86.718750
101       110           76   7.421875
111100001 110000111     47   4.589844
1         0             13   1.269531



