          count        pct
ARHGAP22                  
0           650  63.476562
011110      207  20.214844
010         147  14.355469
1            20   1.953125



          count        pct
Actin_BR                  
001         271  26.464844
1           239  23.339844
000010      207  20.214844
011         203  19.824219
0            74   7.226562
101          30   2.929688



           count        pct
Actin_ST                   
1            294  28.710938
0            147  14.355469
001          140  13.671875
001110       104  10.156250
010           95   9.277344
111110        82   8.007812
001011        76   7.421875
000010        40   3.906250
000001110     23   2.246094
101           10   0.976562
001111         9   0.878906
10             4   0.390625



        count        pct
Arp2_3                  
010       271  26.464844
1         239  23.339844
000100    207  20.214844
110       203  19.824219
0          74   7.226562
011        30   2.929688



        count        pct
CP                      
0         449  43.847656
000010    159  15.527344
001       147  14.355469
1         118  11.523438
011       114  11.132812
010001     21   2.050781
101        14   1.367188
10          2   0.195312



       count        pct
Cdc42                  
0        538  52.539062
1        486  47.460938



         count    pct
Cofilin              
0         1024  100.0



         count        pct
Coronin                  
1          624  60.937500
0          389  37.988281
01          11   1.074219



           count        pct
Cortactin                  
100          271  26.464844
1            239  23.339844
001000       207  20.214844
101          203  19.824219
0             51   4.980469
110           30   2.929688
000001111     23   2.246094



           count        pct
Dia1                       
0            566  55.273438
100          208  20.312500
111100       207  20.214844
000111100     23   2.246094
1             20   1.953125



      count    pct
Dia2              
0      1024  100.0



          count        pct
Ena_Vasp                  
1           615  60.058594
001111      113  11.035156
001          83   8.105469
01           62   6.054688
011111       60   5.859375
0            56   5.468750
101011       33   3.222656
10            2   0.195312



              count        pct
IRSp53_Cdc42                  
0               538  52.539062
1               486  47.460938



             count        pct
IRSp53_Rac1                  
100            271  26.464844
1              239  23.339844
001000         207  20.214844
101            203  19.824219
0               51   4.980469
110             30   2.929688
000001111       23   2.246094



        count        pct
LIMK                    
0         624  60.937500
011111    207  20.214844
1         182  17.773438
10         11   1.074219



           count        pct
NET1                       
0            496  48.437500
011          208  20.312500
111011       207  20.214844
001           40   3.906250
100           30   2.929688
011111000     23   2.246094
1             20   1.953125



           count        pct
PAK                        
1            496  48.437500
001          208  20.312500
001000       207  20.214844
101           40   3.906250
110           30   2.929688
000001111     23   2.246094
0             20   1.953125



      count        pct
PIP2                  
0       523  51.074219
1       501  48.925781



        count        pct
PKD                     
0         650  63.476562
011110    207  20.214844
010       147  14.355469
1          20   1.953125



           count        pct
Profilin                   
1            563  54.980469
011111       158  15.429688
011          136  13.281250
011110       113  11.035156
0             27   2.636719
110011111     23   2.246094
01             4   0.390625



        count        pct
ROCK                    
0         650  63.476562
111100    207  20.214844
100       147  14.355469
1          20   1.953125



           count        pct
ROS                        
100          271  26.464844
1            239  23.339844
001000       207  20.214844
101          203  19.824219
0             51   4.980469
110           30   2.929688
000001111     23   2.246094



           count        pct
Rac1                       
001          271  26.464844
1            239  23.339844
010000       207  20.214844
011          203  19.824219
0             51   4.980469
101           30   2.929688
000011110     23   2.246094



           count        pct
RhoA                       
0            566  55.273438
001          208  20.312500
111001       207  20.214844
001111000     23   2.246094
1             20   1.953125



     count        pct
SSH                  
1      624  60.937500
0      389  37.988281
10      11   1.074219



          count        pct
Thymosin                  
10          361  35.253906
1           312  30.468750
0           296  28.906250
01           55   5.371094



      count        pct
WASP                  
10      361  35.253906
0       312  30.468750
1       296  28.906250
01       55   5.371094



           count        pct
WAVE                       
1            472  46.093750
110          271  26.464844
001100       207  20.214844
0             51   4.980469
100001111     23   2.246094



