                    count        pct
Actin_BR Actin_ST                   
001      001          126  12.304688
1        0            120  11.718750
         1            119  11.621094
000010   001110       104  10.156250
011      010           95   9.277344
001      001011        76   7.421875
011      1             68   6.640625
000010   111110        60   5.859375
011      000010        40   3.906250
001      1             37   3.613281
000010   1             34   3.320312
0        0             27   2.636719
         000001110     23   2.246094
001      111110        22   2.148438
0        1             20   1.953125
101      1             16   1.562500
         001           14   1.367188
001      101           10   0.976562
000010   001111         9   0.878906
0        10             4   0.390625



                     count        pct
Rac1      RhoA                       
1         0            239  23.339844
001       001          208  20.312500
010000    111001       207  20.214844
011       0            203  19.824219
001       0             63   6.152344
0         0             31   3.027344
101       0             30   2.929688
000011110 001111000     23   2.246094
0         1             20   1.953125



