                       count        pct
Actin_BR   Actin_ST                    
1          1             516  25.195312
0          0             490  23.925781
1          11011         143   6.982422
00010      01111         103   5.029297
0110001101 01111          96   4.687500
01010      1              93   4.541016
00010      1              89   4.345703
1          01110          84   4.101562
11011      01111          64   3.125000
101        1              63   3.076172
01001      1100111101     57   2.783203
0          1              55   2.685547
00010      00011          47   2.294922
01         01             42   2.050781
0111011110 01111          39   1.904297
101        011            31   1.513672
010        010            20   0.976562
01011      01101           9   0.439453
01010      00011           5   0.244141
                           2   0.097656



             count        pct
Rac1  RhoA                   
0     1        711  34.716797
10000 11011    488  23.828125
1     0        239  11.669922
10010 01011    201   9.814453
01010 01101    121   5.908203
101   100       94   4.589844
11000 11001     90   4.394531
00111 00110     43   2.099609
00011 00111     39   1.904297
010   011       20   0.976562
                 2   0.097656



