          count    pct
ARHGAP22              
0           960  93.75
             64   6.25



          count        pct
Actin_BR                  
100         368  35.937500
110         356  34.765625
0           216  21.093750
             64   6.250000
1            20   1.953125



           count        pct
Actin_ST                   
100          459  44.824219
1            181  17.675781
000001111    119  11.621094
110           99   9.667969
11110111      82   8.007812
              64   6.250000
0             20   1.953125



        count        pct
Arp2_3                  
001       368  35.937500
101       356  34.765625
0         216  21.093750
           64   6.250000
1          20   1.953125



     count        pct
CP                   
0      397  38.769531
010    274  26.757812
110    269  26.269531
        64   6.250000
1       20   1.953125



       count        pct
Cdc42                  
1        498  48.632812
0        462  45.117188
          64   6.250000



         count        pct
Cofilin                  
0          735  71.777344
1          183  17.871094
            64   6.250000
101         21   2.050781
100         21   2.050781



         count        pct
Coronin                  
1          414  40.429688
0          362  35.351562
100        174  16.992188
            64   6.250000
101         10   0.976562



           count        pct
Cortactin                  
001          371  36.230469
110          368  35.937500
100001111    119  11.621094
10000111      82   8.007812
              64   6.250000
1             20   1.953125



           count        pct
Dia1                       
010          683  66.699219
000111110    119  11.621094
00011110      82   8.007812
              64   6.250000
0             58   5.664062
110           18   1.757812



           count        pct
Dia2                       
1            498  48.632812
101          333  32.519531
000111110    119  11.621094
              64   6.250000
0             10   0.976562



          count        pct
Ena_Vasp                  
1           498  48.632812
0           228  22.265625
011         224  21.875000
             64   6.250000
100          10   0.976562



              count        pct
IRSp53_Cdc42                  
1               498  48.632812
0               462  45.117188
                 64   6.250000



             count        pct
IRSp53_Rac1                  
110            552  53.906250
001            187  18.261719
100001111      119  11.621094
10000111        82   8.007812
                64   6.250000
1               20   1.953125



      count        pct
LIMK                  
0       414  40.429688
1       362  35.351562
011     174  16.992188
         64   6.250000
010      10   0.976562



           count        pct
NET1                       
0            508  49.609375
010          333  32.519531
001111000    119  11.621094
              64   6.250000



           count        pct
PAK                        
1            508  49.609375
011          333  32.519531
100001111    119  11.621094
              64   6.250000



      count        pct
PIP2                  
1       481  46.972656
0       479  46.777344
         64   6.250000



     count        pct
PKD                  
0      414  40.429688
110    362  35.351562
100    184  17.968750
        64   6.250000



           count        pct
Profilin                   
1            572  55.859375
110          187  18.261719
111011111    119  11.621094
11101111      82   8.007812
              64   6.250000



      count        pct
ROCK                  
0       414  40.429688
101     362  35.351562
001     184  17.968750
         64   6.250000



           count        pct
ROS                        
110          552  53.906250
001          187  18.261719
100001111    119  11.621094
10000111      82   8.007812
              64   6.250000
1             20   1.953125



           count        pct
Rac1                       
101          552  53.906250
010          187  18.261719
000011111    119  11.621094
00001111      82   8.007812
              64   6.250000
1             20   1.953125



           count        pct
RhoA                       
011          520  50.781250
100          219  21.386719
001111100    119  11.621094
00111100      82   8.007812
              64   6.250000
0             20   1.953125



     count        pct
SSH                  
1      414  40.429688
0      362  35.351562
001    174  16.992188
        64   6.250000
011     10   0.976562



          count        pct
Thymosin                  
1           735  71.777344
0           183  17.871094
             64   6.250000
101          21   2.050781
001          21   2.050781



      count    pct
WASP              
0       960  93.75
         64   6.25



           count        pct
WAVE                       
1            572  55.859375
101          187  18.261719
110001111    119  11.621094
11000111      82   8.007812
              64   6.250000



