                    count        pct
Actin_BR Actin_ST                   
110      100          269  26.269531
100      100          190  18.554688
         1            178  17.382812
0        000001111    119  11.621094
110      110           84   8.203125
0        11110111      82   8.007812
                       64   6.250000
1        0             20   1.953125
0        110           15   1.464844
110      1              3   0.292969



                     count        pct
Rac1      RhoA                       
101       011          333  32.519531
          100          219  21.386719
010       011          187  18.261719
000011111 001111100    119  11.621094
00001111  00111100      82   8.007812
                        64   6.250000
1         0             20   1.953125



