          count        pct
ARHGAP22                  
0           691  67.480469
011110      154  15.039062
010         150  14.648438
100          17   1.660156
1            12   1.171875



          count        pct
Actin_BR                  
1           532  51.953125
010         226  22.070312
000010      154  15.039062
011          95   9.277344
0            17   1.660156



          count    pct
Actin_ST              
0          1024  100.0



        count        pct
Arp2_3                  
1         532  51.953125
100       226  22.070312
000100    154  15.039062
110        95   9.277344
0          17   1.660156



        count        pct
CP                      
1         532  51.953125
010       226  22.070312
000010    154  15.039062
011        95   9.277344
0          17   1.660156



       count       pct
Cdc42                 
1        520  50.78125
0        504  49.21875



         count        pct
Cofilin                  
1          686  66.992188
0          175  17.089844
010000     150  14.648438
100         11   1.074219
10           2   0.195312



         count        pct
Coronin                  
1          686  66.992188
0          336  32.812500
10           2   0.195312



           count        pct
Cortactin                  
1            532  51.953125
001          226  22.070312
001000       154  15.039062
101           95   9.277344
0             17   1.660156



        count        pct
Dia1                    
0         632  61.718750
100       226  22.070312
111100    154  15.039062
1          12   1.171875



        count        pct
Dia2                    
1         532  51.953125
100       226  22.070312
111100    154  15.039062
0         112  10.937500



          count        pct
Ena_Vasp                  
1           655  63.964844
001111      154  15.039062
101011      150  14.648438
110          59   5.761719
001           6   0.585938



              count       pct
IRSp53_Cdc42                 
1               520  50.78125
0               504  49.21875



             count        pct
IRSp53_Rac1                  
1              532  51.953125
001            226  22.070312
001000         154  15.039062
101             95   9.277344
0               17   1.660156



        count        pct
LIMK                    
0         686  66.992188
1         182  17.773438
011111    154  15.039062
01          2   0.195312



        count        pct
NET1                    
0         537  52.441406
011       226  22.070312
111011    154  15.039062
001        95   9.277344
1          12   1.171875



        count        pct
PAK                     
1         537  52.441406
001       226  22.070312
001000    154  15.039062
101        95   9.277344
0          12   1.171875



      count    pct
PIP2              
0      1024  100.0



        count        pct
PKD                     
0         691  67.480469
011110    154  15.039062
010       150  14.648438
100        17   1.660156
1          12   1.171875



          count    pct
Profilin              
0          1024  100.0



        count        pct
ROCK                    
0         691  67.480469
111100    154  15.039062
100       150  14.648438
001        17   1.660156
1          12   1.171875



        count        pct
ROS                     
1         532  51.953125
001       226  22.070312
001000    154  15.039062
101        95   9.277344
0          17   1.660156



        count        pct
Rac1                    
1         532  51.953125
010       226  22.070312
010000    154  15.039062
011        95   9.277344
0          17   1.660156



        count        pct
RhoA                    
0         632  61.718750
001       226  22.070312
111001    154  15.039062
1          12   1.171875



     count        pct
SSH                  
1      686  66.992188
0      336  32.812500
01       2   0.195312



          count        pct
Thymosin                  
0           697  68.066406
1           175  17.089844
01          150  14.648438
10            2   0.195312



        count        pct
WASP                    
1         627  61.230469
0         175  17.089844
000101    150  14.648438
101        70   6.835938
10          2   0.195312



        count        pct
WAVE                    
1         627  61.230469
101       226  22.070312
001100    154  15.039062
0          17   1.660156



