          count        pct
ARHGAP22                  
1          1524  74.414062
11110       182   8.886719
10101        98   4.785156
11100        67   3.271484
01010        63   3.076172
10010        41   2.001953
00010        32   1.562500
00011        21   1.025391
01000        12   0.585938
0             8   0.390625



          count        pct
Actin_BR                  
0          1088  53.125000
1           615  30.029297
01          345  16.845703



            count        pct
Actin_ST                    
0            1079  52.685547
1             541  26.416016
11110         223  10.888672
01            139   6.787109
11100          56   2.734375
1111111011     10   0.488281



        count        pct
Arp2_3                  
0        1088  53.125000
1         615  30.029297
10        345  16.845703



    count        pct
CP                  
0    1056  51.562500
1     991  48.388672
10      1   0.048828



       count        pct
Cdc42                  
1       1038  50.683594
0       1010  49.316406



            count        pct
Cofilin                     
0            1520  74.218750
1             147   7.177734
01            141   6.884766
11011         140   6.835938
10110          60   2.929688
0100000100     12   0.585938
1010101000     10   0.488281
10001           9   0.439453
00001           9   0.439453



         count    pct
Coronin              
0         2048  100.0



           count        pct
Cortactin                  
0           1524  74.414062
01000        182   8.886719
10010         98   4.785156
11000         67   3.271484
01101         63   3.076172
01011         41   2.001953
01111         32   1.562500
00111         21   1.025391
11101         12   0.585938
1              8   0.390625



      count    pct
Dia1              
0      2048  100.0



       count        pct
Dia2                   
1       1532  74.804688
11101    375  18.310547
11001     88   4.296875
01111     53   2.587891



          count        pct
Ena_Vasp                  
1          2047  99.951172
10            1   0.048828



              count        pct
IRSp53_Cdc42                  
1              1038  50.683594
0              1010  49.316406



             count        pct
IRSp53_Rac1                  
0             1524  74.414062
01000          182   8.886719
10010           98   4.785156
11000           67   3.271484
01101           63   3.076172
01011           41   2.001953
01111           32   1.562500
00111           21   1.025391
11101           12   0.585938
1                8   0.390625



       count        pct
LIMK                   
1       1804  88.085938
10111    130   6.347656
11110     41   2.001953
11000     32   1.562500
11100     21   1.025391
00011     12   0.585938
0          8   0.390625



      count        pct
NET1                  
0      1042  50.878906
1      1006  49.121094



     count        pct
PAK                  
1     1042  50.878906
0     1006  49.121094



      count        pct
PIP2                  
1      1057  51.611328
0       991  48.388672



       count        pct
PKD                    
1       1524  74.414062
11110    182   8.886719
10101     98   4.785156
11100     67   3.271484
01010     63   3.076172
10010     41   2.001953
00010     32   1.562500
00011     21   1.025391
01000     12   0.585938
0          8   0.390625



          count        pct
Profilin                  
0          1079  52.685547
1           830  40.527344
10          139   6.787109



       count        pct
ROCK                   
1       1524  74.414062
11101    182   8.886719
01011     98   4.785156
11001     67   3.271484
10100     63   3.076172
00101     41   2.001953
00100     32   1.562500
00110     21   1.025391
10000     12   0.585938
0          8   0.390625



       count        pct
ROS                    
0       1524  74.414062
01000    182   8.886719
10010     98   4.785156
11000     67   3.271484
01101     63   3.076172
01011     41   2.001953
01111     32   1.562500
00111     21   1.025391
11101     12   0.585938
1          8   0.390625



       count        pct
Rac1                   
0       1524  74.414062
10000    182   8.886719
00101     98   4.785156
10001     67   3.271484
11010     63   3.076172
10110     41   2.001953
11110     32   1.562500
01110     21   1.025391
11011     12   0.585938
1          8   0.390625



       count        pct
RhoA                   
1       1524  74.414062
11011    182   8.886719
10110     98   4.785156
10011     67   3.271484
01001     63   3.076172
01010     41   2.001953
01000     32   1.562500
01100     21   1.025391
00001     12   0.585938
0          8   0.390625



       count        pct
SSH                    
0       1804  88.085938
10000    130   6.347656
00010     41   2.001953
01110     32   1.562500
00110     21   1.025391
11001     12   0.585938
1          8   0.390625



          count        pct
Thymosin                  
0           775  37.841797
01          657  32.080078
1           616  30.078125



      count        pct
WASP                  
1       775  37.841797
01      657  32.080078
0       616  30.078125



       count        pct
WAVE                   
0       1524  74.414062
01100    182   8.886719
1        156   7.617188
11011    119   5.810547
11100     67   3.271484



