                     count        pct
Actin_BR Actin_ST                    
0        0             870  42.480469
1        1             323  15.771484
         11110         223  10.888672
0        1             218  10.644531
01       0             206  10.058594
         01            139   6.787109
1        11100          56   2.734375
         1111111011     10   0.488281
         0               3   0.146484



             count        pct
Rac1  RhoA                   
0     1       1524  74.414062
10000 11011    182   8.886719
00101 10110     98   4.785156
10001 10011     67   3.271484
11010 01001     63   3.076172
10110 01010     41   2.001953
11110 01000     32   1.562500
01110 01100     21   1.025391
11011 00001     12   0.585938
1     0          8   0.390625



