          count        pct
ARHGAP22                  
0           275  26.855469
1           239  23.339844
010         237  23.144531
011110      149  14.550781
100          90   8.789062
             34   3.320312



          count        pct
Actin_BR                  
010         358  34.960938
0           271  26.464844
000010      149  14.550781
101         102   9.960938
100          90   8.789062
             34   3.320312
1            20   1.953125



           count        pct
Actin_ST                   
1            276  26.953125
0            267  26.074219
001          262  25.585938
110100        90   8.789062
100111        71   6.933594
              34   3.320312
001100        17   1.660156
000000110      7   0.683594



        count        pct
Arp2_3                  
100       358  34.960938
0         271  26.464844
000100    149  14.550781
011       102   9.960938
001        90   8.789062
           34   3.320312
1          20   1.953125



        count        pct
CP                      
1         524  51.171875
0         368  35.937500
100000     90   8.789062
           34   3.320312
001         8   0.781250



       count        pct
Cdc42                  
0        990  96.679688
          34   3.320312



         count        pct
Cofilin                  
0          726  70.898438
1          264  25.781250
            34   3.320312



         count        pct
Coronin                  
0          715  69.824219
1          275  26.855469
            34   3.320312



           count        pct
Cortactin                  
0            990  96.679688
              34   3.320312



           count        pct
Dia1                       
0            584  57.031250
010          155  15.136719
111100       149  14.550781
001           90   8.789062
              34   3.320312
001111000      7   0.683594
1              5   0.488281



           count        pct
Dia2                       
110          464  45.312500
1            280  27.343750
111100       149  14.550781
011           90   8.789062
              34   3.320312
001111110      7   0.683594



          count        pct
Ena_Vasp                  
1           510  49.804688
001         215  20.996094
111010       90   8.789062
101111       71   6.933594
011          55   5.371094
             34   3.320312
0            32   3.125000
111100       17   1.660156



              count        pct
IRSp53_Cdc42                  
0               990  96.679688
                 34   3.320312



             count        pct
IRSp53_Rac1                  
001            362  35.351562
0              260  25.390625
001000         149  14.550781
110            102   9.960938
010             90   8.789062
                34   3.320312
1               20   1.953125
000011110        7   0.683594



        count        pct
LIMK                    
1         566  55.273438
0         275  26.855469
011111    149  14.550781
           34   3.320312



           count        pct
NET1                       
011          362  35.351562
1            260  25.390625
111011       149  14.550781
100          102   9.960938
110           90   8.789062
              34   3.320312
0             20   1.953125
111110000      7   0.683594



           count        pct
PAK                        
001          362  35.351562
0            260  25.390625
001000       149  14.550781
110          102   9.960938
010           90   8.789062
              34   3.320312
1             20   1.953125
000011110      7   0.683594



      count        pct
PIP2                  
0       524  51.171875
1       466  45.507812
         34   3.320312



        count        pct
PKD                     
0         275  26.855469
1         239  23.339844
010       237  23.144531
011110    149  14.550781
100        90   8.789062
           34   3.320312



           count        pct
Profilin                   
1            331  32.324219
0            255  24.902344
110          207  20.214844
101           90   8.789062
001111        71   6.933594
              34   3.320312
011000        17   1.660156
001           12   1.171875
000001100      7   0.683594



        count        pct
ROCK                    
0         275  26.855469
1         239  23.339844
100       237  23.144531
111100    149  14.550781
001        90   8.789062
           34   3.320312



           count        pct
ROS                        
001          362  35.351562
0            260  25.390625
001000       149  14.550781
110          102   9.960938
010           90   8.789062
              34   3.320312
1             20   1.953125
000011110      7   0.683594



           count        pct
Rac1                       
010          362  35.351562
0            260  25.390625
010000       149  14.550781
101          102   9.960938
100           90   8.789062
              34   3.320312
1             20   1.953125
000111100      7   0.683594



           count        pct
RhoA                       
001          362  35.351562
1            260  25.390625
111001       149  14.550781
0            122  11.914062
010           90   8.789062
              34   3.320312
011110000      7   0.683594



     count        pct
SSH                  
0      715  69.824219
1      275  26.855469
        34   3.320312



          count        pct
Thymosin                  
1           418  40.820312
0           410  40.039062
01          161  15.722656
             34   3.320312
10            1   0.097656



      count        pct
WASP                  
0       439  42.871094
1       275  26.855469
01      161  15.722656
100      59   5.761719
110      55   5.371094
         34   3.320312
10        1   0.097656



           count        pct
WAVE                       
101          362  35.351562
0            260  25.390625
001100       149  14.550781
1            122  11.914062
011           90   8.789062
              34   3.320312
000011111      7   0.683594



