                   count        pct
Actin_BR Actin_ST                  
1        1           513  50.097656
101      1           179  17.480469
0        0           153  14.941406
100      110         104  10.156250
001000   101111       17   1.660156
         1            14   1.367188
         111100       11   1.074219
001010   1            10   0.976562
         110100        4   0.390625
001000   001100        4   0.390625
001010   101111        3   0.292969
0        1             3   0.292969
         01            3   0.292969
1        0             2   0.195312
001010   001100        2   0.195312
10       01            1   0.097656
         1             1   0.097656



               count        pct
Rac1   RhoA                    
1      0         515  50.292969
101    010       179  17.480469
0      1         133  12.988281
100    011       104  10.156250
000001 110111     46   4.492188
0      0          26   2.539062
010001 110101     19   1.855469
01     01          2   0.195312



