          count        pct
ARHGAP22                  
0           624  60.937500
011110      237  23.144531
010         101   9.863281
001          43   4.199219
             10   0.976562
1             9   0.878906



          count        pct
Actin_BR                  
1           422  41.210938
0           246  24.023438
001         189  18.457031
000010      120  11.718750
011          37   3.613281
             10   0.976562



           count        pct
Actin_ST                   
0            494  48.242188
001          202  19.726562
001110       155  15.136719
011110        82   8.007812
10            69   6.738281
              10   0.976562
1              9   0.878906
110000001      3   0.292969



        count        pct
Arp2_3                  
1         422  41.210938
0         246  24.023438
010       189  18.457031
000100    120  11.718750
110        37   3.613281
           10   0.976562



        count        pct
CP                      
1         422  41.210938
0         246  24.023438
001       189  18.457031
000010    120  11.718750
011        37   3.613281
           10   0.976562



       count        pct
Cdc42                  
1        508  49.609375
0        506  49.414062
          10   0.976562



         count        pct
Cofilin                  
1          504  49.218750
0          430  41.992188
10          67   6.542969
01          13   1.269531
            10   0.976562



         count        pct
Coronin                  
1          591  57.714844
0          406  39.648438
10          17   1.660156
            10   0.976562



           count        pct
Cortactin                  
0           1014  99.023438
              10   0.976562



           count        pct
Dia1                       
0            563  54.980469
111100       237  23.144531
010          202  19.726562
              10   0.976562
1              9   0.878906
100000111      3   0.292969



           count        pct
Dia2                       
1            517  50.488281
111100       237  23.144531
010          202  19.726562
0             55   5.371094
              10   0.976562
100000111      3   0.292969



          count        pct
Ena_Vasp                  
0          1014  99.023438
             10   0.976562



              count        pct
IRSp53_Cdc42                  
1               508  49.609375
0               506  49.414062
                 10   0.976562



             count        pct
IRSp53_Rac1                  
1              422  41.210938
001000         237  23.144531
100            202  19.726562
0              113  11.035156
101             37   3.613281
                10   0.976562
111000001        3   0.292969



        count        pct
LIMK                    
0         591  57.714844
011111    237  23.144531
1         169  16.503906
01         17   1.660156
           10   0.976562



           count        pct
NET1                       
0            526  51.367188
111011       237  23.144531
101          202  19.726562
001           37   3.613281
              10   0.976562
1              9   0.878906
000011111      3   0.292969



           count        pct
PAK                        
1            526  51.367188
001000       237  23.144531
100          202  19.726562
101           37   3.613281
              10   0.976562
0              9   0.878906
111000001      3   0.292969



      count        pct
PIP2                  
1       531  51.855469
0       483  47.167969
         10   0.976562



        count        pct
PKD                     
0         624  60.937500
011110    237  23.144531
010       101   9.863281
001        43   4.199219
           10   0.976562
1           9   0.878906



           count        pct
Profilin                   
1            565  55.175781
011110       130  12.695312
011111       120  11.718750
110           92   8.984375
01            69   6.738281
0             35   3.417969
              10   0.976562
111110011      3   0.292969



        count        pct
ROCK                    
0         624  60.937500
111100    237  23.144531
100       101   9.863281
010        43   4.199219
           10   0.976562
1           9   0.878906



           count        pct
ROS                        
1            422  41.210938
001000       237  23.144531
100          202  19.726562
0            113  11.035156
101           37   3.613281
              10   0.976562
111000001      3   0.292969



           count        pct
Rac1                       
1            422  41.210938
010000       237  23.144531
001          202  19.726562
0            113  11.035156
011           37   3.613281
              10   0.976562
110000011      3   0.292969



           count        pct
RhoA                       
0            563  54.980469
111001       237  23.144531
100          202  19.726562
              10   0.976562
1              9   0.878906
000001111      3   0.292969



     count        pct
SSH                  
1      591  57.714844
0      406  39.648438
01      17   1.660156
        10   0.976562



          count        pct
Thymosin                  
0           587  57.324219
1           236  23.046875
10          191  18.652344
             10   0.976562



      count        pct
WASP                  
1       538  52.539062
0       236  23.046875
10      191  18.652344
100      29   2.832031
101      20   1.953125
         10   0.976562



           count        pct
WAVE                       
1            459  44.824219
001100       237  23.144531
110          202  19.726562
0            113  11.035156
              10   0.976562
111100001      3   0.292969



