                   count        pct
Actin_BR Actin_ST                  
1        1           232  22.656250
110      101111      204  19.921875
0        0           163  15.917969
100      100          94   9.179688
010      010011       68   6.640625
100      1            46   4.492188
000010   001111       39   3.808594
011      1            37   3.613281
010      01           31   3.027344
         000101       27   2.636719
000010   1            21   2.050781
100      0            20   1.953125
011      0            16   1.562500
000010   000011       13   1.269531
0        1             6   0.585938
         10            5   0.488281
1        0             2   0.195312



               count        pct
Rac1   RhoA                    
1      0         234  22.851562
110    0         204  19.921875
100    010       152  14.843750
0      1         134  13.085938
010000 111001     73   7.128906
010    001        68   6.640625
       0          58   5.664062
011    0          53   5.175781
0      0          40   3.906250
100    0           8   0.781250



