                                         count        pct
cycle_Actin_BR_norm cycle_Actin_ST_norm                  
1                   1                      616  60.156250
0                   0                      210  20.507812
1                   1101                   132  12.890625
1110                1                       26   2.539062
                    1101                    25   2.441406
110                 101                     12   1.171875
1                   10                       3   0.292969



