                   count        pct
Actin_BR Actin_ST                  
0        0           560  27.343750
101      1           308  15.039062
1        1           304  14.843750
101      110         242  11.816406
100      1           227  11.083984
         0           199   9.716797
         001          95   4.638672
0        1            79   3.857422
         01           21   1.025391
1        0            13   0.634766



           count        pct
Rac1 RhoA                  
0    0       660  32.226562
101  0       550  26.855469
100  0       521  25.439453
1    0       317  15.478516



