          count        pct
ARHGAP22                  
0           631  61.621094
011         122  11.914062
1           120  11.718750
111110       60   5.859375
001          32   3.125000
010110       27   2.636719
010111       25   2.441406
10            7   0.683594



          count        pct
Actin_BR                  
1           505  49.316406
010         166  16.210938
0           143  13.964844
011          91   8.886719
000100       60   5.859375
100110       27   2.636719
100010       25   2.441406
01            7   0.683594



          count        pct
Actin_ST                  
1           690  67.382812
0           137  13.378906
011          97   9.472656
011111       38   3.710938
010011       24   2.343750
011000       13   1.269531
111001        8   0.781250
10            6   0.585938
001           6   0.585938
100011        5   0.488281



        count        pct
Arp2_3                  
1         505  49.316406
100       166  16.210938
0         143  13.964844
110        91   8.886719
001000     60   5.859375
001101     27   2.636719
000101     25   2.441406
10          7   0.683594



        count        pct
CP                      
1         525  51.269531
0         474  46.289062
000010     20   1.953125
01          5   0.488281



       count   pct
Cdc42             
1        512  50.0
0        512  50.0



         count        pct
Cofilin                  
1          543  53.027344
0          281  27.441406
011         64   6.250000
010000      50   4.882812
010         48   4.687500
01          38   3.710938



         count        pct
Coronin                  
1          614  59.960938
0          341  33.300781
101         32   3.125000
001010      27   2.636719
01          10   0.976562



           count        pct
Cortactin                  
1            505  49.316406
001          180  17.578125
0            143  13.964844
101           77   7.519531
010000        60   5.859375
011010        27   2.636719
001010        25   2.441406
01             7   0.683594



        count        pct
Dia1                    
0         783  76.464844
010        70   6.835938
111101     60   5.859375
110        29   2.832031
101100     27   2.636719
101110     25   2.441406
101        19   1.855469
01          7   0.683594
1           4   0.390625



        count        pct
Dia2                    
1         887  86.621094
111101     87   8.496094
101110     25   2.441406
0          18   1.757812
01          7   0.683594



          count        pct
Ena_Vasp                  
1           862  84.179688
101111       71   6.933594
110          55   5.371094
101011       26   2.539062
01            5   0.488281
0             5   0.488281



              count   pct
IRSp53_Cdc42             
1               512  50.0
0               512  50.0



             count        pct
IRSp53_Rac1                  
1              505  49.316406
001            160  15.625000
0              143  13.964844
101             97   9.472656
010000          60   5.859375
011010          27   2.636719
001010          25   2.441406
01               7   0.683594



      count        pct
LIMK                  
0       626  61.132812
1       341  33.300781
01       27   2.636719
100      14   1.367188
10       10   0.976562
010       6   0.585938



        count        pct
NET1                    
0         523  51.074219
011       160  15.625000
1         125  12.207031
001        97   9.472656
110111     60   5.859375
110010     27   2.636719
111010     25   2.441406
01          7   0.683594



        count        pct
PAK                     
1         523  51.074219
001       160  15.625000
0         125  12.207031
101        97   9.472656
010000     60   5.859375
011010     27   2.636719
001010     25   2.441406
01          7   0.683594



      count        pct
PIP2                  
0       525  51.269531
1       499  48.730469



        count        pct
PKD                     
0         631  61.621094
011       122  11.914062
1         120  11.718750
111110     60   5.859375
001        32   3.125000
010110     27   2.636719
010111     25   2.441406
10          7   0.683594



          count        pct
Profilin                  
1           703  68.652344
0           136  13.281250
110         112  10.937500
111110       46   4.492188
110000       13   1.269531
010           6   0.585938
000111        5   0.488281
01            3   0.292969



        count        pct
ROCK                    
0         631  61.621094
110       122  11.914062
1         120  11.718750
111101     60   5.859375
010        32   3.125000
101100     27   2.636719
101110     25   2.441406
01          7   0.683594



     count    pct
ROS              
0     1024  100.0



        count        pct
Rac1                    
1         505  49.316406
010       160  15.625000
0         143  13.964844
011        97   9.472656
100000     60   5.859375
110100     27   2.636719
010100     25   2.441406
10          7   0.683594



        count        pct
RhoA                    
0         523  51.074219
101       160  15.625000
1         125  12.207031
100        97   9.472656
111011     60   5.859375
011001     27   2.636719
011101     25   2.441406
10          7   0.683594



        count        pct
SSH                     
1         614  59.960938
0         341  33.300781
011        32   3.125000
010100     27   2.636719
10         10   0.976562



          count        pct
Thymosin                  
0           718  70.117188
1           154  15.039062
01          152  14.843750



        count        pct
WASP                    
1         618  60.351562
0         159  15.527344
01        128  12.500000
101        95   9.277344
000101     24   2.343750



        count        pct
WAVE                    
1         609  59.472656
101       160  15.625000
0         143  13.964844
011000     60   5.859375
011111     27   2.636719
001111     25   2.441406



