                   count        pct
Actin_BR Actin_ST                  
1        1           505  49.316406
0        0           137  13.378906
010      011          88   8.593750
011      1            82   8.007812
010      1            48   4.687500
000100   011111       32   3.125000
100110   1            27   2.636719
010      010011       24   2.343750
000100   1            15   1.464844
         011000       13   1.269531
011      011           9   0.878906
100010   111001        8   0.781250
         011111        6   0.585938
         1             6   0.585938
010      001           6   0.585938
100010   100011        5   0.488281
01       1             4   0.390625
         10            3   0.292969
0        10            3   0.292969
         1             3   0.292969



               count        pct
Rac1   RhoA                    
1      0         505  49.316406
010    101       160  15.625000
0      1         125  12.207031
011    100        97   9.472656
100000 111011     60   5.859375
110100 011001     27   2.636719
010100 011101     25   2.441406
0      0          18   1.757812
10     10          7   0.683594



