          count        pct
ARHGAP22                  
0           599  58.496094
010         247  24.121094
011110      167  16.308594
1            11   1.074219



          count        pct
Actin_BR                  
100         479  46.777344
110         213  20.800781
000010      167  16.308594
0           107  10.449219
1            58   5.664062



          count        pct
Actin_ST                  
010         424  41.406250
0           210  20.507812
110         133  12.988281
1            90   8.789062
001111       90   8.789062
001110       77   7.519531



        count        pct
Arp2_3                  
001       479  46.777344
101       213  20.800781
000100    167  16.308594
0         107  10.449219
1          58   5.664062



        count        pct
CP                      
0         409  39.941406
010       346  33.789062
101       146  14.257812
000010     77   7.519531
1          46   4.492188



       count        pct
Cdc42                  
1        521  50.878906
0        503  49.121094



         count        pct
Cofilin                  
0          761  74.316406
010         99   9.667969
1           80   7.812500
011         78   7.617188
01           6   0.585938



         count    pct
Coronin              
0         1024  100.0



           count        pct
Cortactin                  
010          479  46.777344
011          213  20.800781
001000       167  16.308594
0            107  10.449219
1             58   5.664062



        count        pct
Dia1                    
0         599  58.496094
100       247  24.121094
111100    167  16.308594
1          11   1.074219



        count        pct
Dia2                    
1         532  51.953125
100       247  24.121094
111100    167  16.308594
0          78   7.617188



          count        pct
Ena_Vasp                  
1           532  51.953125
001         247  24.121094
001111      167  16.308594
0            78   7.617188



              count        pct
IRSp53_Cdc42                  
1               521  50.878906
0               503  49.121094



             count        pct
IRSp53_Rac1                  
010            479  46.777344
011            213  20.800781
001000         167  16.308594
0              107  10.449219
1               58   5.664062



        count        pct
LIMK                    
1         354  34.570312
110       232  22.656250
011111    167  16.308594
010       145  14.160156
0         126  12.304688



        count        pct
NET1                    
0         531  51.855469
011       247  24.121094
111011    167  16.308594
100        68   6.640625
1          11   1.074219



        count        pct
PAK                     
1         531  51.855469
001       247  24.121094
001000    167  16.308594
110        68   6.640625
0          11   1.074219



      count        pct
PIP2                  
1       517  50.488281
0       507  49.511719



        count        pct
PKD                     
0         599  58.496094
010       247  24.121094
011110    167  16.308594
1          11   1.074219



          count        pct
Profilin                  
101         479  46.777344
1           282  27.539062
011110      167  16.308594
0            96   9.375000



        count        pct
ROCK                    
0         599  58.496094
100       247  24.121094
111100    167  16.308594
1          11   1.074219



        count        pct
ROS                     
010       479  46.777344
011       213  20.800781
001000    167  16.308594
0         107  10.449219
1          58   5.664062



        count        pct
Rac1                    
100       479  46.777344
110       213  20.800781
010000    167  16.308594
0         107  10.449219
1          58   5.664062



        count        pct
RhoA                    
0         599  58.496094
001       247  24.121094
111001    167  16.308594
1          11   1.074219



     count        pct
SSH                  
0      521  50.878906
010    232  22.656250
011    213  20.800781
1       58   5.664062



          count        pct
Thymosin                  
1           761  74.316406
110          99   9.667969
0            80   7.812500
010          78   7.617188
01            6   0.585938



      count    pct
WASP              
0      1024  100.0



        count        pct
WAVE                    
011       479  46.777344
1         271  26.464844
001100    167  16.308594
0         107  10.449219



