                   count        pct
Actin_BR Actin_ST                  
1        0           281  27.441406
001      0           280  27.343750
011      0           223  21.777344
000010   0           162  15.820312
0        0            78   7.617188



               count        pct
Rac1   RhoA                    
1      0         281  27.441406
001    100       226  22.070312
011    0         223  21.777344
010000 111001    162  15.820312
0      0          67   6.542969
001    0          54   5.273438
0      1          11   1.074219



