          count        pct
ARHGAP22                  
1          1387  67.724609
10111       260  12.695312
0           233  11.376953
11010       134   6.542969
             29   1.416016
100           5   0.244141



               count        pct
Actin_BR                       
0               1416  69.140625
10000            260  12.695312
011              138   6.738281
01011            134   6.542969
001               48   2.343750
                  29   1.416016
0100010010010     18   0.878906
1                  5   0.244141



               count        pct
Actin_ST                       
0               1456  71.093750
11000            260  12.695312
01101            134   6.542969
110              130   6.347656
                  29   1.416016
0111010010011     18   0.878906
010               18   0.878906
1                  3   0.146484



               count        pct
Arp2_3                         
0               1416  69.140625
00001            260  12.695312
110              138   6.738281
10110            134   6.542969
010               48   2.343750
                  29   1.416016
1000100100100     18   0.878906
1                  5   0.244141



               count        pct
CP                             
1               1039  50.732422
0                954  46.582031
                  29   1.416016
0100010010010     18   0.878906
101                8   0.390625



       count        pct
Cdc42                  
1       1087  53.076172
0        932  45.507812
          29   1.416016



               count        pct
Cofilin                        
0               1787  87.255859
1                130   6.347656
101               84   4.101562
                  29   1.416016
0000010010010     18   0.878906



         count        pct
Coronin                  
0         1781  86.962891
1          233  11.376953
            29   1.416016
110          5   0.244141



               count        pct
Cortactin                      
0               1411  68.896484
00010            260  12.695312
101              138   6.738281
01001            134   6.542969
100               53   2.587891
                  29   1.416016
1011011001001     18   0.878906
1                  5   0.244141



               count        pct
Dia1                           
0               1039  50.732422
1                479  23.388672
01111            260  12.695312
10101            134   6.542969
010               84   4.101562
                  29   1.416016
1101100100110     18   0.878906
011                5   0.244141



               count        pct
Dia2                           
1               1472  71.875000
01111            394  19.238281
101              135   6.591797
                  29   1.416016
1111111101111     18   0.878906



          count        pct
Ena_Vasp                  
1          1927  94.091797
0            87   4.248047
             29   1.416016
010           5   0.244141



              count        pct
IRSp53_Cdc42                  
1              1087  53.076172
0               932  45.507812
                 29   1.416016



               count        pct
IRSp53_Rac1                    
0               1411  68.896484
00010            260  12.695312
101              143   6.982422
01001            134   6.542969
100               48   2.343750
                  29   1.416016
1011011001001     18   0.878906
1                  5   0.244141



      count        pct
LIMK                  
0      2019  98.583984
         29   1.416016



               count        pct
NET1                           
0               1089  53.173828
1                856  41.796875
101               30   1.464844
                  29   1.416016
100               26   1.269531
0010010011011     18   0.878906



               count        pct
PAK                            
1               1089  53.173828
0                856  41.796875
100               30   1.464844
                  29   1.416016
110               26   1.269531
1011011001001     18   0.878906



      count        pct
PIP2                  
0      1038  50.683594
1       981  47.900391
         29   1.416016



       count        pct
PKD                    
1       1387  67.724609
10111    260  12.695312
0        233  11.376953
11010    134   6.542969
          29   1.416016
100        5   0.244141



               count        pct
Profilin                       
0               1412  68.945312
10001            260  12.695312
11010            134   6.542969
011              129   6.298828
1                 66   3.222656
                  29   1.416016
1110110110110     18   0.878906



       count        pct
ROCK                   
1       1387  67.724609
01111    260  12.695312
0        233  11.376953
10101    134   6.542969
          29   1.416016
001        5   0.244141



               count        pct
ROS                            
0               1411  68.896484
00010            260  12.695312
101              143   6.982422
01001            134   6.542969
100               48   2.343750
                  29   1.416016
1011011001001     18   0.878906
1                  5   0.244141



               count        pct
Rac1                           
0               1411  68.896484
00100            260  12.695312
011              143   6.982422
10010            134   6.542969
001               48   2.343750
                  29   1.416016
0110110010011     18   0.878906
1                  5   0.244141



               count        pct
RhoA                           
1               1441  70.361328
11110            260  12.695312
01011            134   6.542969
001              117   5.712891
011               44   2.148438
                  29   1.416016
1011011011111     18   0.878906
0                  5   0.244141



     count        pct
SSH                  
0     1781  86.962891
1      233  11.376953
        29   1.416016
101      5   0.244141



               count        pct
Thymosin                       
1               1787  87.255859
0                130   6.347656
001               84   4.101562
                  29   1.416016
1111110110110     18   0.878906



      count        pct
WASP                  
0      2019  98.583984
         29   1.416016



               count        pct
WAVE                           
0               1411  68.896484
00011            260  12.695312
1                148   7.226562
11101            134   6.542969
110               48   2.343750
                  29   1.416016
1111111101101     18   0.878906



