                             count        pct
Actin_BR      Actin_ST                       
0             0               1411  68.896484
10000         11000            260  12.695312
01011         01101            134   6.542969
011           110              125   6.103516
001           0                 30   1.464844
                                29   1.416016
0100010010010 0111010010011     18   0.878906
001           010               18   0.878906
011           0                 13   0.634766
0             110                5   0.244141
1             1                  3   0.146484
              0                  2   0.097656



                             count        pct
Rac1          RhoA                           
0             1               1411  68.896484
00100         11110            260  12.695312
10010         01011            134   6.542969
011           001              117   5.712891
001           1                 30   1.464844
                                29   1.416016
011           011               26   1.269531
0110110010011 1011011011111     18   0.878906
001           011               18   0.878906
1             0                  5   0.244141



