          count        pct
ARHGAP22                  
1           666  65.039062
11101       147  14.355469
11010        53   5.175781
01010        44   4.296875
11100        36   3.515625
10101        29   2.832031
10001        13   1.269531
10011        11   1.074219
10000        10   0.976562
00100         7   0.683594
00110         6   0.585938
0             2   0.195312



            count        pct
Actin_BR                    
0             535  52.246094
1             275  26.855469
0100           56   5.468750
01             42   4.101562
0011010110     41   4.003906
11110          35   3.417969
00100          18   1.757812
1110011101     11   1.074219
00101          11   1.074219



            count        pct
Actin_ST                    
1             668  65.234375
0             142  13.867188
01             98   9.570312
1111011111     87   8.496094
11110          29   2.832031



            count        pct
Arp2_3                      
0             535  52.246094
1             275  26.855469
1000           56   5.468750
10             42   4.101562
0110101100     41   4.003906
11101          35   3.417969
01000          18   1.757812
1100111011     11   1.074219
01010          11   1.074219



      count        pct
CP                    
0       784  76.562500
1       142  13.867188
0100     56   5.468750
01       42   4.101562



       count        pct
Cdc42                  
1        533  52.050781
0        491  47.949219



            count        pct
Cofilin                     
0             785  76.660156
0100           56   5.468750
10111          49   4.785156
01             42   4.101562
10101          24   2.343750
10011          19   1.855469
1              17   1.660156
0001010000      9   0.878906
01010           8   0.781250
00110           8   0.781250
00100           4   0.390625
0000010000      3   0.292969



         count    pct
Coronin              
0         1024  100.0



           count        pct
Cortactin                  
0            666  65.039062
10000        147  14.355469
01001         53   5.175781
01101         44   4.296875
11000         36   3.515625
10010         29   2.832031
10011         13   1.269531
00011         11   1.074219
11011         10   0.976562
11110          7   0.683594
01110          6   0.585938
1              2   0.195312



       count        pct
Dia1                   
1        551  53.808594
0        143  13.964844
11011     98   9.570312
1101      56   5.468750
01        42   4.101562
10101     29   2.832031
01011     29   2.832031
10100     27   2.636719
11100     17   1.660156
00111     11   1.074219
01100      6   0.585938
00001      6   0.585938
11000      5   0.488281
00100      4   0.390625



      count    pct
Dia2              
1      1024  100.0



          count    pct
Ena_Vasp              
1          1024  100.0



              count        pct
IRSp53_Cdc42                  
1               533  52.050781
0               491  47.949219



             count        pct
IRSp53_Rac1                  
0              666  65.039062
10000          147  14.355469
01001           53   5.175781
01101           44   4.296875
11000           36   3.515625
10010           29   2.832031
10011           13   1.269531
00011           11   1.074219
11011           10   0.976562
11110            7   0.683594
01110            6   0.585938
1                2   0.195312



      count    pct
LIMK              
1      1024  100.0



      count        pct
NET1                  
0       533  52.050781
1       491  47.949219



     count        pct
PAK                  
1      533  52.050781
0      491  47.949219



      count        pct
PIP2                  
1       524  51.171875
0       500  48.828125



       count        pct
PKD                    
1        666  65.039062
11101    147  14.355469
11010     53   5.175781
01010     44   4.296875
11100     36   3.515625
10101     29   2.832031
10001     13   1.269531
10011     11   1.074219
10000     10   0.976562
00100      7   0.683594
00110      6   0.585938
0          2   0.195312



            count        pct
Profilin                    
1             810  79.101562
1110111111     87   8.496094
1110           56   5.468750
10             42   4.101562
11101          29   2.832031



       count        pct
ROCK                   
1        666  65.039062
11011    147  14.355469
10101     53   5.175781
10100     44   4.296875
11001     36   3.515625
01011     29   2.832031
00011     13   1.269531
00111     11   1.074219
00001     10   0.976562
01000      7   0.683594
01100      6   0.585938
0          2   0.195312



       count        pct
ROS                    
0        666  65.039062
10000    147  14.355469
01001     53   5.175781
01101     44   4.296875
11000     36   3.515625
10010     29   2.832031
10011     13   1.269531
00011     11   1.074219
11011     10   0.976562
11110      7   0.683594
01110      6   0.585938
1          2   0.195312



       count        pct
Rac1                   
0        666  65.039062
00001    147  14.355469
10010     53   5.175781
11010     44   4.296875
10001     36   3.515625
00101     29   2.832031
00111     13   1.269531
00110     11   1.074219
10111     10   0.976562
11101      7   0.683594
11100      6   0.585938
1          2   0.195312



       count        pct
RhoA                   
1        666  65.039062
10111    147  14.355469
01011     53   5.175781
01001     44   4.296875
10011     36   3.515625
10110     29   2.832031
00110     13   1.269531
01110     11   1.074219
00010     10   0.976562
10000      7   0.683594
11000      6   0.585938
0          2   0.195312



     count    pct
SSH              
0     1024  100.0



          count        pct
Thymosin                  
01          374  36.523438
0           336  32.812500
1           314  30.664062



      count        pct
WASP                  
01      374  36.523438
1       336  32.812500
0       314  30.664062



       count        pct
WAVE                   
0        666  65.039062
11000    147  14.355469
11101     66   6.445312
1         63   6.152344
11100     36   3.515625
11011     35   3.417969
10011     11   1.074219



