                       count        pct
Actin_BR   Actin_ST                    
0          1             535  52.246094
1          0             142  13.867188
           1             133  12.988281
0100       01             56   5.468750
01         01             42   4.101562
0011010110 1111011111     41   4.003906
11110      1111011111     35   3.417969
00100      11110          18   1.757812
1110011101 1111011111     11   1.074219
00101      11110          11   1.074219



             count        pct
Rac1  RhoA                   
0     1        666  65.039062
00001 10111    147  14.355469
10010 01011     53   5.175781
11010 01001     44   4.296875
10001 10011     36   3.515625
00101 10110     29   2.832031
00111 00110     13   1.269531
00110 01110     11   1.074219
10111 00010     10   0.976562
11101 10000      7   0.683594
11100 11000      6   0.585938
1     0          2   0.195312



