                     count        pct
cycle_Actin_BR_norm                  
1                      353  34.472656
0                      271  26.464844
01                     191  18.652344
1011                   132  12.890625
011                     41   4.003906
0001                    36   3.515625



                     count        pct
cycle_Actin_ST_norm                  
0                      551  53.808594
1                      283  27.636719
1110                    85   8.300781
10                      75   7.324219
110                     20   1.953125
01                      10   0.976562



                   count        pct
cycle_Arp2_3_norm                  
1                    353  34.472656
0                    271  26.464844
10                   191  18.652344
0111                 132  12.890625
110                   41   4.003906
0010                  36   3.515625



               count        pct
cycle_CP_norm                  
1                517  50.488281
0                507  49.511719



                  count        pct
cycle_Cdc42_norm                  
0                   521  50.878906
1                   503  49.121094



                    count        pct
cycle_Cofilin_norm                  
0                     684  66.796875
1                     163  15.917969
10                     76   7.421875
1011                   41   4.003906
01                     27   2.636719
110                    21   2.050781
1000                   12   1.171875



                    count        pct
cycle_Coronin_norm                  
0                     644  62.890625
0100                  215  20.996094
1                     105  10.253906
1011                   50   4.882812
01                     10   0.976562



                      count        pct
cycle_Cortactin_norm                  
0                       469  45.800781
1100                    216  21.093750
0100                    164  16.015625
1                        62   6.054688
1011                     50   4.882812
101                      41   4.003906
01                       21   2.050781
01110                     1   0.097656



                 count    pct
cycle_Dia1_norm              
0                 1024  100.0



                 count        pct
cycle_Dia2_norm                  
1                  531  51.855469
1101               430  41.992188
101                 41   4.003906
01                  21   2.050781
11110                1   0.097656



                     count        pct
cycle_Ena_Vasp_norm                  
1                     1019  99.511719
1011                     4   0.390625
00111                    1   0.097656



                   count        pct
cycle_IRSp53_norm                  
1                    550  53.710938
0                    449  43.847656
1011                  24   2.343750
01110                  1   0.097656



                 count        pct
cycle_LIMK_norm                  
1                  644  62.890625
1011               215  20.996094
0                  105  10.253906
0100                50   4.882812
10                  10   0.976562



                count        pct
cycle_PAK_norm                  
1                 999  97.558594
1011               24   2.343750
01110               1   0.097656



                 count        pct
cycle_PIP2_norm                  
0                  517  50.488281
1                  507  49.511719



                count        pct
cycle_PKD_norm                  
1                 469  45.800781
1100              215  20.996094
1110              164  16.015625
0                 105  10.253906
0001               50   4.882812
10                 21   2.050781



                     count        pct
cycle_Profilin_norm                  
0                      551  53.808594
1                      391  38.183594
01                      75   7.324219
10                       7   0.683594



                 count        pct
cycle_ROCK_norm                  
1                  469  45.800781
1001               215  20.996094
1101               164  16.015625
0                  105  10.253906
0010                50   4.882812
01                  21   2.050781



                  count        pct
cycle_ROCK__norm                  
1                   469  45.800781
1100                215  20.996094
1110                164  16.015625
0                   105  10.253906
0001                 50   4.882812
10                   21   2.050781



                 count        pct
cycle_Rac1_norm                  
0                  469  45.800781
1001               216  21.093750
1000               164  16.015625
1                   62   6.054688
0111                50   4.882812
011                 41   4.003906
10                  21   2.050781
11100                1   0.097656



                 count        pct
cycle_RhoA_norm                  
1                  469  45.800781
0011               240  23.437500
1011               164  16.015625
0                   62   6.054688
010                 41   4.003906
0010                26   2.539062
10                  21   2.050781
11001                1   0.097656



                count        pct
cycle_SSH_norm                  
0                 644  62.890625
1000              215  20.996094
1                 105  10.253906
0111               50   4.882812
10                 10   0.976562



                     count        pct
cycle_Thymosin_norm                  
0                      391  38.183594
1                      305  29.785156
01                     293  28.613281
10                      35   3.417969



                 count        pct
cycle_WASP_norm                  
1                  391  38.183594
0                  305  29.785156
01                 293  28.613281
10                  35   3.417969



                 count    pct
cycle_WAVE_norm              
0                 1024  100.0



