          count        pct
ARHGAP22                  
0           642  62.695312
1           237  23.144531
010         100   9.765625
100          45   4.394531



          count        pct
Actin_BR                  
1           468  45.703125
0           279  27.246094
100         123  12.011719
010         100   9.765625
011          54   5.273438



          count        pct
Actin_ST                  
0           413  40.332031
1           371  36.230469
010000       74   7.226562
01           71   6.933594
100          69   6.738281
010100       26   2.539062



        count        pct
Arp2_3                  
1         468  45.703125
0         279  27.246094
001       123  12.011719
100       100   9.765625
110        54   5.273438



        count        pct
CP                      
0         602  58.789062
1         237  23.144531
010        74   7.226562
100        56   5.468750
000010     26   2.539062
011        25   2.441406
10          4   0.390625



       count        pct
Cdc42                  
0        534  52.148438
1        490  47.851562



         count        pct
Cofilin                  
1          507  49.511719
0          336  32.812500
010000      74   7.226562
110         68   6.640625
01          34   3.320312
100          5   0.488281



         count        pct
Coronin                  
1          614  59.960938
0          403  39.355469
10           7   0.683594



           count        pct
Cortactin                  
1            468  45.703125
0            279  27.246094
010          123  12.011719
001          100   9.765625
101           54   5.273438



      count    pct
Dia1              
0      1024  100.0



      count    pct
Dia2              
0      1024  100.0



          count        pct
Ena_Vasp                  
1           861  84.082031
101011      100   9.765625
011          39   3.808594
001          12   1.171875
10            8   0.781250
0             4   0.390625



              count        pct
IRSp53_Cdc42                  
0               534  52.148438
1               490  47.851562



             count        pct
IRSp53_Rac1                  
1              468  45.703125
0              279  27.246094
010            123  12.011719
001            100   9.765625
101             54   5.273438



      count        pct
LIMK                  
0       614  59.960938
1       403  39.355469
01        7   0.683594



      count        pct
NET1                  
0       501  48.925781
1       246  24.023438
110     123  12.011719
011     100   9.765625
001      54   5.273438



     count        pct
PAK                  
1      501  48.925781
0      246  24.023438
010    123  12.011719
001    100   9.765625
101     54   5.273438



      count        pct
PIP2                  
1       514  50.195312
0       510  49.804688



     count        pct
PKD                  
0      642  62.695312
1      237  23.144531
010    100   9.765625
100     45   4.394531



          count        pct
Profilin                  
1           637  62.207031
0           160  15.625000
110          74   7.226562
10           71   6.933594
101          56   5.468750
111110       26   2.539062



      count        pct
ROCK                  
0       642  62.695312
1       237  23.144531
100     100   9.765625
001      45   4.394531



     count        pct
ROS                  
1      468  45.703125
0      279  27.246094
010    123  12.011719
001    100   9.765625
101     54   5.273438



      count        pct
Rac1                  
1       468  45.703125
0       279  27.246094
100     123  12.011719
010     100   9.765625
011      54   5.273438



      count        pct
RhoA                  
0       555  54.199219
1       246  24.023438
010     123  12.011719
001     100   9.765625



     count        pct
SSH                  
1      614  59.960938
0      403  39.355469
01       7   0.683594



          count        pct
Thymosin                  
0           654  63.867188
01          199  19.433594
1           171  16.699219



        count        pct
WASP                    
1         609  59.472656
0         172  16.796875
01        125  12.207031
000101     74   7.226562
011        44   4.296875



      count        pct
WAVE                  
1       522  50.976562
0       279  27.246094
011     123  12.011719
101     100   9.765625



