                   count        pct
Actin_BR Actin_ST                  
1        0           241  23.535156
         1           227  22.167969
0        0           160  15.625000
010      010000       74   7.226562
0        01           71   6.933594
100      1            67   6.542969
0        1            48   4.687500
100      100          44   4.296875
011      1            29   2.832031
010      010100       26   2.539062
011      100          25   2.441406
100      0            12   1.171875



           count        pct
Rac1 RhoA                  
1    0       468  45.703125
0    1       246  24.023438
100  010     123  12.011719
010  001     100   9.765625
011  0        54   5.273438
0    0        33   3.222656



