          count        pct
ARHGAP22                  
0           547  53.417969
111001      411  40.136719
100          59   5.761719
1             7   0.683594



          count    pct
Actin_BR              
0          1024  100.0



           count        pct
Actin_ST                   
111100       411  40.136719
1            259  25.292969
10           192  18.750000
100           59   5.761719
111001111     51   4.980469
0             47   4.589844
110            5   0.488281



        count    pct
Arp2_3              
0        1024  100.0



    count    pct
CP              
0    1024  100.0



       count        pct
Cdc42                  
0        533  52.050781
1        491  47.949219



         count        pct
Cofilin                  
0          791  77.246094
1          120  11.718750
01         113  11.035156



         count        pct
Coronin                  
0          738  72.070312
10         166  16.210938
1          120  11.718750



           count        pct
Cortactin                  
0            498  48.632812
100000       411  40.136719
010           64   6.250000
000001111     51   4.980469



           count        pct
Dia1                       
0            491  47.949219
110011       411  40.136719
001           64   6.250000
000111100     51   4.980469
1              7   0.683594



           count        pct
Dia2                       
1            498  48.632812
110011       411  40.136719
001           64   6.250000
000111100     51   4.980469



           count        pct
Ena_Vasp                   
1            498  48.632812
111100       411  40.136719
010           59   5.761719
110000111     51   4.980469
101            5   0.488281



              count        pct
IRSp53_Cdc42                  
0               533  52.050781
1               491  47.949219



             count        pct
IRSp53_Rac1                  
0              498  48.632812
100000         411  40.136719
010             64   6.250000
000001111       51   4.980469



        count        pct
LIMK                    
111101    411  40.136719
1         327  31.933594
01        166  16.210938
0         120  11.718750



           count        pct
NET1                       
0            491  47.949219
101111       411  40.136719
110           64   6.250000
011111000     51   4.980469
1              7   0.683594



           count        pct
PAK                        
1            491  47.949219
100000       411  40.136719
010           64   6.250000
000001111     51   4.980469
0              7   0.683594



      count    pct
PIP2              
0      1024  100.0



        count        pct
PKD                     
0         547  53.417969
111001    411  40.136719
100        59   5.761719
1           7   0.683594



           count        pct
Profilin                   
111001       411  40.136719
1            259  25.292969
01           192  18.750000
101           64   6.250000
110011111     51   4.980469
0             47   4.589844



        count        pct
ROCK                    
0         547  53.417969
110011    411  40.136719
001        59   5.761719
1           7   0.683594



           count        pct
ROS                        
0            498  48.632812
100000       411  40.136719
010           64   6.250000
000001111     51   4.980469



           count        pct
Rac1                       
0            498  48.632812
000001       411  40.136719
100           64   6.250000
000011110     51   4.980469



           count        pct
RhoA                       
0            491  47.949219
100111       411  40.136719
010           64   6.250000
001111000     51   4.980469
1              7   0.683594



     count        pct
SSH                  
0      738  72.070312
01     166  16.210938
1      120  11.718750



          count        pct
Thymosin                  
1           524  51.171875
0           308  30.078125
10          192  18.750000



           count        pct
WASP                       
0            524  51.171875
1            252  24.609375
10           192  18.750000
100001111     51   4.980469
011            5   0.488281



           count        pct
WAVE                       
0            498  48.632812
110000       411  40.136719
011           64   6.250000
100001111     51   4.980469



