                   count        pct
Actin_BR Actin_ST                  
1        1           250  24.414062
         0           244  23.828125
010      001         101   9.863281
000010   001110       83   8.105469
010      110010       57   5.566406
         010          42   4.101562
         1            40   3.906250
110      000100       35   3.417969
000010   111110       29   2.832031
         1            29   2.832031
010      110          26   2.539062
101      001          24   2.343750
         1            21   2.050781
0        0            19   1.855469
000010   110011        9   0.878906
0        1             9   0.878906
101      0             6   0.585938



               count        pct
Rac1   RhoA                    
1      0         494  48.242188
010    001       229  22.363281
010000 111001    150  14.648438
101    0          51   4.980469
010    0          37   3.613281
110    0          35   3.417969
0      0          19   1.855469
       1           9   0.878906



