                     count        pct
cycle_Actin_BR_norm                  
0                      421  41.113281
1                      301  29.394531
0110                   123  12.011719
1101                    71   6.933594
10                      70   6.835938
1000                    38   3.710938



                     count        pct
cycle_Actin_ST_norm                  
1                      427  41.699219
0                      295  28.808594
1011                   183  17.871094
0001                    54   5.273438
10                      47   4.589844
1001                    18   1.757812



                   count        pct
cycle_Arp2_3_norm                  
0                    421  41.113281
1                    301  29.394531
1100                 123  12.011719
1011                  71   6.933594
01                    70   6.835938
0001                  38   3.710938



               count        pct
cycle_CP_norm                  
1                522  50.976562
0                502  49.023438



                  count        pct
cycle_Cdc42_norm                  
1                   522  50.976562
0                   502  49.023438



                    count    pct
cycle_Cofilin_norm              
0                    1024  100.0



                    count    pct
cycle_Coronin_norm              
0                    1024  100.0



                      count        pct
cycle_Cortactin_norm                  
0                       529  51.660156
1001                    208  20.312500
0010                    172  16.796875
1011                     62   6.054688
10                       30   2.929688
1                        23   2.246094



                 count        pct
cycle_Dia1_norm                  
0                  528  51.562500
1                  261  25.488281
0011                87   8.496094
1110                85   8.300781
0010                43   4.199219
10                  20   1.953125



                 count        pct
cycle_Dia2_norm                  
1                  552  53.906250
1011               442  43.164062
10                  30   2.929688



                     count    pct
cycle_Ena_Vasp_norm              
1                     1024  100.0



                   count        pct
cycle_IRSp53_norm                  
1                    537  52.441406
0                    487  47.558594



                 count        pct
cycle_LIMK_norm                  
1                  731  71.386719
0111               208  20.312500
0110                62   6.054688
0                   23   2.246094



                count    pct
cycle_PAK_norm              
1                1024  100.0



                 count        pct
cycle_PIP2_norm                  
0                  522  50.976562
1                  502  49.023438



                count        pct
cycle_PKD_norm                  
1                 529  51.660156
1001              208  20.312500
0111              172  16.796875
0001               62   6.054688
01                 30   2.929688
0                  23   2.246094



                     count        pct
cycle_Profilin_norm                  
1                      427  41.699219
0                      295  28.808594
0111                   183  17.871094
0010                    54   5.273438
01                      47   4.589844
0011                    18   1.757812



                 count        pct
cycle_ROCK_norm                  
1                  529  51.660156
0011               208  20.312500
1110               172  16.796875
0010                62   6.054688
10                  30   2.929688
0                   23   2.246094



                  count        pct
cycle_ROCK__norm                  
1                   529  51.660156
1001                208  20.312500
0111                172  16.796875
0001                 62   6.054688
01                   30   2.929688
0                    23   2.246094



                 count        pct
cycle_Rac1_norm                  
0                  529  51.660156
0011               208  20.312500
0100               172  16.796875
0111                62   6.054688
01                  30   2.929688
1                   23   2.246094



                 count        pct
cycle_RhoA_norm                  
1                  529  51.660156
0110               208  20.312500
1101               172  16.796875
0100                62   6.054688
01                  30   2.929688
0                   23   2.246094



                count        pct
cycle_SSH_norm                  
0                 731  71.386719
0001              208  20.312500
0011               62   6.054688
1                  23   2.246094



                     count        pct
cycle_Thymosin_norm                  
1                      373  36.425781
01                     360  35.156250
0                      291  28.417969



                 count        pct
cycle_WASP_norm                  
0                  373  36.425781
01                 360  35.156250
1                  291  28.417969



                 count        pct
cycle_WAVE_norm                  
0                  529  51.660156
1001               208  20.312500
0010               172  16.796875
1011                62   6.054688
10                  30   2.929688
1                   23   2.246094



