          count    pct
ARHGAP22              
0          2048  100.0



          count        pct
Actin_BR                  
1           896  43.750000
0           665  32.470703
100         405  19.775391
011          82   4.003906



          count        pct
Actin_ST                  
1          1182  57.714844
0           805  39.306641
010          44   2.148438
01           17   0.830078



        count        pct
Arp2_3                  
1         896  43.750000
0         665  32.470703
001       405  19.775391
110        82   4.003906



    count        pct
CP                  
1    1030  50.292969
0    1018  49.707031



       count        pct
Cdc42                  
1       1031  50.341797
0       1017  49.658203



         count        pct
Cofilin                  
1         1422  69.433594
0          415  20.263672
10         211  10.302734



         count        pct
Coronin                  
1         1557  76.025391
0          322  15.722656
10         169   8.251953



           count    pct
Cortactin              
0           2048  100.0



      count    pct
Dia1              
0      2048  100.0



      count        pct
Dia2                  
1       896  43.750000
0       665  32.470703
010     405  19.775391
101      82   4.003906



          count        pct
Ena_Vasp                  
1          1333  65.087891
0           305  14.892578
010         219  10.693359
10          147   7.177734
110          44   2.148438



              count        pct
IRSp53_Cdc42                  
1              1031  50.341797
0              1017  49.658203



             count        pct
IRSp53_Rac1                  
1              896  43.750000
0              665  32.470703
010            405  19.775391
101             82   4.003906



      count        pct
LIMK                  
0      1980  96.679688
01       39   1.904297
1        29   1.416016



      count        pct
NET1                  
0      1048  51.171875
1       513  25.048828
110     405  19.775391
001      82   4.003906



     count        pct
PAK                  
1     1048  51.171875
0      513  25.048828
010    405  19.775391
101     82   4.003906



      count        pct
PIP2                  
0      1030  50.292969
1      1018  49.707031



     count    pct
PKD              
0     2048  100.0



          count        pct
Profilin                  
1          1230  60.058594
0           582  28.417969
011         219  10.693359
10           17   0.830078



      count    pct
ROCK              
0      2048  100.0



     count        pct
ROS                  
1      896  43.750000
0      665  32.470703
010    405  19.775391
101     82   4.003906



      count        pct
Rac1                  
1       896  43.750000
0       665  32.470703
100     405  19.775391
011      82   4.003906



      count    pct
RhoA              
0      2048  100.0



     count        pct
SSH                  
1     1557  76.025391
0      322  15.722656
01     169   8.251953



          count        pct
Thymosin                  
0          1479  72.216797
10          296  14.453125
1           273  13.330078



      count        pct
WASP                  
1      1186  57.910156
0       363  17.724609
01      236  11.523438
100     219  10.693359
101      44   2.148438



      count        pct
WAVE                  
1       978  47.753906
0       665  32.470703
011     405  19.775391



