                   count        pct
Actin_BR Actin_ST                  
0        0           671  65.527344
11000    0            86   8.398438
1        0            82   8.007812
011      0            77   7.519531
01111    0            56   5.468750
01110    0            41   4.003906
0111     0             6   0.585938
100      0             5   0.488281



             count        pct
Rac1  RhoA                   
0     1        671  65.527344
00100 11110     86   8.398438
1     0         82   8.007812
10010 01011     56   5.468750
011   101       53   5.175781
00011 00111     41   4.003906
011   001       29   2.832031
0011  0011       6   0.585938



