          count        pct
ARHGAP22                  
1           495  48.339844
0           178  17.382812
11110        81   7.910156
11101        78   7.617188
01101        75   7.324219
11010        40   3.906250
00011        36   3.515625
01110        34   3.320312
010           7   0.683594



            count        pct
Actin_BR                    
0             488  47.656250
1             337  32.910156
1011000110     78   7.617188
01111          40   3.906250
101            31   3.027344
00100          17   1.660156
00101          16   1.562500
1011110011     15   1.464844
100             2   0.195312



            count        pct
Actin_ST                    
1             838  81.835938
1111101111    133  12.988281
10111          33   3.222656
10             10   0.976562
110             5   0.488281
11101111        2   0.195312
110111          2   0.195312
111100000       1   0.097656



            count        pct
Arp2_3                      
0             488  47.656250
1             337  32.910156
0110001101     78   7.617188
11110          40   3.906250
011            31   3.027344
01000          17   1.660156
01010          16   1.562500
0111100111     15   1.464844
001             2   0.195312



    count    pct
CP              
0    1024  100.0



       count        pct
Cdc42                  
0        527  51.464844
1        497  48.535156



            count        pct
Cofilin                     
0             648  63.281250
1             191  18.652344
0000101010     50   4.882812
11011          40   3.906250
11010          40   3.906250
10001          18   1.757812
10             16   1.562500
0100010101     10   0.976562
101             9   0.878906
000100          2   0.195312



         count        pct
Coronin                  
0          769  75.097656
1          178  17.382812
00011       36   3.515625
00100       34   3.320312
011          7   0.683594



           count        pct
Cortactin                  
0            495  48.339844
1            149  14.550781
01000         81   7.910156
10000         78   7.617188
10100         75   7.324219
00110         55   5.371094
01001         40   3.906250
110           26   2.539062
01100         15   1.464844
010            7   0.683594
00001111       2   0.195312
111110000      1   0.097656



           count        pct
Dia1                       
1            495  48.339844
0            149  14.550781
11101         81   7.910156
11011         78   7.617188
11010         75   7.324219
10101         40   3.906250
00110         36   3.515625
11100         34   3.320312
011           31   3.027344
101            2   0.195312
00111100       2   0.195312
111000011      1   0.097656



           count        pct
Dia2                       
1            960  93.750000
011           31   3.027344
0             30   2.929688
101            2   0.195312
111000011      1   0.097656



            count        pct
Ena_Vasp                    
1             832  81.250000
1111011111     78   7.617188
0111111101     40   3.906250
11110          17   1.660156
10110          16   1.562500
01             16   1.562500
0111110111     15   1.464844
101             5   0.488281
0               3   0.292969
101011          2   0.195312



              count    pct
IRSp53_Cdc42              
0              1024  100.0



             count        pct
IRSp53_Rac1                  
0              495  48.339844
1              149  14.550781
01000           81   7.910156
10000           78   7.617188
10100           75   7.324219
01001           40   3.906250
00111           36   3.515625
01100           34   3.320312
110             31   3.027344
011              2   0.195312
00001111         2   0.195312
111110000        1   0.097656



       count        pct
LIMK                   
1        769  75.097656
0        178  17.382812
11100     36   3.515625
11011     34   3.320312
100        7   0.683594



           count        pct
NET1                       
0            527  51.464844
1            463  45.214844
100           31   3.027344
010            2   0.195312
100000111      1   0.097656



           count        pct
PAK                        
1            527  51.464844
0            463  45.214844
110           31   3.027344
011            2   0.195312
111110000      1   0.097656



      count        pct
PIP2                  
0       522  50.976562
1       502  49.023438



       count        pct
PKD                    
1        495  48.339844
0        178  17.382812
11110     81   7.910156
11101     78   7.617188
01101     75   7.324219
11010     40   3.906250
00011     36   3.515625
01110     34   3.320312
010        7   0.683594



            count        pct
Profilin                    
1             855  83.496094
1111011111    133  12.988281
01111          33   3.222656
11011111        2   0.195312
111111101       1   0.097656



       count        pct
ROCK                   
1        495  48.339844
0        178  17.382812
11101     81   7.910156
11011     78   7.617188
11010     75   7.324219
10101     40   3.906250
00110     36   3.515625
11100     34   3.320312
100        7   0.683594



           count        pct
ROS                        
0            495  48.339844
1            149  14.550781
01000         81   7.910156
10000         78   7.617188
10100         75   7.324219
01001         40   3.906250
00111         36   3.515625
01100         34   3.320312
110           31   3.027344
011            2   0.195312
00001111       2   0.195312
111110000      1   0.097656



           count        pct
Rac1                       
0            495  48.339844
1            149  14.550781
10000         81   7.910156
00001         78   7.617188
01001         75   7.324219
10010         40   3.906250
01110         36   3.515625
11000         34   3.320312
101           31   3.027344
110            2   0.195312
00011110       2   0.195312
111100001      1   0.097656



           count        pct
RhoA                       
1            495  48.339844
0            149  14.550781
11011         81   7.910156
10111         78   7.617188
10101         75   7.324219
01011         40   3.906250
01100         36   3.515625
11001         34   3.320312
110           31   3.027344
01111000       2   0.195312
011            2   0.195312
110000111      1   0.097656



       count        pct
SSH                    
0        769  75.097656
1        178  17.382812
00110     36   3.515625
01000     34   3.320312
110        7   0.683594



          count        pct
Thymosin                  
0           436  42.578125
1           297  29.003906
10          289  28.222656
01            2   0.195312



      count        pct
WASP                  
1       431  42.089844
0       297  29.003906
10      289  28.222656
011       5   0.488281
01        2   0.195312



           count        pct
WAVE                       
0            495  48.339844
1            182  17.773438
10111        111  10.839844
01100         81   7.910156
11000         78   7.617188
11101         40   3.906250
01110         34   3.320312
10001111       2   0.195312
111111000      1   0.097656



