                   count        pct
Actin_BR Actin_ST                  
1        0           491  47.949219
0        0           130  12.695312
011      011          55   5.371094
010      010          55   5.371094
         0            43   4.199219
010000   001111       39   3.808594
1        10           31   3.027344
100      1            24   2.343750
010011   001111       22   2.148438
010      1            21   2.050781
010000   111110       21   2.050781
011      0            19   1.855469
100      100110       18   1.757812
000101   100110       14   1.367188
010011   111110       10   0.976562
000101   000110        8   0.781250
010      011           6   0.585938
010000   000110        6   0.585938
000101   101110        5   0.488281
10       10            4   0.390625
0010     01            1   0.097656
0        1             1   0.097656



               count        pct
Rac1   RhoA                    
1      0         522  50.976562
010    101       125  12.207031
0      1         109  10.644531
011    100        74   7.226562
000010 101111     66   6.445312
011010 101100     32   3.125000
100    011        28   2.734375
101000 111010     27   2.636719
0      0          22   2.148438
110    001        14   1.367188
01     01          5   0.488281



