          count        pct
Actin_BR                  
0           528  51.562500
1           363  35.449219
100          50   4.882812
01           36   3.515625
110          25   2.441406
001          22   2.148438



          count        pct
Actin_ST                  
1           538  52.539062
0           287  28.027344
110         150  14.648438
01           36   3.515625
010          13   1.269531



        count        pct
Arp2_3                  
0         528  51.562500
1         363  35.449219
001        50   4.882812
10         36   3.515625
101        25   2.441406
010        22   2.148438



    count        pct
CP                  
0     513  50.097656
1     499  48.730469
01     12   1.171875



       count        pct
Cdc42                  
0        518  50.585938
1        506  49.414062



         count        pct
Cofilin                  
0          570  55.664062
1          266  25.976562
10          59   5.761719
100000      50   4.882812
100         41   4.003906
110         20   1.953125
010100      18   1.757812



         count        pct
Coronin                  
0          632  61.718750
010        149  14.550781
1          116  11.328125
101         77   7.519531
001         50   4.882812



           count        pct
Cortactin                  
0            633  61.816406
100          158  15.429688
1             99   9.667969
011           84   8.203125
010           50   4.882812



      count        pct
Dia1                  
0       567  55.371094
1       315  30.761719
110     104  10.156250
010      38   3.710938



      count        pct
Dia2                  
1       741  72.363281
101     215  20.996094
110      68   6.640625



          count        pct
Ena_Vasp                  
1          1002  97.851562
01           12   1.171875
011           9   0.878906
0             1   0.097656



              count        pct
IRSp53_Cdc42                  
0               518  50.585938
1               506  49.414062



             count        pct
IRSp53_Rac1                  
0              633  61.816406
100            158  15.429688
1               99   9.667969
011             84   8.203125
010             50   4.882812



      count        pct
LIMK                  
1       632  61.718750
101     149  14.550781
0       116  11.328125
010      77   7.519531
110      50   4.882812



     count        pct
PAK                  
1      552  53.906250
0      456  44.531250
100      9   0.878906
011      7   0.683594



      count        pct
PIP2                  
1       525  51.269531
0       499  48.730469



     count        pct
PKD                  
1      632  61.718750
110    149  14.550781
0      116  11.328125
001     77   7.519531
011     50   4.882812



          count        pct
Profilin                  
1           679  66.308594
0           287  28.027344
10           36   3.515625
100          13   1.269531
011           9   0.878906



      count        pct
ROCK                  
1       632  61.718750
101     149  14.550781
0       116  11.328125
010      77   7.519531
110      50   4.882812



      count        pct
Rac1                  
0       633  61.816406
001     158  15.429688
1        99   9.667969
110      84   8.203125
100      50   4.882812



      count        pct
RhoA                  
1       642  62.695312
011     156  15.234375
0        99   9.667969
100      77   7.519531
101      50   4.882812



     count        pct
SSH                  
0      632  61.718750
100    149  14.550781
1      116  11.328125
011     77   7.519531
010     50   4.882812



          count        pct
Thymosin                  
0           449  43.847656
1           299  29.199219
10          276  26.953125



      count        pct
WASP                  
1       439  42.871094
0       300  29.296875
10      276  26.953125
110       9   0.878906



      count        pct
WAVE                  
0       633  61.816406
1       183  17.871094
110     158  15.429688
011      50   4.882812



