                       count        pct
Actin_BR   Actin_ST                    
0          0             199  19.433594
001        011           170  16.601562
           001           156  15.234375
000100     011101         74   7.226562
001        1              67   6.542969
000100     011111         67   6.542969
100010     110010         56   5.468750
101        0              50   4.882812
           001            46   4.492188
0000001001 0001001001     43   4.199219
100010     001010         41   4.003906
0          01             17   1.660156
1          0              13   1.269531
0          1              10   0.976562
10         0               6   0.585938
0          0000111100      6   0.585938
101        1               3   0.292969



                       count        pct
Rac1       RhoA                        
001        0             257  25.097656
0          0             199  19.433594
100000     111011        141  13.769531
001        110           114  11.132812
010100     011101         97   9.472656
101        001            72   7.031250
           0              49   4.785156
1001001101 0100110110     29   2.832031
01         01             23   2.246094
0001011101 0101110100     14   1.367188
1          0              13   1.269531
0          1              10   0.976562
0001111100 0111110000      6   0.585938



