          count        pct
ARHGAP22                  
0           661  64.550781
1           259  25.292969
010         104  10.156250



          count        pct
Actin_BR                  
0           475  46.386719
001         400  39.062500
101         129  12.597656
1            19   1.855469
01            1   0.097656



          count        pct
Actin_ST                  
0           720  70.312500
001         215  20.996094
101          85   8.300781
1             3   0.292969
01            1   0.097656



        count        pct
Arp2_3                  
0         475  46.386719
010       400  39.062500
011       129  12.597656
1          19   1.855469
10          1   0.097656



     count        pct
CP                   
1      522  50.976562
0      378  36.914062
001    104  10.156250
101     20   1.953125



       count        pct
Cdc42                  
1        515  50.292969
0        509  49.707031



         count        pct
Cofilin                  
0          555  54.199219
1          235  22.949219
001        148  14.453125
101         67   6.542969
10          19   1.855469



         count        pct
Coronin                  
0          510  49.804688
1          472  46.093750
10          42   4.101562



           count        pct
Cortactin                  
0            475  46.386719
100          400  39.062500
110          129  12.597656
1             19   1.855469
10             1   0.097656



      count    pct
Dia1              
0      1024  100.0



      count        pct
Dia2                  
110     315  30.761719
1       296  28.906250
010     214  20.898438
0       198  19.335938
10        1   0.097656



          count        pct
Ena_Vasp                  
1           774  75.585938
0           146  14.257812
001         104  10.156250



              count        pct
IRSp53_Cdc42                  
1               515  50.292969
0               509  49.707031



             count        pct
IRSp53_Rac1                  
0              475  46.386719
100            400  39.062500
110            129  12.597656
1               19   1.855469
10               1   0.097656



      count        pct
LIMK                  
1       510  49.804688
0       472  46.093750
01       42   4.101562



      count        pct
NET1                  
0       517  50.488281
1       277  27.050781
101     186  18.164062
001      44   4.296875



     count        pct
PAK                  
1      517  50.488281
0      277  27.050781
100    186  18.164062
101     44   4.296875



      count        pct
PIP2                  
0       521  50.878906
1       503  49.121094



     count        pct
PKD                  
0      661  64.550781
1      259  25.292969
010    104  10.156250



          count        pct
Profilin                  
0           547  53.417969
011         262  25.585938
010         148  14.453125
1            66   6.445312
10            1   0.097656



      count        pct
ROCK                  
0       661  64.550781
1       259  25.292969
100     104  10.156250



     count        pct
ROS                  
0      475  46.386719
100    400  39.062500
110    129  12.597656
1       19   1.855469
10       1   0.097656



      count        pct
Rac1                  
0       475  46.386719
001     400  39.062500
101     129  12.597656
1        19   1.855469
01        1   0.097656



      count        pct
RhoA                  
0       561  54.785156
1       277  27.050781
100     186  18.164062



     count        pct
SSH                  
0      510  49.804688
1      472  46.093750
01      42   4.101562



          count        pct
Thymosin                  
1           555  54.199219
0           235  22.949219
011         148  14.453125
001          67   6.542969
10           19   1.855469



      count    pct
WASP              
0      1024  100.0



      count        pct
WAVE                  
0       475  46.386719
110     400  39.062500
1       149  14.550781



