                   count        pct
Actin_BR Actin_ST                  
0        0           475  46.386719
001      0           205  20.019531
         001         195  19.042969
101      101          85   8.300781
         0            24   2.343750
         001          20   1.953125
1        0            16   1.562500
         1             3   0.292969
01       01            1   0.097656



           count        pct
Rac1 RhoA                  
0    1       277  27.050781
001  0       214  20.898438
0    0       198  19.335938
001  100     186  18.164062
101  0       129  12.597656
1    0        19   1.855469
01   0         1   0.097656



