          count        pct
ARHGAP22                  
1           541  52.832031
01111       268  26.171875
0            96   9.375000
01011        60   5.859375
10101        45   4.394531
             11   1.074219
010           3   0.292969



          count        pct
Actin_BR                  
0          1013  98.925781
             11   1.074219



            count        pct
Actin_ST                    
1             765  74.707031
1111110111    168  16.406250
10111          36   3.515625
111111101      26   2.539062
11110111       13   1.269531
               11   1.074219
111110          2   0.195312
111100000       2   0.195312
110             1   0.097656



        count        pct
Arp2_3                  
0        1013  98.925781
           11   1.074219



    count        pct
CP                  
0    1013  98.925781
       11   1.074219



       count        pct
Cdc42                  
0        516  50.390625
1        497  48.535156
          11   1.074219



           count        pct
Cofilin                    
0            924  90.234375
1             52   5.078125
00010100      12   1.171875
              11   1.074219
111000001      9   0.878906
01101001       7   0.683594
11000011       5   0.488281
010            2   0.195312
000010         2   0.195312



         count        pct
Coronin                  
0          914  89.257812
1           96   9.375000
            11   1.074219
011          3   0.292969



           count        pct
Cortactin                  
0            541  52.832031
00100        268  26.171875
00101         60   5.859375
10010         45   4.394531
111100001     37   3.613281
00101101      32   3.125000
00001111      22   2.148438
              11   1.074219
011            5   0.488281
010            3   0.292969



           count        pct
Dia1                       
1            541  52.832031
11110        268  26.171875
10110         60   5.859375
01011         45   4.394531
110000111     37   3.613281
10110100      32   3.125000
00111100      22   2.148438
              11   1.074219
101            8   0.781250



           count        pct
Dia2                       
1            968  94.531250
110000111     37   3.613281
              11   1.074219
101            8   0.781250



           count        pct
Ena_Vasp                   
1            982  95.898438
111111000     26   2.539062
              11   1.074219
01             2   0.195312
0              2   0.195312
001            1   0.097656



              count        pct
IRSp53_Cdc42                  
0               516  50.390625
1               497  48.535156
                 11   1.074219



             count        pct
IRSp53_Rac1                  
0              541  52.832031
00100          268  26.171875
00101           60   5.859375
10010           45   4.394531
111100001       37   3.613281
00101101        32   3.125000
00001111        22   2.148438
                11   1.074219
011              8   0.781250



      count        pct
LIMK                  
1       914  89.257812
0        96   9.375000
         11   1.074219
100       3   0.292969



           count        pct
NET1                       
0            497  48.535156
1            471  45.996094
000001111     37   3.613281
              11   1.074219
010            8   0.781250



           count        pct
PAK                        
1            497  48.535156
0            471  45.996094
111100001     37   3.613281
              11   1.074219
011            8   0.781250



      count        pct
PIP2                  
0       516  50.390625
1       497  48.535156
         11   1.074219



       count        pct
PKD                    
1        541  52.832031
01111    268  26.171875
0         96   9.375000
01011     60   5.859375
10101     45   4.394531
          11   1.074219
010        3   0.292969



            count        pct
Profilin                    
1             768  75.000000
1111101111    168  16.406250
01111          36   3.515625
111111011      28   2.734375
11101111       13   1.269531
               11   1.074219



       count        pct
ROCK                   
1        541  52.832031
11110    268  26.171875
0         96   9.375000
10110     60   5.859375
01011     45   4.394531
          11   1.074219
100        3   0.292969



           count        pct
ROS                        
0            541  52.832031
00100        268  26.171875
00101         60   5.859375
10010         45   4.394531
111100001     37   3.613281
00101101      32   3.125000
00001111      22   2.148438
              11   1.074219
011            8   0.781250



           count        pct
Rac1                       
0            541  52.832031
01000        268  26.171875
01010         60   5.859375
00101         45   4.394531
111000011     37   3.613281
01011010      32   3.125000
00011110      22   2.148438
              11   1.074219
110            8   0.781250



           count        pct
RhoA                       
1            541  52.832031
11101        268  26.171875
01101         60   5.859375
10110         45   4.394531
100001111     37   3.613281
01101001      32   3.125000
01111000      22   2.148438
              11   1.074219
011            8   0.781250



     count        pct
SSH                  
0      914  89.257812
1       96   9.375000
        11   1.074219
110      3   0.292969



          count        pct
Thymosin                  
0           358  34.960938
1           331  32.324219
01          310  30.273438
10           14   1.367188
             11   1.074219



           count        pct
WASP                       
1            332  32.421875
0            331  32.324219
01           310  30.273438
111110001     26   2.539062
10            14   1.367188
              11   1.074219



           count        pct
WAVE                       
0            541  52.832031
00110        268  26.171875
10111         60   5.859375
11011         45   4.394531
111110001     37   3.613281
10111111      32   3.125000
10001111      22   2.148438
              11   1.074219
1              8   0.781250



