                    count        pct
Actin_BR Actin_ST                   
010      010          172  16.796875
000010   001110       143  13.964844
100      1            142  13.867188
         010          111  10.839844
011      010           97   9.472656
         1             88   8.593750
000010   101111        73   7.128906
010      110010        68   6.640625
000010   1             58   5.664062
1        0             24   2.343750
000010   001111        23   2.246094
0        110000001     10   0.976562
1        1              8   0.781250
0        1              7   0.683594



                     count        pct
Rac1      RhoA                       
010000    111001       297  29.003906
100       010          253  24.707031
010       001          240  23.437500
011       0            185  18.066406
1         0             32   3.125000
110000011 000001111     10   0.976562
0         1              7   0.683594



