          count        pct
ARHGAP22                  
1           544  53.125000
01111       161  15.722656
11011       134  13.085938
0            79   7.714844
01011        56   5.468750
11010        40   3.906250
              7   0.683594
010           3   0.292969



          count        pct
Actin_BR                  
0          1017  99.316406
              7   0.683594



          count        pct
Actin_ST                  
0          1017  99.316406
              7   0.683594



        count        pct
Arp2_3                  
0        1017  99.316406
            7   0.683594



    count        pct
CP                  
0    1017  99.316406
        7   0.683594



       count        pct
Cdc42                  
1        514  50.195312
0        503  49.121094
           7   0.683594



           count        pct
Cofilin                    
0            941  91.894531
1             49   4.785156
10100000      13   1.269531
               7   0.683594
01101001       5   0.488281
11110000       4   0.390625
111000001      4   0.390625
001            1   0.097656



         count        pct
Coronin                  
0          935  91.308594
1           79   7.714844
             7   0.683594
011          3   0.292969



           count        pct
Cortactin                  
0            544  53.125000
00100        161  15.722656
00001        134  13.085938
00101         56   5.468750
01001         40   3.906250
00111100      29   2.832031
000111110     26   2.539062
10010110      21   2.050781
               7   0.683594
101            3   0.292969
010            3   0.292969



           count        pct
Dia1                       
1            544  53.125000
11110        161  15.722656
10111        134  13.085938
10110         56   5.468750
10101         40   3.906250
11110000      29   2.832031
011111000     26   2.539062
01011010      21   2.050781
               7   0.683594
110            6   0.585938



           count        pct
Dia2                       
1            985  96.191406
011111000     26   2.539062
               7   0.683594
110            6   0.585938



           count        pct
Ena_Vasp                   
1            992  96.875000
100011111     22   2.148438
               7   0.683594
001            2   0.195312
0              1   0.097656



              count        pct
IRSp53_Cdc42                  
1               514  50.195312
0               503  49.121094
                  7   0.683594



             count        pct
IRSp53_Rac1                  
0              544  53.125000
00100          161  15.722656
00001          134  13.085938
00101           56   5.468750
01001           40   3.906250
00111100        29   2.832031
000111110       26   2.539062
10010110        21   2.050781
                 7   0.683594
101              6   0.585938



      count        pct
LIMK                  
1       935  91.308594
0        79   7.714844
          7   0.683594
100       3   0.292969



           count        pct
NET1                       
0            514  50.195312
1            471  45.996094
111100000     26   2.539062
               7   0.683594
001            6   0.585938



           count        pct
PAK                        
1            514  50.195312
0            471  45.996094
000111110     26   2.539062
               7   0.683594
101            6   0.585938



      count        pct
PIP2                  
0       548  53.515625
1       469  45.800781
          7   0.683594



       count        pct
PKD                    
1        544  53.125000
01111    161  15.722656
11011    134  13.085938
0         79   7.714844
01011     56   5.468750
11010     40   3.906250
           7   0.683594
010        3   0.292969



          count        pct
Profilin                  
0          1017  99.316406
              7   0.683594



       count        pct
ROCK                   
1        544  53.125000
11110    161  15.722656
10111    134  13.085938
0         79   7.714844
10110     56   5.468750
10101     40   3.906250
           7   0.683594
100        3   0.292969



           count        pct
ROS                        
0            544  53.125000
00100        161  15.722656
00001        134  13.085938
00101         56   5.468750
01001         40   3.906250
00111100      29   2.832031
000111110     26   2.539062
10010110      21   2.050781
               7   0.683594
101            6   0.585938



           count        pct
Rac1                       
0            544  53.125000
01000        161  15.722656
00010        134  13.085938
01010         56   5.468750
10010         40   3.906250
01111000      29   2.832031
001111100     26   2.539062
00101101      21   2.050781
               7   0.683594
011            6   0.585938



           count        pct
RhoA                       
1            544  53.125000
11101        161  15.722656
01111        134  13.085938
01101         56   5.468750
01011         40   3.906250
11100001      29   2.832031
111110000     26   2.539062
10110100      21   2.050781
               7   0.683594
101            6   0.585938



     count        pct
SSH                  
0      935  91.308594
1       79   7.714844
         7   0.683594
110      3   0.292969



          count        pct
Thymosin                  
0           378  36.914062
10          320  31.250000
1           319  31.152344
              7   0.683594



           count        pct
WASP                       
1            356  34.765625
10           320  31.250000
0            319  31.152344
000111111     22   2.148438
               7   0.683594



           count        pct
WAVE                       
0            544  53.125000
00110        161  15.722656
10001        134  13.085938
10111         56   5.468750
11101         40   3.906250
00111110      29   2.832031
000111111     26   2.539062
11011111      21   2.050781
               7   0.683594
1              6   0.585938



