          count        pct
ARHGAP22                  
1           654  63.867188
0           182  17.773438
01111        91   8.886719
00111        38   3.710938
10110        33   3.222656
10001        20   1.953125
010           6   0.585938



          count        pct
Actin_BR                  
0           475  46.386719
1           368  35.937500
0100         75   7.324219
110          54   5.273438
01           52   5.078125



          count        pct
Actin_ST                  
1           475  46.386719
0           368  35.937500
01          127  12.402344
100          54   5.273438



        count        pct
Arp2_3                  
0         475  46.386719
1         368  35.937500
1000       75   7.324219
101        54   5.273438
10         52   5.078125



      count        pct
CP                    
0       475  46.386719
1       368  35.937500
0100     75   7.324219
110      54   5.273438
01       52   5.078125



       count        pct
Cdc42                  
1        513  50.097656
0        511  49.902344



         count        pct
Cofilin                  
0          475  46.386719
1          298  29.101562
11101       91   8.886719
0100        75   7.324219
01          52   5.078125
11010       33   3.222656



         count        pct
Coronin                  
0          778  75.976562
1          182  17.773438
00010       38   3.710938
10001       20   1.953125
011          6   0.585938



           count        pct
Cortactin                  
0            654  63.867188
1            134  13.085938
00100         91   8.886719
00011         58   5.664062
011           48   4.687500
01010         33   3.222656
010            6   0.585938



      count        pct
Dia1                  
1       475  46.386719
0       368  35.937500
1101     75   7.324219
100      54   5.273438
01       52   5.078125



      count        pct
Dia2                  
1       951  92.871094
101      54   5.273438
0        19   1.855469



          count        pct
Ena_Vasp                  
1          1018  99.414062
101           6   0.585938



              count        pct
IRSp53_Cdc42                  
1               513  50.097656
0               511  49.902344



             count        pct
IRSp53_Rac1                  
0              654  63.867188
1              134  13.085938
00100           91   8.886719
011             54   5.273438
00110           38   3.710938
01010           33   3.222656
10011           20   1.953125



       count        pct
LIMK                   
1        778  75.976562
0        182  17.773438
11101     38   3.710938
01110     20   1.953125
100        6   0.585938



      count        pct
NET1                  
0       532  51.953125
1       438  42.773438
010      54   5.273438



     count        pct
PAK                  
1      532  51.953125
0      438  42.773438
011     54   5.273438



      count    pct
PIP2              
0      1024  100.0



       count        pct
PKD                    
1        654  63.867188
0        182  17.773438
01111     91   8.886719
00111     38   3.710938
10110     33   3.222656
10001     20   1.953125
010        6   0.585938



          count        pct
Profilin                  
1           897  87.597656
1110         75   7.324219
10           52   5.078125



       count        pct
ROCK                   
1        654  63.867188
0        182  17.773438
11110     91   8.886719
01110     38   3.710938
01101     33   3.222656
00011     20   1.953125
100        6   0.585938



       count        pct
ROS                    
0        654  63.867188
1        134  13.085938
00100     91   8.886719
011       54   5.273438
00110     38   3.710938
01010     33   3.222656
10011     20   1.953125



       count        pct
Rac1                   
0        654  63.867188
1        134  13.085938
01000     91   8.886719
110       54   5.273438
01100     38   3.710938
10100     33   3.222656
00111     20   1.953125



       count        pct
RhoA                   
1        654  63.867188
0        134  13.085938
11101     91   8.886719
011       54   5.273438
11100     38   3.710938
11010     33   3.222656
00110     20   1.953125



       count        pct
SSH                    
0        778  75.976562
1        182  17.773438
00100     38   3.710938
00011     20   1.953125
110        6   0.585938



          count        pct
Thymosin                  
1           464  45.312500
0           422  41.210938
01          138  13.476562



      count        pct
WASP                  
0       464  45.312500
1       416  40.625000
01      138  13.476562
011       6   0.585938



       count        pct
WAVE                   
0        654  63.867188
1        188  18.359375
00110     91   8.886719
11011     53   5.175781
00111     38   3.710938



