                       count        pct
Actin_BR   Actin_ST                    
0          0             654  31.933594
           1             454  22.167969
1          1             239  11.669922
10         10            203   9.912109
0110101100 11101          90   4.394531
1          00001          83   4.052734
01111      11101          62   3.027344
1          10010          43   2.099609
1110011101 11101          36   1.757812
1          0              31   1.513672
00010      00011          29   1.416016
1          00011          27   1.318359
10101      01011          22   1.074219
1          01011          22   1.074219
           1010111111     18   0.878906
           00111          16   0.781250
           01111          10   0.488281
           1110111111      4   0.195312
11011      00011           3   0.146484
1          10              2   0.097656



             count        pct
Rac1  RhoA                   
0     1       1357  66.259766
01000 11101    182   8.886719
10100 11010    100   4.882812
00010 01111     90   4.394531
00011 00111     64   3.125000
10010 01011     50   2.441406
10110 01010     48   2.343750
11010 01001     40   1.953125
00110 01110     36   1.757812
11001 10001     30   1.464844
11011 00001     20   0.976562
00111 00110     12   0.585938
11110 01000     11   0.537109
1     0          8   0.390625



