                   count        pct
Actin_BR Actin_ST                  
1        1          1204  58.789062
011      1           351  17.138672
001      001         247  12.060547
0        0           126   6.152344
011      101         105   5.126953
0        01           12   0.585938
         1             2   0.097656
1        0             1   0.048828



           count        pct
Rac1 RhoA                  
1    0      1205  58.837891
011  001     456  22.265625
001  101     247  12.060547
0    1       140   6.835938



