          count        pct
ARHGAP22                  
11011       397  38.769531
11110       227  22.167969
10110       163  15.917969
0           159  15.527344
01101        68   6.640625
1            10   0.976562



          count    pct
Actin_BR              
0          1024  100.0



            count        pct
Actin_ST                    
1             358  34.960938
0111111111    271  26.464844
11011         227  22.167969
10011          68   6.640625
11011111       60   5.859375
1101111101     24   2.343750
11101011        7   0.683594
01010111        7   0.683594
01001001        1   0.097656
00000111        1   0.097656



        count    pct
Arp2_3              
0        1024  100.0



    count    pct
CP              
0    1024  100.0



       count        pct
Cdc42                  
0        546  53.320312
1        478  46.679688



          count        pct
Cofilin                   
0           872  85.156250
1            75   7.324219
00101000     36   3.515625
01111000     27   2.636719
10010110     14   1.367188



         count        pct
Coronin                  
0          865  84.472656
1          159  15.527344



           count        pct
Cortactin                  
00001        397  38.769531
01000        227  22.167969
01010        163  15.917969
10000111      94   9.179688
10100         68   6.640625
11010010      65   6.347656
0             10   0.976562



          count        pct
Dia1                      
10111       397  38.769531
11101       227  22.167969
01101       163  15.917969
00011110     94   9.179688
11010        68   6.640625
01001011     65   6.347656
1            10   0.976562



      count    pct
Dia2              
0      1024  100.0



            count        pct
Ena_Vasp                    
1             589  57.519531
11011         194  18.945312
1101111111     90   8.789062
01011          68   6.640625
1010111111     24   2.343750
10111111       22   2.148438
10001111       21   2.050781
01             14   1.367188
0               2   0.195312



              count        pct
IRSp53_Cdc42                  
0               546  53.320312
1               478  46.679688



             count        pct
IRSp53_Rac1                  
00001          397  38.769531
01000          227  22.167969
01010          163  15.917969
10000111        94   9.179688
10100           68   6.640625
11010010        65   6.347656
0               10   0.976562



      count        pct
LIMK                  
1       865  84.472656
0       159  15.527344



      count    pct
NET1              
1      1024  100.0



     count    pct
PAK              
0     1024  100.0



      count        pct
PIP2                  
0       515  50.292969
1       509  49.707031



       count        pct
PKD                    
11011    397  38.769531
11110    227  22.167969
10110    163  15.917969
0        159  15.527344
01101     68   6.640625
1         10   0.976562



            count        pct
Profilin                    
1             365  35.644531
1111111110    295  28.808594
10111         295  28.808594
10111111       69   6.738281



       count        pct
ROCK                   
10111    397  38.769531
11101    227  22.167969
01101    163  15.917969
0        159  15.527344
11010     68   6.640625
1         10   0.976562



          count        pct
ROS                       
00001       397  38.769531
01000       227  22.167969
01010       163  15.917969
10000111     94   9.179688
10100        68   6.640625
11010010     65   6.347656
0            10   0.976562



          count        pct
Rac1                      
00010       397  38.769531
10000       227  22.167969
10100       163  15.917969
00001111     94   9.179688
01001        68   6.640625
10100101     65   6.347656
0            10   0.976562



          count        pct
RhoA                      
01111       397  38.769531
11011       227  22.167969
11010       163  15.917969
00111100     94   9.179688
10101        68   6.640625
10010110     65   6.347656
1            10   0.976562



     count        pct
SSH                  
0      865  84.472656
1      159  15.527344



          count        pct
Thymosin                  
0           386  37.695312
1           305  29.785156
01          297  29.003906
10           36   3.515625



          count        pct
WASP                      
1           343  33.496094
0           305  29.785156
01          297  29.003906
10           36   3.515625
01111111     22   2.148438
00011111     21   2.050781



          count        pct
WAVE                      
10001       397  38.769531
01100       227  22.167969
01111       163  15.917969
11000111     94   9.179688
11110        68   6.640625
11111011     65   6.347656
0            10   0.976562



