                     count        pct
Actin_BR Actin_ST                    
0        1             358  34.960938
         0111111111    271  26.464844
         11011         227  22.167969
         10011          68   6.640625
         11011111       60   5.859375
         1101111101     24   2.343750
         11101011        7   0.683594
         01010111        7   0.683594
         01001001        1   0.097656
         00000111        1   0.097656



                   count        pct
Rac1     RhoA                      
00010    01111       397  38.769531
10000    11011       227  22.167969
10100    11010       163  15.917969
00001111 00111100     94   9.179688
01001    10101        68   6.640625
10100101 10010110     65   6.347656
0        1            10   0.976562



