                                         count        pct
cycle_Actin_BR_norm cycle_Actin_ST_norm                  
0                   0                      546  53.320312
0100                0100                   190  18.554688
0110                0110                   126  12.304688
                    0100                    80   7.812500
1011                0100                    40   3.906250
10                  10                      31   3.027344
1                   1                        8   0.781250
                    0                        3   0.292969



