          count        pct
ARHGAP22                  
1          1877  91.650391
0           171   8.349609



          count        pct
Actin_BR                  
0          1249  60.986328
1           576  28.125000
01          144   7.031250
001          46   2.246094
101          33   1.611328



          count        pct
Actin_ST                  
1          1259  61.474609
0           628  30.664062
01          144   7.031250
101          17   0.830078



        count        pct
Arp2_3                  
0        1249  60.986328
1         576  28.125000
10        144   7.031250
010        46   2.246094
011        33   1.611328



    count        pct
CP                  
1    1056  51.562500
0     980  47.851562
10     12   0.585938



       count       pct
Cdc42                 
1       1040  50.78125
0       1008  49.21875



         count        pct
Cofilin                  
0         1440  70.312500
1          441  21.533203
01         167   8.154297



         count        pct
Coronin                  
0         1877  91.650391
1          171   8.349609



           count        pct
Cortactin                  
0           1887  92.138672
1             82   4.003906
100           46   2.246094
110           33   1.611328



      count        pct
Dia1                  
0      1056  51.562500
1       980  47.851562
10       12   0.585938



      count    pct
Dia2              
1      2048  100.0



          count        pct
Ena_Vasp                  
1          2011  98.193359
011          17   0.830078
10           12   0.585938
0             8   0.390625



              count       pct
IRSp53_Cdc42                 
1              1040  50.78125
0              1008  49.21875



             count    pct
IRSp53_Rac1              
0             2048  100.0



      count        pct
LIMK                  
1      1877  91.650391
0       171   8.349609



      count        pct
NET1                  
0      1074  52.441406
1       946  46.191406
101      17   0.830078
001      11   0.537109



     count        pct
PAK                  
1     1074  52.441406
0      946  46.191406
100     17   0.830078
101     11   0.537109



      count      pct
PIP2                
0      1056  51.5625
1       992  48.4375



     count        pct
PKD                  
1     1877  91.650391
0      171   8.349609



          count        pct
Profilin                  
1          1259  61.474609
0           628  30.664062
10          144   7.031250
011          17   0.830078



      count        pct
ROCK                  
1      1877  91.650391
0       171   8.349609



     count    pct
ROS              
0     2048  100.0



      count        pct
Rac1                  
0      1887  92.138672
1        82   4.003906
001      46   2.246094
101      33   1.611328



      count    pct
RhoA              
1      2048  100.0



     count        pct
SSH                  
0     1877  91.650391
1      171   8.349609



          count        pct
Thymosin                  
0           831  40.576172
1           622  30.371094
10          595  29.052734



      count        pct
WASP                  
1       806  39.355469
0       630  30.761719
10      595  29.052734
110      17   0.830078



      count        pct
WAVE                  
0      1887  92.138672
1        82   4.003906
100      46   2.246094
110      33   1.611328



