          count        pct
ARHGAP22                  
1           573  27.978516
11110       452  22.070312
0           448  21.875000
01011       372  18.164062
00111       127   6.201172
10001        76   3.710938



          count        pct
Actin_BR                  
1          1035  50.537109
0           483  23.583984
01001       208  10.156250
00010       197   9.619141
101         100   4.882812
001          25   1.220703



          count        pct
Actin_ST                  
1          1242  60.644531
0           438  21.386719
11110       201   9.814453
00111       109   5.322266
101          33   1.611328
001          25   1.220703



        count        pct
Arp2_3                  
1        1035  50.537109
0         483  23.583984
10010     208  10.156250
00100     197   9.619141
011       100   4.882812
010        25   1.220703



    count        pct
CP                  
0    1027  50.146484
1    1021  49.853516



       count        pct
Cdc42                  
0       1038  50.683594
1       1010  49.316406



         count        pct
Cofilin                  
0         1179  57.568359
1          554  27.050781
11011      128   6.250000
11010       73   3.564453
101         67   3.271484
11000       47   2.294922



         count        pct
Coronin                  
0         1397  68.212891
1          448  21.875000
00010      127   6.201172
10001       76   3.710938



           count        pct
Cortactin                  
0            584  28.515625
01000        452  22.070312
00101        372  18.164062
1            312  15.234375
00110        203   9.912109
110          100   4.882812
100           25   1.220703



       count        pct
Dia1                   
0       1185  57.861328
11101    324  15.820312
10110    299  14.599609
1         79   3.857422
010       67   3.271484
11100     47   2.294922
00011     47   2.294922



       count        pct
Dia2                   
1        896  43.750000
11101    824  40.234375
01110    203   9.912109
110      125   6.103516



          count        pct
Ena_Vasp                  
1          2015  98.388672
011          25   1.220703
0             8   0.390625



              count        pct
IRSp53_Cdc42                  
0              1038  50.683594
1              1010  49.316406



             count        pct
IRSp53_Rac1                  
0              584  28.515625
01000          452  22.070312
00101          372  18.164062
1              312  15.234375
00110          127   6.201172
110            100   4.882812
10011           76   3.710938
100             25   1.220703



       count        pct
LIMK                   
1       1397  68.212891
0        448  21.875000
11101    127   6.201172
01110     76   3.710938



      count    pct
NET1              
0      2048  100.0



       count        pct
PAK                    
1       1038  50.683594
0        480  23.437500
00101    208  10.156250
01000    197   9.619141
110      100   4.882812
100       25   1.220703



      count        pct
PIP2                  
1      1027  50.146484
0      1021  49.853516



       count        pct
PKD                    
1        573  27.978516
11110    452  22.070312
0        448  21.875000
01011    372  18.164062
00111    127   6.201172
10001     76   3.710938



          count        pct
Profilin                  
1          1585  77.392578
0           438  21.386719
011          25   1.220703



       count        pct
ROCK                   
1        573  27.978516
11101    452  22.070312
0        448  21.875000
10110    372  18.164062
01110    127   6.201172
00011     76   3.710938



       count        pct
ROS                    
0        584  28.515625
01000    452  22.070312
00101    372  18.164062
1        312  15.234375
00110    127   6.201172
110      100   4.882812
10011     76   3.710938
100       25   1.220703



       count        pct
Rac1                   
0        584  28.515625
10000    452  22.070312
01010    372  18.164062
1        312  15.234375
01100    127   6.201172
101      100   4.882812
00111     76   3.710938
001       25   1.220703



       count        pct
RhoA                   
1        584  28.515625
11011    452  22.070312
01101    372  18.164062
0        312  15.234375
11100    127   6.201172
100      100   4.882812
00110     76   3.710938
101       25   1.220703



       count        pct
SSH                    
0       1397  68.212891
1        448  21.875000
00100    127   6.201172
00011     76   3.710938



          count    pct
Thymosin              
0          2048  100.0



      count        pct
WASP                  
1      1585  77.392578
0       438  21.386719
110      25   1.220703



       count        pct
WAVE                   
0        584  28.515625
01100    452  22.070312
10111    448  21.875000
1        412  20.117188
00111    127   6.201172
110       25   1.220703



