          count        pct
ARHGAP22                  
1           430  41.992188
11011       160  15.625000
11010       117  11.425781
11110        76   7.421875
10101        74   7.226562
10010        60   5.859375
00110        37   3.613281
11001        31   3.027344
10011        14   1.367188
01000        10   0.976562
00100         7   0.683594
0             5   0.488281
              3   0.292969



            count        pct
Actin_BR                    
0             330  32.226562
1             262  25.585938
00010         143  13.964844
10010          71   6.933594
11011          51   4.980469
0100           47   4.589844
01001          38   3.710938
01             38   3.710938
0110001101     27   2.636719
1110111100     14   1.367188
                3   0.292969



            count        pct
Actin_ST                    
1             565  55.175781
1111101111    141  13.769531
0             133  12.988281
01             85   8.300781
11101          50   4.882812
1101101101     38   3.710938
00101           9   0.878906
                3   0.292969



            count        pct
Arp2_3                      
0             330  32.226562
1             262  25.585938
00100         143  13.964844
00101          71   6.933594
10111          51   4.980469
1000           47   4.589844
10010          38   3.710938
10             38   3.710938
1100011010     27   2.636719
1101111001     14   1.367188
                3   0.292969



            count        pct
CP                          
0             756  73.828125
1             133  12.988281
0100           47   4.589844
01             38   3.710938
0000100000     38   3.710938
00100           9   0.878906
                3   0.292969



       count        pct
Cdc42                  
0        512  50.000000
1        509  49.707031
           3   0.292969



            count        pct
Cofilin                     
0             805  78.613281
0100           47   4.589844
01             38   3.710938
10111          36   3.515625
01101          21   2.050781
10100          19   1.855469
00111          19   1.855469
10001          11   1.074219
0100000001      9   0.878906
1               7   0.683594
00100           7   0.683594
                3   0.292969
0000010000      2   0.195312



         count        pct
Coronin                  
0         1021  99.707031
             3   0.292969



           count        pct
Cortactin                  
0            430  41.992188
00001        160  15.625000
01001        117  11.425781
01000         76   7.421875
10010         74   7.226562
01011         60   5.859375
01110         37   3.613281
10001         31   3.027344
00011         14   1.367188
11101         10   0.976562
11110          7   0.683594
1              5   0.488281
               3   0.292969



            count        pct
Dia1                        
1             338  33.007812
0             136  13.281250
10111         124  12.109375
10101          87   8.496094
11101          76   7.421875
1101           47   4.589844
1011000110     38   3.710938
01             38   3.710938
01011          36   3.515625
00101          32   3.125000
11000          20   1.953125
01100          15   1.464844
00111          14   1.367188
01110          12   1.171875
10000           8   0.781250
                3   0.292969



       count        pct
Dia2                   
1        802  78.320312
11101    115  11.230469
01101     63   6.152344
10110     38   3.710938
0          3   0.292969
           3   0.292969



            count        pct
Ena_Vasp                    
1             911  88.964844
0111111111     49   4.785156
1010111111     38   3.710938
01111          14   1.367188
10110           9   0.878906
                3   0.292969



              count        pct
IRSp53_Cdc42                  
0               512  50.000000
1               509  49.707031
                  3   0.292969



             count        pct
IRSp53_Rac1                  
0              430  41.992188
00001          160  15.625000
01001          117  11.425781
01000           76   7.421875
10010           74   7.226562
01011           60   5.859375
01110           37   3.613281
10001           31   3.027344
00011           14   1.367188
11101           10   0.976562
11110            7   0.683594
1                5   0.488281
                 3   0.292969



      count        pct
LIMK                  
1      1021  99.707031
          3   0.292969



      count        pct
NET1                  
0      1021  99.707031
          3   0.292969



       count        pct
PAK                    
1        512  50.000000
0        293  28.613281
01000    115  11.230469
01010     63   6.152344
00101     38   3.710938
           3   0.292969



      count        pct
PIP2                  
1       519  50.683594
0       502  49.023438
          3   0.292969



       count        pct
PKD                    
1        430  41.992188
11011    160  15.625000
11010    117  11.425781
11110     76   7.421875
10101     74   7.226562
10010     60   5.859375
00110     37   3.613281
11001     31   3.027344
10011     14   1.367188
01000     10   0.976562
00100      7   0.683594
0          5   0.488281
           3   0.292969



            count        pct
Profilin                    
1             698  68.164062
1111011111    179  17.480469
01111          59   5.761719
1110           47   4.589844
10             38   3.710938
                3   0.292969



       count        pct
ROCK                   
1        430  41.992188
10111    160  15.625000
10101    117  11.425781
11101     76   7.421875
01011     74   7.226562
00101     60   5.859375
01100     37   3.613281
10011     31   3.027344
00111     14   1.367188
10000     10   0.976562
01000      7   0.683594
0          5   0.488281
           3   0.292969



       count        pct
ROS                    
0        430  41.992188
00001    160  15.625000
01001    117  11.425781
01000     76   7.421875
10010     74   7.226562
01011     60   5.859375
01110     37   3.613281
10001     31   3.027344
00011     14   1.367188
11101     10   0.976562
11110      7   0.683594
1          5   0.488281
           3   0.292969



       count        pct
Rac1                   
0        430  41.992188
00010    160  15.625000
10010    117  11.425781
10000     76   7.421875
00101     74   7.226562
10110     60   5.859375
11100     37   3.613281
00011     31   3.027344
00110     14   1.367188
11011     10   0.976562
11101      7   0.683594
1          5   0.488281
           3   0.292969



       count        pct
RhoA                   
1        430  41.992188
01111    160  15.625000
01011    117  11.425781
11011     76   7.421875
10110     74   7.226562
01010     60   5.859375
11000     37   3.613281
00111     31   3.027344
01110     14   1.367188
00001     10   0.976562
10000      7   0.683594
0          5   0.488281
           3   0.292969



     count        pct
SSH                  
0     1021  99.707031
         3   0.292969



          count        pct
Thymosin                  
1           355  34.667969
0           346  33.789062
10          211  20.605469
01          109  10.644531
              3   0.292969



      count        pct
WASP                  
0       355  34.667969
1       346  33.789062
10      211  20.605469
01      109  10.644531
          3   0.292969



       count        pct
WAVE                   
0        430  41.992188
10001    160  15.625000
11101    139  13.574219
01111     89   8.691406
1         82   8.007812
01100     76   7.421875
11001     31   3.027344
10011     14   1.367188
           3   0.292969



