                       count        pct
Actin_BR   Actin_ST                    
0          1             330  32.226562
1          0             133  12.988281
           1             129  12.597656
10010      1              54   5.273438
00010      1              52   5.078125
11011      1111101111     51   4.980469
00010      1111101111     49   4.785156
0100       01             47   4.589844
00010      11101          42   4.101562
01001      1101101101     38   3.710938
01         01             38   3.710938
0110001101 1111101111     27   2.636719
1110111100 1111101111     14   1.367188
10010      00101           9   0.878906
           11101           8   0.781250
                           3   0.292969



             count        pct
Rac1  RhoA                   
0     1        430  41.992188
00010 01111    160  15.625000
10010 01011    117  11.425781
10000 11011     76   7.421875
00101 10110     74   7.226562
10110 01010     60   5.859375
11100 11000     37   3.613281
00011 00111     31   3.027344
00110 01110     14   1.367188
11011 00001     10   0.976562
11101 10000      7   0.683594
1     0          5   0.488281
                 3   0.292969



