                                         count        pct
cycle_Actin_BR_norm cycle_Actin_ST_norm                  
0                   0                      240  23.437500
100                 1                      221  21.582031
011                 101                    145  14.160156
1                   1                      140  13.671875
011                 1                      126  12.304688
100                 0                      103  10.058594
                    100                     26   2.539062
0                   1                       14   1.367188
                    01                       9   0.878906



