          count    pct
ARHGAP22              
0          1024  100.0



          count        pct
Actin_BR                  
1           513  50.097656
0           187  18.261719
100         175  17.089844
011          75   7.324219
010          49   4.785156
101          25   2.441406



          count        pct
Actin_ST                  
0           392  38.281250
1           345  33.691406
010         159  15.527344
100010       49   4.785156
01           45   4.394531
000001       25   2.441406
110           9   0.878906



        count        pct
Arp2_3                  
1         513  50.097656
0         187  18.261719
001       175  17.089844
110        75   7.324219
100        49   4.785156
011        25   2.441406



        count        pct
CP                      
0         510  49.804688
1         268  26.171875
100       127  12.402344
010000     49   4.785156
011        44   4.296875
101000     25   2.441406
10          1   0.097656



       count        pct
Cdc42                  
1        537  52.441406
0        487  47.558594



         count        pct
Cofilin                  
1          428  41.796875
0          215  20.996094
011        142  13.867188
01         126  12.304688
000010      49   4.785156
001         39   3.808594
000101      25   2.441406



         count    pct
Coronin              
0         1024  100.0



           count        pct
Cortactin                  
1            513  50.097656
0            187  18.261719
010          175  17.089844
101           75   7.324219
001           49   4.785156
110           25   2.441406



      count    pct
Dia1              
0      1024  100.0



      count        pct
Dia2                  
1       537  52.441406
0       487  47.558594



          count        pct
Ena_Vasp                  
1           683  66.699219
011         117  11.425781
0           104  10.156250
01           74   7.226562
10           46   4.492188



              count        pct
IRSp53_Cdc42                  
1               537  52.441406
0               487  47.558594



             count        pct
IRSp53_Rac1                  
1              513  50.097656
0              187  18.261719
010            175  17.089844
101             75   7.324219
001             49   4.785156
110             25   2.441406



      count        pct
LIMK                  
0       989  96.582031
1        20   1.953125
110       9   0.878906
001       6   0.585938



      count        pct
NET1                  
0       548  53.515625
1       167  16.308594
110     166  16.210938
001      69   6.738281
011      49   4.785156
100      25   2.441406



     count        pct
PAK                  
1      548  53.515625
0      167  16.308594
010    166  16.210938
101     69   6.738281
001     49   4.785156
110     25   2.441406



      count        pct
PIP2                  
1       515  50.292969
0       509  49.707031



     count    pct
PKD              
0     1024  100.0



          count        pct
Profilin                  
1           683  66.699219
101         136  13.281250
0           111  10.839844
110111       49   4.785156
10           45   4.394531



      count    pct
ROCK              
0      1024  100.0



     count        pct
ROS                  
1      513  50.097656
0      187  18.261719
010    175  17.089844
101     75   7.324219
001     49   4.785156
110     25   2.441406



      count        pct
Rac1                  
1       513  50.097656
0       187  18.261719
100     175  17.089844
011      75   7.324219
010      49   4.785156
101      25   2.441406



      count    pct
RhoA              
0      1024  100.0



     count        pct
SSH                  
1      513  50.097656
0      187  18.261719
010    175  17.089844
101     75   7.324219
001     49   4.785156
110     25   2.441406



          count        pct
Thymosin                  
0           640  62.500000
01          171  16.699219
1           139  13.574219
10           74   7.226562



      count        pct
WASP                  
1       523  51.074219
01      171  16.699219
0       139  13.574219
110     117  11.425781
10       74   7.226562



      count        pct
WAVE                  
1       613  59.863281
0       187  18.261719
011     175  17.089844
101      49   4.785156



