                   count        pct
Actin_BR Actin_ST                  
1        0           269  26.269531
         1           244  23.828125
100      010         117  11.425781
0        0           111  10.839844
010      100010       49   4.785156
0        01           45   4.394531
011      010          42   4.101562
100      1            39   3.808594
011      1            31   3.027344
0        1            31   3.027344
101      000001       25   2.441406
100      0            10   0.976562
         110           9   0.878906
011      0             2   0.195312



           count        pct
Rac1 RhoA                  
1    0       513  50.097656
0    0       187  18.261719
100  0       175  17.089844
011  0        75   7.324219
010  0        49   4.785156
101  0        25   2.441406



