          count        pct
ARHGAP22                  
1           737  71.972656
10111       106  10.351562
00101        52   5.078125
10101        47   4.589844
00111        43   4.199219
00100        22   2.148438
00011        12   1.171875
0             5   0.488281



          count        pct
Actin_BR                  
0           553  54.003906
1           330  32.226562
0100         88   8.593750
01           53   5.175781



          count        pct
Actin_ST                  
1           553  54.003906
0           330  32.226562
01          141  13.769531



        count        pct
Arp2_3                  
0         553  54.003906
1         330  32.226562
1000       88   8.593750
10         53   5.175781



      count        pct
CP                    
0       553  54.003906
1       330  32.226562
0100     88   8.593750
01       53   5.175781



       count        pct
Cdc42                  
0        526  51.367188
1        498  48.632812



            count        pct
Cofilin                     
0             553  54.003906
10111         143  13.964844
1             125  12.207031
0100           88   8.593750
01             53   5.175781
10110          47   4.589844
0001010101     15   1.464844



         count    pct
Coronin              
0         1024  100.0



           count        pct
Cortactin                  
0            737  71.972656
00010        106  10.351562
10110         52   5.078125
10010         47   4.589844
00110         43   4.199219
11110         22   2.148438
00111         12   1.171875
1              5   0.488281



      count        pct
Dia1                  
1       553  54.003906
0       330  32.226562
1101     88   8.593750
01       53   5.175781



      count        pct
Dia2                  
1      1022  99.804688
0         2   0.195312



          count    pct
Ena_Vasp              
1          1024  100.0



              count        pct
IRSp53_Cdc42                  
0               526  51.367188
1               498  48.632812



             count        pct
IRSp53_Rac1                  
0              737  71.972656
00010          106  10.351562
10110           52   5.078125
10010           47   4.589844
00110           43   4.199219
11110           22   2.148438
00111           12   1.171875
1                5   0.488281



       count        pct
LIMK                   
1        890  86.914062
11101     95   9.277344
10001     22   2.148438
11100     12   1.171875
0          5   0.488281



      count        pct
NET1                  
1       524  51.171875
0       500  48.828125



     count        pct
PAK                  
0      524  51.171875
1      500  48.828125



      count    pct
PIP2              
0      1024  100.0



       count        pct
PKD                    
1        737  71.972656
10111    106  10.351562
00101     52   5.078125
10101     47   4.589844
00111     43   4.199219
00100     22   2.148438
00011     12   1.171875
0          5   0.488281



          count        pct
Profilin                  
1           883  86.230469
1110         88   8.593750
10           53   5.175781



       count        pct
ROCK                   
1        737  71.972656
01111    106  10.351562
01010     52   5.078125
01011     47   4.589844
01110     43   4.199219
01000     22   2.148438
00110     12   1.171875
0          5   0.488281



       count        pct
ROS                    
0        737  71.972656
00010    106  10.351562
10110     52   5.078125
10010     47   4.589844
00110     43   4.199219
11110     22   2.148438
00111     12   1.171875
1          5   0.488281



       count        pct
Rac1                   
0        737  71.972656
00100    106  10.351562
01101     52   5.078125
00101     47   4.589844
01100     43   4.199219
11101     22   2.148438
01110     12   1.171875
1          5   0.488281



       count        pct
RhoA                   
1        737  71.972656
11110    106  10.351562
10100     52   5.078125
10110     47   4.589844
11100     43   4.199219
10000     22   2.148438
01100     12   1.171875
0          5   0.488281



       count        pct
SSH                    
0        890  86.914062
00100     95   9.277344
11100     22   2.148438
00110     12   1.171875
1          5   0.488281



          count        pct
Thymosin                  
1           550  53.710938
0           315  30.761719
01          159  15.527344



      count        pct
WASP                  
0       550  53.710938
1       315  30.761719
01      159  15.527344



       count        pct
WAVE                   
0        737  71.972656
00011    106  10.351562
1         79   7.714844
11011     59   5.761719
00111     43   4.199219



