          count        pct
Actin_BR                  
1           503  49.121094
001         227  22.167969
0           155  15.136719
011         139  13.574219



          count        pct
Actin_ST                  
0           557  54.394531
1           427  41.699219
100101       36   3.515625
01            4   0.390625



        count        pct
Arp2_3                  
1         503  49.121094
010       227  22.167969
0         155  15.136719
110       139  13.574219



        count        pct
CP                      
1         533  52.050781
0         446  43.554688
001000     36   3.515625
100         8   0.781250
01          1   0.097656



       count        pct
Cdc42                  
0        524  51.171875
1        500  48.828125



         count        pct
Cofilin                  
1          560  54.687500
011        204  19.921875
0          158  15.429688
001         48   4.687500
000001      36   3.515625
01          18   1.757812



         count        pct
Coronin                  
1          654  63.867188
010        217  21.191406
0          147  14.355469
01           6   0.585938



           count        pct
Cortactin                  
1            503  49.121094
100          227  22.167969
0            155  15.136719
101          139  13.574219



        count        pct
Dia1                    
0         870  84.960938
1          70   6.835938
100        48   4.687500
100000     36   3.515625



      count    pct
Dia2              
0      1024  100.0



          count        pct
Ena_Vasp                  
1           842  82.226562
011         135  13.183594
101011       36   3.515625
100           8   0.781250
0             2   0.195312
01            1   0.097656



              count        pct
IRSp53_Cdc42                  
0               524  51.171875
1               500  48.828125



             count        pct
IRSp53_Rac1                  
1              503  49.121094
100            227  22.167969
0              155  15.136719
101            139  13.574219



      count        pct
LIMK                  
0       654  63.867188
001     217  21.191406
1       147  14.355469
10        6   0.585938



     count        pct
PAK                  
1      518  50.585938
100    227  22.167969
0      140  13.671875
101    139  13.574219



      count        pct
PIP2                  
0       533  52.050781
1       491  47.949219



     count        pct
PKD                  
0      669  65.332031
010    217  21.191406
1      138  13.476562



          count        pct
Profilin                  
1           748  73.046875
011         171  16.699219
0           102   9.960938
10            3   0.292969



      count        pct
ROCK                  
0       669  65.332031
100     217  21.191406
1       138  13.476562



      count        pct
Rac1                  
1       503  49.121094
001     227  22.167969
0       155  15.136719
011     139  13.574219



      count        pct
RhoA                  
0       657  64.160156
001     227  22.167969
1       140  13.671875



     count        pct
SSH                  
1      654  63.867188
100    217  21.191406
0      147  14.355469
10       6   0.585938



          count        pct
Thymosin                  
0           837  81.738281
1            99   9.667969
01           88   8.593750



      count        pct
WASP                  
1       700  68.359375
110     135  13.183594
0       101   9.863281
01       88   8.593750



      count        pct
WAVE                  
1       642  62.695312
110     227  22.167969
0       155  15.136719



