          count        pct
Actin_BR                  
0           557  54.394531
1           352  34.375000
010          48   4.687500
01           42   4.101562
110          10   0.976562
001          10   0.976562
              5   0.488281



                count        pct
Actin_ST                        
1                 545  53.222656
0                 291  28.417969
101               118  11.523438
01                 42   4.101562
001                20   1.953125
                    5   0.488281
11111111101111      1   0.097656
100000              1   0.097656
0000011             1   0.097656



        count        pct
Arp2_3                  
0         557  54.394531
1         352  34.375000
100        48   4.687500
10         42   4.101562
101        10   0.976562
010        10   0.976562
            5   0.488281



    count        pct
CP                  
1     517  50.488281
0     502  49.023438
        5   0.488281



       count        pct
Cdc42                  
1        523  51.074219
0        496  48.437500
           5   0.488281



         count        pct
Cofilin                  
0          579  56.542969
1          298  29.101562
01          51   4.980469
000010      48   4.687500
011         42   4.101562
             5   0.488281
10           1   0.097656



         count        pct
Coronin                  
0          675  65.917969
100        185  18.066406
1          109  10.644531
011         50   4.882812
             5   0.488281



           count        pct
Cortactin                  
0           1019  99.511719
               5   0.488281



         count        pct
Dia1                     
0          560  54.687500
1          330  32.226562
011         48   4.687500
101         46   4.492188
010         23   2.246094
001110       7   0.683594
             5   0.488281
10           3   0.292969
0111100      1   0.097656
0011110      1   0.097656



         count        pct
Dia2                     
1          762  74.414062
011        245  23.925781
101111       7   0.683594
             5   0.488281
10           3   0.292969
1011111      1   0.097656
0111111      1   0.097656



          count        pct
Ena_Vasp                  
1           999  97.558594
101          10   0.976562
010           6   0.585938
              5   0.488281
0             3   0.292969
01            1   0.097656



              count        pct
IRSp53_Cdc42                  
1               523  51.074219
0               496  48.437500
                  5   0.488281



             count        pct
IRSp53_Rac1                  
0              679  66.308594
001            191  18.652344
1               77   7.519531
110             60   5.859375
100011           7   0.683594
                 5   0.488281
10               3   0.292969
1000111          1   0.097656
0001111          1   0.097656



      count        pct
LIMK                  
1       675  65.917969
011     185  18.066406
0       109  10.644531
100      50   4.882812
          5   0.488281



         count        pct
PAK                      
1          554  54.101562
0          447  43.652344
011         10   0.976562
100          6   0.585938
             5   0.488281
1000111      1   0.097656
0001111      1   0.097656



      count        pct
PIP2                  
0       517  50.488281
1       502  49.023438
          5   0.488281



     count        pct
PKD                  
1      675  65.917969
101    185  18.066406
0      109  10.644531
010     50   4.882812
         5   0.488281



          count        pct
Profilin                  
1           674  65.820312
0           291  28.417969
10           42   4.101562
011           6   0.585938
              5   0.488281
010           4   0.390625
0000110       1   0.097656
000001        1   0.097656



      count        pct
ROCK                  
1       675  65.917969
011     185  18.066406
0       109  10.644531
100      50   4.882812
          5   0.488281



         count        pct
Rac1                     
0          679  66.308594
010        191  18.652344
1           77   7.519531
101         60   5.859375
000111       7   0.683594
             5   0.488281
01           3   0.292969
0011110      1   0.097656
0001111      1   0.097656



         count        pct
RhoA                     
1          685  66.894531
110        195  19.042969
0           77   7.519531
001         50   4.882812
011100       7   0.683594
             5   0.488281
01           3   0.292969
1111000      1   0.097656
0111100      1   0.097656



     count        pct
SSH                  
0      675  65.917969
001    185  18.066406
1      109  10.644531
110     50   4.882812
         5   0.488281



          count        pct
Thymosin                  
0           470  45.898438
1           295  28.808594
01          199  19.433594
10           55   5.371094
              5   0.488281



      count        pct
WASP                  
1       452  44.140625
0       297  29.003906
01      199  19.433594
10       55   5.371094
011      10   0.976562
100       6   0.585938
          5   0.488281



         count        pct
WAVE                     
0          679  66.308594
101        191  18.652344
1          140  13.671875
110011       7   0.683594
             5   0.488281
1100111      1   0.097656
1001111      1   0.097656



