                         count        pct
Actin_BR Actin_ST                        
0        0                 291  28.417969
         1                 263  25.683594
1        1                 234  22.851562
         101               118  11.523438
010      1                  48   4.687500
01       01                 42   4.101562
110      001                10   0.976562
001      001                10   0.976562
                             5   0.488281
0        11111111101111      1   0.097656
         100000              1   0.097656
         0000011             1   0.097656



                 count        pct
Rac1    RhoA                     
0       1          679  66.308594
010     110        185  18.066406
1       0           77   7.519531
101     001         50   4.882812
        110         10   0.976562
000111  011100       7   0.683594
010     1            6   0.585938
                     5   0.488281
01      01           3   0.292969
0011110 1111000      1   0.097656
0001111 0111100      1   0.097656



