          count        pct
ARHGAP22                  
0           986  96.289062
             38   3.710938



          count        pct
Actin_BR                  
1           631  61.621094
110         272  26.562500
100          62   6.054688
             38   3.710938
0            21   2.050781



          count        pct
Actin_ST                  
0           373  36.425781
1           364  35.546875
100         183  17.871094
110111       62   6.054688
             38   3.710938
01            4   0.390625



        count        pct
Arp2_3                  
1         631  61.621094
101       272  26.562500
001        62   6.054688
           38   3.710938
0          21   2.050781



     count        pct
CP                   
0      447  43.652344
1      321  31.347656
110    183  17.871094
        38   3.710938
10      35   3.417969



       count        pct
Cdc42                  
1        523  51.074219
0        463  45.214844
          38   3.710938



         count        pct
Cofilin                  
1          725  70.800781
01          91   8.886719
101         89   8.691406
000100      62   6.054688
            38   3.710938
0           19   1.855469



         count        pct
Coronin                  
1          750  73.242188
101        164  16.015625
011         62   6.054688
            38   3.710938
10           5   0.488281
0            5   0.488281



           count        pct
Cortactin                  
1            631  61.621094
001          164  16.015625
011          108  10.546875
010           62   6.054688
              38   3.710938
0             21   2.050781



      count        pct
Dia1                  
0       652  63.671875
100     334  32.617188
         38   3.710938



      count        pct
Dia2                  
1       523  51.074219
100     334  32.617188
0       129  12.597656
         38   3.710938



          count        pct
Ena_Vasp                  
1           774  75.585938
110         115  11.230469
101011       62   6.054688
             38   3.710938
10           35   3.417969



              count        pct
IRSp53_Cdc42                  
1               523  51.074219
0               463  45.214844
                 38   3.710938



             count        pct
IRSp53_Rac1                  
1              631  61.621094
011            334  32.617188
                38   3.710938
0               21   2.050781



      count        pct
LIMK                  
0       750  73.242188
010     164  16.015625
100      62   6.054688
         38   3.710938
1         5   0.488281
01        5   0.488281



      count        pct
NET1                  
0       652  63.671875
010     334  32.617188
         38   3.710938



     count        pct
PAK                  
1      652  63.671875
011    334  32.617188
        38   3.710938



      count        pct
PIP2                  
0       507  49.511719
1       479  46.777344
         38   3.710938



     count        pct
PKD                  
0      760  74.218750
001    164  16.015625
010     62   6.054688
        38   3.710938



          count        pct
Profilin                  
1           965  94.238281
             38   3.710938
0            17   1.660156
10            4   0.390625



      count        pct
ROCK                  
0       760  74.218750
010     164  16.015625
100      62   6.054688
         38   3.710938



     count        pct
ROS                  
0      986  96.289062
        38   3.710938



      count        pct
Rac1                  
1       631  61.621094
110     334  32.617188
         38   3.710938
0        21   2.050781



      count        pct
RhoA                  
0       652  63.671875
001     334  32.617188
         38   3.710938



     count        pct
SSH                  
1      750  73.242188
011    164  16.015625
110     62   6.054688
        38   3.710938
01       5   0.488281
0        5   0.488281



          count        pct
Thymosin                  
0           814  79.492188
01          155  15.136719
             38   3.710938
1            17   1.660156



      count        pct
WASP                  
1       699  68.261719
01      155  15.136719
101     115  11.230469
         38   3.710938
0        17   1.660156



      count        pct
WAVE                  
1       965  94.238281
         38   3.710938
0        21   2.050781



