                   count        pct
Actin_BR Actin_ST                  
0        0           850  41.503906
1        1           413  20.166016
01       01          239  11.669922
         0           208  10.156250
0        1           169   8.251953
101      1            73   3.564453
001      101          24   1.171875
         110          23   1.123047
011      1            14   0.683594
001      011111        9   0.439453
011      0             8   0.390625
001      0             8   0.390625
         1             6   0.292969
0        01            4   0.195312



             count        pct
Rac1  RhoA                   
0     1       1524  74.414062
1     0        116   5.664062
00100 11110    104   5.078125
01001 10101     71   3.466797
101   100       46   2.246094
001   1         46   2.246094
01100 11100     44   2.148438
101   011       27   1.318359
00111 00110     24   1.171875
001   011       20   0.976562
011   101       15   0.732422
      001        7   0.341797
001   101        4   0.195312



