                   count        pct
Actin_BR Actin_ST                  
1        1           506  49.414062
001      001         121  11.816406
0        0           108  10.546875
001      1           105  10.253906
000010   1           101   9.863281
110      1            49   4.785156
         101          33   3.222656
0        1             1   0.097656



               count        pct
Rac1   RhoA                    
1      0         506  49.414062
001    100       226  22.070312
0      1         108  10.546875
010000 111001    101   9.863281
110    0          82   8.007812
0      0           1   0.097656



