                   count        pct
Actin_BR Actin_ST                  
0        0           432  42.187500
         1           259  25.292969
11000    10111        99   9.667969
10111    10111        62   6.054688
10011    10111        36   3.515625
101      110          35   3.417969
         1            31   3.027344
1        1            16   1.562500
010      010          15   1.464844
1        0            14   1.367188
010      0            14   1.367188
101      0             8   0.781250
010      1             3   0.292969



             count        pct
Rac1  RhoA                   
0     1        691  67.480469
00100 11110     99   9.667969
01001 10101     62   6.054688
101   100       51   4.980469
11000 11001     36   3.515625
1     0         30   2.929688
101   101       26   2.539062
010   101       15   1.464844
      1         14   1.367188



