                   count        pct
Actin_BR Actin_ST                  
1        0           496  48.437500
0        1           454  44.335938
011      010          49   4.785156
0100     01           24   2.343750
0        101           1   0.097656



             count        pct
Rac1  RhoA                   
0     1        572  55.859375
01000 11101    147  14.355469
1     0        122  11.914062
01010 01101     53   5.175781
011   101       50   4.882812
01100 11100     45   4.394531
11100 11000     35   3.417969



