          count        pct
ARHGAP22                  
0          1960  95.703125
             88   4.296875



               count        pct
Actin_BR                       
011              708  34.570312
010              611  29.833984
1                349  17.041016
0                229  11.181641
                  88   4.296875
011010            45   2.197266
1001000100100     18   0.878906



               count        pct
Actin_ST                       
011              727  35.498047
0                613  29.931641
100              472  23.046875
                  88   4.296875
1                 85   4.150391
000011            45   2.197266
1101110100100     18   0.878906



               count        pct
Arp2_3                         
110              708  34.570312
100              611  29.833984
1                349  17.041016
0                229  11.181641
                  88   4.296875
110100            45   2.197266
0010001001001     18   0.878906



               count        pct
CP                             
1               1214  59.277344
0                510  24.902344
001              202   9.863281
                  88   4.296875
1001000100100     18   0.878906
011               16   0.781250



       count        pct
Cdc42                  
0        983  47.998047
1        977  47.705078
          88   4.296875



               count        pct
Cofilin                        
0               1657  80.908203
1                145   7.080078
110              140   6.835938
                  88   4.296875
1000000100100     18   0.878906



         count        pct
Coronin                  
0         1033  50.439453
1          594  29.003906
100        279  13.623047
            88   4.296875
000110      45   2.197266
110          9   0.439453



               count        pct
Cortactin                      
001              899  43.896484
101              429  20.947266
1                349  17.041016
0                220  10.742188
                  88   4.296875
001100            45   2.197266
0110110110010     18   0.878906



               count        pct
Dia1                           
0               1357  66.259766
010              531  25.927734
                  88   4.296875
001100            45   2.197266
1011011001001     18   0.878906
011                9   0.439453



               count        pct
Dia2                           
1               1193  58.251953
101              704  34.375000
                  88   4.296875
001111            45   2.197266
1111111111011     18   0.878906



          count        pct
Ena_Vasp                  
1          1373  67.041016
0           295  14.404297
101         283  13.818359
             88   4.296875
010           9   0.439453



              count        pct
IRSp53_Cdc42                  
0               983  47.998047
1               977  47.705078
                 88   4.296875



               count        pct
IRSp53_Rac1                    
101              717  35.009766
001              611  29.833984
1                349  17.041016
0                220  10.742188
                  88   4.296875
001111            45   2.197266
0110110110010     18   0.878906



        count        pct
LIMK                    
1        1033  50.439453
0         594  29.003906
011       279  13.623047
           88   4.296875
111001     45   2.197266
001         9   0.439453



               count        pct
NET1                           
0               1179  57.568359
001              330  16.113281
011              294  14.355469
1                139   6.787109
                  88   4.296875
1100100100110     18   0.878906



               count        pct
PAK                            
1               1179  57.568359
101              330  16.113281
001              294  14.355469
0                139   6.787109
                  88   4.296875
0110110110010     18   0.878906



      count        pct
PIP2                  
0      1019  49.755859
1       941  45.947266
         88   4.296875



        count        pct
PKD                     
0         594  29.003906
011       564  27.539062
1         469  22.900391
100       288  14.062500
           88   4.296875
000110     45   2.197266



               count        pct
Profilin                       
110              699  34.130859
0                556  27.148438
001              436  21.289062
1                206  10.058594
                  88   4.296875
000110            45   2.197266
1011101101101     18   0.878906



        count        pct
ROCK                    
0         594  29.003906
110       564  27.539062
1         469  22.900391
001       288  14.062500
           88   4.296875
001100     45   2.197266



               count        pct
ROS                            
101              717  35.009766
001              611  29.833984
1                349  17.041016
0                220  10.742188
                  88   4.296875
001111            45   2.197266
0110110110010     18   0.878906



               count        pct
Rac1                           
011              717  35.009766
010              611  29.833984
1                349  17.041016
0                220  10.742188
                  88   4.296875
011110            45   2.197266
1101101100100     18   0.878906



               count        pct
RhoA                           
101              647  31.591797
1                514  25.097656
001              387  18.896484
0                349  17.041016
                  88   4.296875
011000            45   2.197266
1110110110111     18   0.878906



        count        pct
SSH                     
0        1033  50.439453
1         594  29.003906
001       279  13.623047
           88   4.296875
001100     45   2.197266
101         9   0.439453



               count        pct
Thymosin                       
1               1657  80.908203
0                145   7.080078
100              140   6.835938
                  88   4.296875
1011111101101     18   0.878906



      count        pct
WASP                  
0      1960  95.703125
         88   4.296875



               count        pct
WAVE                           
1               1066  52.050781
101              611  29.833984
0                220  10.742188
                  88   4.296875
101111            45   2.197266
0111111111011     18   0.878906



