                             count        pct
Actin_BR      Actin_ST                       
010           011              549  26.806641
011           100              436  21.289062
1             0                345  16.845703
0             0                220  10.742188
011           011              169   8.251953
                                88   4.296875
011           1                 81   3.955078
011010        000011            45   2.197266
010           100               36   1.757812
              0                 26   1.269531
011           0                 22   1.074219
1001000100100 1101110100100     18   0.878906
0             011                9   0.439453
1             1                  4   0.195312



                             count        pct
Rac1          RhoA                           
011           001              387  18.896484
1             0                349  17.041016
011           101              330  16.113281
010           101              317  15.478516
              1                294  14.355469
0             1                220  10.742188
                                88   4.296875
011110        011000            45   2.197266
1101101100100 1110110110111     18   0.878906



