          count        pct
ARHGAP22                  
010         356  34.765625
0           333  32.519531
1           200  19.531250
100111      135  13.183594



          count        pct
Actin_BR                  
010         498  48.632812
0           204  19.921875
101         161  15.722656
100000      135  13.183594
1            26   2.539062



          count        pct
Actin_ST                  
0           385  37.597656
010         223  21.777344
110         166  16.210938
001         105  10.253906
001111       60   5.859375
100011       56   5.468750
000010       19   1.855469
10            8   0.781250
1             2   0.195312



        count        pct
Arp2_3                  
100       498  48.632812
0         204  19.921875
011       161  15.722656
000001    135  13.183594
1          26   2.539062



        count        pct
CP                      
1         525  51.269531
010       276  26.953125
100000    135  13.183594
101        86   8.398438
0           2   0.195312



       count    pct
Cdc42              
0       1024  100.0



         count        pct
Cofilin                  
0          537  52.441406
101        165  16.113281
1          160  15.625000
010000     140  13.671875
001         14   1.367188
10           8   0.781250



         count        pct
Coronin                  
0          691  67.480469
1          333  32.519531



           count        pct
Cortactin                  
001          498  48.632812
0            204  19.921875
110          161  15.722656
000010       135  13.183594
1             26   2.539062



        count        pct
Dia1                    
0         611  59.667969
100       276  26.953125
001111    135  13.183594
1           2   0.195312



        count        pct
Dia2                    
110       436  42.578125
1         230  22.460938
101       223  21.777344
001111    135  13.183594



          count    pct
Ena_Vasp              
0          1024  100.0



              count    pct
IRSp53_Cdc42              
0              1024  100.0



             count        pct
IRSp53_Rac1                  
001            498  48.632812
0              204  19.921875
110            161  15.722656
000010         135  13.183594
1               26   2.539062



        count        pct
LIMK                    
1         556  54.296875
0         333  32.519531
110111    135  13.183594



        count        pct
NET1                    
011       498  48.632812
1         204  19.921875
100       161  15.722656
111110    135  13.183594
0          26   2.539062



        count        pct
PAK                     
001       498  48.632812
0         204  19.921875
110       161  15.722656
000010    135  13.183594
1          26   2.539062



      count        pct
PIP2                  
0       513  50.097656
1       511  49.902344



        count        pct
PKD                     
010       356  34.765625
0         333  32.519531
1         200  19.531250
100111    135  13.183594



          count        pct
Profilin                  
1           415  40.527344
110         223  21.777344
0           202  19.726562
011          82   8.007812
100111       56   5.468750
010          27   2.636719
000110       19   1.855469



        count        pct
ROCK                    
100       356  34.765625
0         333  32.519531
1         200  19.531250
001111    135  13.183594



        count        pct
ROS                     
001       498  48.632812
0         204  19.921875
110       161  15.722656
000010    135  13.183594
1          26   2.539062



        count        pct
Rac1                    
010       498  48.632812
0         204  19.921875
101       161  15.722656
000100    135  13.183594
1          26   2.539062



        count        pct
RhoA                    
001       498  48.632812
1         204  19.921875
0         187  18.261719
011110    135  13.183594



     count        pct
SSH                  
0      691  67.480469
1      333  32.519531



          count        pct
Thymosin                  
0           487  47.558594
01          279  27.246094
1           249  24.316406
10            9   0.878906



        count        pct
WASP                    
1         406  39.648438
0         253  24.707031
10        148  14.453125
000101    140  13.671875
110        77   7.519531



        count        pct
WAVE                    
101       498  48.632812
0         204  19.921875
1         187  18.261719
000011    135  13.183594



