          count        pct
ARHGAP22                  
1          1114  54.394531
0           344  16.796875
11011       300  14.648438
01101        89   4.345703
00111        64   3.125000
01011        51   2.490234
00011        42   2.050781
01110        29   1.416016
010          12   0.585938
001           3   0.146484



            count        pct
Actin_BR                    
0             962  46.972656
1             724  35.351562
0110001101    105   5.126953
011            66   3.222656
11101          51   2.490234
01             49   2.392578
1001110111     29   1.416016
010            29   1.416016
00100          23   1.123047
10101          10   0.488281



          count        pct
Actin_ST                  
0          1022  49.902344
1           740  36.132812
10111       185   9.033203
01           65   3.173828
00110        23   1.123047
10110        10   0.488281
011111        3   0.146484



            count        pct
Arp2_3                      
0             962  46.972656
1             724  35.351562
1100011010    105   5.126953
110            66   3.222656
11011          51   2.490234
10             49   2.392578
100            29   1.416016
0011101111     29   1.416016
01000          23   1.123047
01011          10   0.488281



    count        pct
CP                  
1    1018  49.707031
0    1014  49.511719
01     16   0.781250



       count        pct
Cdc42                  
0       1051  51.318359
1        997  48.681641



            count        pct
Cofilin                     
0             980  47.851562
1             642  31.347656
0000010101    185   9.033203
11110          84   4.101562
01             72   3.515625
10110          45   2.197266
011            37   1.806641
010001          3   0.146484



         count        pct
Coronin                  
0         1554  75.878906
1          344  16.796875
00010       64   3.125000
00011       42   2.050781
00100       29   1.416016
011         12   0.585938
101          3   0.146484



           count        pct
Cortactin                  
0           1129  55.126953
00001        300  14.648438
1            249  12.158203
00110        106   5.175781
10100         89   4.345703
101           54   2.636719
00101         51   2.490234
001           41   2.001953
01100         29   1.416016



       count        pct
Dia1                   
0       1151  56.201172
1        486  23.730469
10111    105   5.126953
11011     83   4.052734
01011     55   2.685547
10110     51   2.490234
110       40   1.953125
11100     29   1.416016
01110     24   1.171875
00011     24   1.171875



      count    pct
Dia2              
0      2048  100.0



          count        pct
Ena_Vasp                  
1          1984  96.875000
110          32   1.562500
01           16   0.781250
0            13   0.634766
101110        3   0.146484



              count        pct
IRSp53_Cdc42                  
0              1051  51.318359
1               997  48.681641



             count        pct
IRSp53_Rac1                  
0             1129  55.126953
00001          300  14.648438
1              249  12.158203
10100           89   4.345703
101             69   3.369141
00110           64   3.125000
00101           51   2.490234
00111           42   2.050781
01100           29   1.416016
001             26   1.269531



      count    pct
LIMK              
0      2048  100.0



      count        pct
NET1                  
0      1030  50.292969
1       923  45.068359
001      69   3.369141
011      26   1.269531



     count        pct
PAK                  
1     1030  50.292969
0      923  45.068359
101     69   3.369141
001     26   1.269531



      count        pct
PIP2                  
1      1030  50.292969
0      1018  49.707031



       count        pct
PKD                    
1       1114  54.394531
0        344  16.796875
11011    300  14.648438
01101     89   4.345703
00111     64   3.125000
01011     51   2.490234
00011     42   2.050781
01110     29   1.416016
010       12   0.585938
001        3   0.146484



          count        pct
Profilin                  
1          1205  58.837891
0           550  26.855469
01111       185   9.033203
10           49   2.392578
110          26   1.269531
01100        23   1.123047
01101        10   0.488281



       count        pct
ROCK                   
1       1114  54.394531
0        344  16.796875
10111    300  14.648438
11010     89   4.345703
01110     64   3.125000
10110     51   2.490234
00110     42   2.050781
11100     29   1.416016
100       12   0.585938
010        3   0.146484



       count        pct
ROS                    
0       1129  55.126953
00001    300  14.648438
1        249  12.158203
10100     89   4.345703
101       69   3.369141
00110     64   3.125000
00101     51   2.490234
00111     42   2.050781
01100     29   1.416016
001       26   1.269531



       count        pct
Rac1                   
0       1129  55.126953
00010    300  14.648438
1        249  12.158203
01001     89   4.345703
011       69   3.369141
01100     64   3.125000
01010     51   2.490234
01110     42   2.050781
11000     29   1.416016
010       26   1.269531



       count        pct
RhoA                   
1       1155  56.396484
01111    300  14.648438
0        249  12.158203
10101     89   4.345703
101       69   3.369141
11100     64   3.125000
01101     51   2.490234
01100     42   2.050781
11001     29   1.416016



       count        pct
SSH                    
0       1554  75.878906
1        344  16.796875
00100     64   3.125000
00110     42   2.050781
01000     29   1.416016
110       12   0.585938
011        3   0.146484



          count        pct
Thymosin                  
0           991  48.388672
1           570  27.832031
10          299  14.599609
01          188   9.179688



      count        pct
WASP                  
1       946  46.191406
0       583  28.466797
10      299  14.599609
01      188   9.179688
101      32   1.562500



       count        pct
WAVE                   
0       1129  55.126953
1        318  15.527344
10001    300  14.648438
10111    182   8.886719
00111     64   3.125000
01110     29   1.416016
101       26   1.269531



