                                         count        pct
cycle_Actin_BR_norm cycle_Actin_ST_norm                  
0                   0                      293  28.613281
1                   1                      206  20.117188
                    1011                   118  11.523438
0                   1                      114  11.132812
1011                1011                    79   7.714844
0011                01                      47   4.589844
0010                0010                    43   4.199219
01                  01                      26   2.539062
0011                1011                    25   2.441406
10                  10                      21   2.050781
0010                1011                    20   1.953125
01                  1011                    17   1.660156
1                   10                       9   0.878906
0010                0110                     6   0.585938



