          count    pct
ARHGAP22              
0          1024  100.0



          count        pct
Actin_BR                  
1           603  58.886719
100         263  25.683594
101         118  11.523438
0            40   3.906250



           count        pct
Actin_ST                   
1            427  41.699219
0            369  36.035156
001          211  20.605469
000000111     13   1.269531
10             4   0.390625



        count        pct
Arp2_3                  
1         603  58.886719
001       263  25.683594
011       118  11.523438
0          40   3.906250



     count        pct
CP                   
0      467  45.605469
1      311  30.371094
100    151  14.746094
101     60   5.859375
10      35   3.417969



       count        pct
Cdc42                  
1        531  51.855469
0        493  48.144531



         count        pct
Cofilin                  
1          746  72.851562
110        170  16.601562
01          69   6.738281
0           39   3.808594



         count        pct
Coronin                  
1         1007  98.339844
0           10   0.976562
10           7   0.683594



           count        pct
Cortactin                  
1            603  58.886719
010          263  25.683594
110          118  11.523438
0             27   2.636719
100000111     13   1.269531



           count        pct
Dia1                       
0            748  73.046875
001          263  25.683594
000011110     13   1.269531



      count    pct
Dia2              
0      1024  100.0



          count        pct
Ena_Vasp                  
1           825  80.566406
101         151  14.746094
10           35   3.417969
0            13   1.269531



              count        pct
IRSp53_Cdc42                  
1               531  51.855469
0               493  48.144531



             count        pct
IRSp53_Rac1                  
1              603  58.886719
010            263  25.683594
110            118  11.523438
0               27   2.636719
100000111       13   1.269531



      count        pct
LIMK                  
0      1007  98.339844
1        10   0.976562
01        7   0.683594



           count        pct
NET1                       
0            630  61.523438
110          263  25.683594
100          118  11.523438
001111100     13   1.269531



           count        pct
PAK                        
1            630  61.523438
010          263  25.683594
110          118  11.523438
100000111     13   1.269531



      count        pct
PIP2                  
0       529  51.660156
1       495  48.339844



     count    pct
PKD              
0     1024  100.0



           count        pct
Profilin                   
1            833  81.347656
101          151  14.746094
0             23   2.246094
111001111     13   1.269531
01             4   0.390625



      count    pct
ROCK              
0      1024  100.0



           count        pct
ROS                        
1            603  58.886719
010          263  25.683594
110          118  11.523438
0             27   2.636719
100000111     13   1.269531



           count        pct
Rac1                       
1            603  58.886719
100          263  25.683594
101          118  11.523438
0             27   2.636719
000001111     13   1.269531



           count        pct
RhoA                       
0            748  73.046875
010          263  25.683594
000111100     13   1.269531



     count        pct
SSH                  
1     1007  98.339844
0       10   0.976562
01       7   0.683594



          count        pct
Thymosin                  
0           916  89.453125
10           72   7.031250
1            36   3.515625



      count        pct
WASP                  
1       765  74.707031
011     151  14.746094
10       72   7.031250
0        36   3.515625



           count        pct
WAVE                       
1            721  70.410156
011          263  25.683594
0             27   2.636719
110000111     13   1.269531



