                       count        pct
Actin_BR   Actin_ST                    
0          1             885  43.212891
1          1             694  33.886719
1011000110 10111          87   4.248047
101        1              65   3.173828
0          0              56   2.734375
10111      0111101110     51   2.490234
1011000110 1011111111     51   2.490234
1011110011 10111          45   2.197266
00100      00110          40   1.953125
10111      0111110111     29   1.416016
00100      01111          17   0.830078
1011110011 1011111111     10   0.488281
10101      00110           9   0.439453
10100      11100           4   0.195312
010        1               4   0.195312
                           1   0.048828



             count        pct
Rac1  RhoA                   
0     1        990  48.339844
1     0        298  14.550781
10000 11011    198   9.667969
00001 10111    138   6.738281
10100 11010    115   5.615234
11000 11001     93   4.541016
01001 10101     80   3.906250
101   110       67   3.271484
11100 11000     64   3.125000
011   101        4   0.195312
                 1   0.048828



