          count        pct
ARHGAP22                  
1           337  32.910156
0           245  23.925781
11011       120  11.718750
11110        88   8.593750
11010        88   8.593750
10110        55   5.371094
10001        36   3.515625
11100        34   3.320312
00011        11   1.074219
00111        10   0.976562



            count        pct
Actin_BR                    
1             394  38.476562
0             251  24.511719
00010          96   9.375000
101            57   5.566406
01             49   4.785156
01010          39   3.808594
1011101011     37   3.613281
1110111111     33   3.222656
10010          33   3.222656
010            11   1.074219
1101111101     10   0.976562
10001           6   0.585938
11100           5   0.488281
11101           3   0.292969



          count    pct
Actin_ST              
0          1024  100.0



            count        pct
Arp2_3                      
1             394  38.476562
0             251  24.511719
00100          96   9.375000
011            57   5.566406
10             49   4.785156
10100          39   3.808594
0111010111     37   3.613281
1101111111     33   3.222656
00101          33   3.222656
100            11   1.074219
1011111011     10   0.976562
00011           6   0.585938
11001           5   0.488281
11011           3   0.292969



            count        pct
CP                          
0             680  66.406250
1             227  22.167969
01             47   4.589844
0000000010     33   3.222656
110            24   2.343750
010            11   1.074219
00001           2   0.195312



       count        pct
Cdc42                  
1        530  51.757812
0        494  48.242188



            count        pct
Cofilin                     
0             578  56.445312
1             244  23.828125
01             71   6.933594
11110          46   4.492188
101            33   3.222656
11010          25   2.441406
10001          16   1.562500
0000010001     11   1.074219



         count        pct
Coronin                  
0          688  67.187500
1          245  23.925781
10001       36   3.515625
01000       34   3.320312
00011       11   1.074219
00010       10   0.976562



           count        pct
Cortactin                  
0            337  32.910156
1            177  17.285156
00001        120  11.718750
01001         88   8.593750
01000         88   8.593750
00011         70   6.835938
110           57   5.566406
01010         55   5.371094
00110         21   2.050781
001           11   1.074219



            count        pct
Dia1                        
0             336  32.812500
1             268  26.171875
11101          88   8.593750
10111          74   7.226562
10101          61   5.957031
010            44   4.296875
01             43   4.199219
0110101100     33   3.222656
00110          29   2.832031
10110          22   2.148438
11001          16   1.562500
01110          10   0.976562



       count        pct
Dia2                   
1        772  75.390625
11101     96   9.375000
010       57   5.566406
10101     39   3.808594
01101     33   3.222656
0         16   1.562500
101       11   1.074219



            count        pct
Ena_Vasp                    
1             912  89.062500
1111101111     51   4.980469
1111101011     33   3.222656
110            11   1.074219
01111           8   0.781250
10              4   0.390625
0               3   0.292969
10101           2   0.195312



              count        pct
IRSp53_Cdc42                  
1               530  51.757812
0               494  48.242188



             count        pct
IRSp53_Rac1                  
0              337  32.910156
1              177  17.285156
00001          120  11.718750
01001           88   8.593750
01000           88   8.593750
110             57   5.566406
01010           55   5.371094
10011           36   3.515625
11000           34   3.320312
00111           11   1.074219
001             11   1.074219
00110           10   0.976562



       count        pct
LIMK                   
1        688  67.187500
0        245  23.925781
01110     36   3.515625
10111     34   3.320312
11100     11   1.074219
11101     10   0.976562



      count    pct
NET1              
0      1024  100.0



       count        pct
PAK                    
1        546  53.320312
0        242  23.632812
01000     96   9.375000
110       57   5.566406
01001     39   3.808594
01010     33   3.222656
001       11   1.074219



      count        pct
PIP2                  
0       522  50.976562
1       502  49.023438



       count        pct
PKD                    
1        337  32.910156
0        245  23.925781
11011    120  11.718750
11110     88   8.593750
11010     88   8.593750
10110     55   5.371094
10001     36   3.515625
11100     34   3.320312
00011     11   1.074219
00111     10   0.976562



          count    pct
Profilin              
0          1024  100.0



       count        pct
ROCK                   
1        337  32.910156
0        245  23.925781
10111    120  11.718750
11101     88   8.593750
10101     88   8.593750
01101     55   5.371094
00011     36   3.515625
11001     34   3.320312
00110     11   1.074219
01110     10   0.976562



       count        pct
ROS                    
0        337  32.910156
1        177  17.285156
00001    120  11.718750
01001     88   8.593750
01000     88   8.593750
110       57   5.566406
01010     55   5.371094
10011     36   3.515625
11000     34   3.320312
00111     11   1.074219
001       11   1.074219
00110     10   0.976562



       count        pct
Rac1                   
0        337  32.910156
1        177  17.285156
00010    120  11.718750
10010     88   8.593750
10000     88   8.593750
101       57   5.566406
10100     55   5.371094
00111     36   3.515625
10001     34   3.320312
01110     11   1.074219
010       11   1.074219
01100     10   0.976562



       count        pct
RhoA                   
1        337  32.910156
0        177  17.285156
01111    120  11.718750
11011     88   8.593750
01011     88   8.593750
100       57   5.566406
11010     55   5.371094
00110     36   3.515625
10011     34   3.320312
01100     11   1.074219
011       11   1.074219
11100     10   0.976562



       count        pct
SSH                    
0        688  67.187500
1        245  23.925781
00011     36   3.515625
10000     34   3.320312
00110     11   1.074219
00100     10   0.976562



          count        pct
Thymosin                  
0           514  50.195312
1           259  25.292969
10          164  16.015625
01           87   8.496094



      count        pct
WASP                  
1       503  49.121094
0       259  25.292969
10      164  16.015625
01       87   8.496094
101      11   1.074219



       count        pct
WAVE                   
0        337  32.910156
1        234  22.851562
11011    124  12.109375
10001    120  11.718750
01100     88   8.593750
01111     66   6.445312
11100     34   3.320312
101       11   1.074219
00111     10   0.976562



