                     count        pct
Actin_BR   Actin_ST                  
1          0           394  38.476562
0          0           251  24.511719
00010      0            96   9.375000
101        0            57   5.566406
01         0            49   4.785156
01010      0            39   3.808594
1011101011 0            37   3.613281
1110111111 0            33   3.222656
10010      0            33   3.222656
010        0            11   1.074219
1101111101 0            10   0.976562
10001      0             6   0.585938
11100      0             5   0.488281
11101      0             3   0.292969



             count        pct
Rac1  RhoA                   
0     1        337  32.910156
1     0        177  17.285156
00010 01111    120  11.718750
10010 01011     88   8.593750
10000 11011     88   8.593750
101   100       57   5.566406
10100 11010     55   5.371094
00111 00110     36   3.515625
10001 10011     34   3.320312
01110 01100     11   1.074219
010   011       11   1.074219
01100 11100     10   0.976562



