          count        pct
ARHGAP22                  
0           305  29.785156
010         291  28.417969
1           238  23.242188
110011      190  18.554688



          count        pct
Actin_BR                  
010         502  49.023438
0           253  24.707031
010000      190  18.554688
101          74   7.226562
1             5   0.488281



          count        pct
Actin_ST                  
0           581  56.738281
001         253  24.707031
011000      190  18.554688



        count        pct
Arp2_3                  
100       502  49.023438
0         253  24.707031
100000    190  18.554688
011        74   7.226562
1           5   0.488281



     count        pct
CP                   
1      515  50.292969
010    287  28.027344
0      191  18.652344
101     31   3.027344



       count    pct
Cdc42              
0       1024  100.0



         count        pct
Cofilin                  
0          720  70.312500
1          164  16.015625
001        109  10.644531
101         31   3.027344



         count        pct
Coronin                  
0          719  70.214844
1          305  29.785156



           count        pct
Cortactin                  
001          502  49.023438
0            253  24.707031
000001       190  18.554688
110           74   7.226562
1              5   0.488281



        count        pct
Dia1                    
0         546  53.320312
100       287  28.027344
100111    190  18.554688
1           1   0.097656



        count        pct
Dia2                    
101       576  56.250000
1         258  25.195312
100111    190  18.554688



          count        pct
Ena_Vasp                  
0           305  29.785156
001         291  28.417969
1           238  23.242188
111001      190  18.554688



              count    pct
IRSp53_Cdc42              
0              1024  100.0



             count        pct
IRSp53_Rac1                  
001            502  49.023438
0              253  24.707031
000001         190  18.554688
110             74   7.226562
1                5   0.488281



        count        pct
LIMK                    
1         529  51.660156
0         305  29.785156
111011    190  18.554688



        count        pct
NET1                    
011       502  49.023438
1         253  24.707031
011111    190  18.554688
100        74   7.226562
0           5   0.488281



        count        pct
PAK                     
001       502  49.023438
0         253  24.707031
000001    190  18.554688
110        74   7.226562
1           5   0.488281



      count        pct
PIP2                  
0       513  50.097656
1       511  49.902344



        count        pct
PKD                     
0         305  29.785156
010       291  28.417969
1         238  23.242188
110011    190  18.554688



          count        pct
Profilin                  
011         355  34.667969
0           254  24.804688
110000      190  18.554688
010         178  17.382812
1            47   4.589844



        count        pct
ROCK                    
0         305  29.785156
100       291  28.417969
1         238  23.242188
100111    190  18.554688



        count        pct
ROS                     
001       502  49.023438
0         253  24.707031
000001    190  18.554688
110        74   7.226562
1           5   0.488281



        count        pct
Rac1                    
010       502  49.023438
0         253  24.707031
000010    190  18.554688
101        74   7.226562
1           5   0.488281



        count        pct
RhoA                    
001       502  49.023438
1         253  24.707031
001111    190  18.554688
0          79   7.714844



     count        pct
SSH                  
0      719  70.214844
1      305  29.785156



          count        pct
Thymosin                  
1           720  70.312500
0           164  16.015625
011         109  10.644531
001          31   3.027344



      count    pct
WASP              
0      1024  100.0



        count        pct
WAVE                    
101       502  49.023438
0         253  24.707031
100001    190  18.554688
1          79   7.714844



