          count        pct
ARHGAP22                  
1           668  65.234375
0           180  17.578125
10111        60   5.859375
11100        34   3.320312
01011        34   3.320312
00110        29   2.832031
001          11   1.074219
100           5   0.488281
0010          3   0.292969



          count        pct
Actin_BR                  
0           463  45.214844
1           332  32.421875
01          157  15.332031
101          48   4.687500
010          21   2.050781
1101          3   0.292969



          count    pct
Actin_ST              
0          1024  100.0



        count        pct
Arp2_3                  
0         463  45.214844
1         332  32.421875
10        157  15.332031
011        48   4.687500
100        21   2.050781
1011        3   0.292969



        count        pct
CP                      
0         716  69.921875
1         205  20.019531
10         62   6.054688
101        23   2.246094
010        13   1.269531
000100      5   0.488281



       count        pct
Cdc42                  
1        523  51.074219
0        501  48.925781



         count        pct
Cofilin                  
0          617  60.253906
1          223  21.777344
01          81   7.910156
11110       40   3.906250
101         28   2.734375
10110       18   1.757812
11000       12   1.171875
101000       5   0.488281



         count        pct
Coronin                  
0          762  74.414062
1          180  17.578125
01000       34   3.320312
00110       29   2.832031
101         11   1.074219
110          5   0.488281
0111         3   0.292969



           count        pct
Cortactin                  
0            671  65.527344
1            124  12.109375
11000         63   6.152344
00010         60   5.859375
00101         34   3.320312
110           32   3.125000
001           32   3.125000
100            5   0.488281
0110           3   0.292969



      count    pct
Dia1              
0      1024  100.0



      count        pct
Dia2                  
1       973  95.019531
011      48   4.687500
0         3   0.292969



          count        pct
Ena_Vasp                  
1           997  97.363281
110          19   1.855469
010111        5   0.488281
0             3   0.292969



              count        pct
IRSp53_Cdc42                  
1               523  51.074219
0               501  48.925781



             count        pct
IRSp53_Rac1                  
0              671  65.527344
1              124  12.109375
00010           60   5.859375
110             48   4.687500
11000           34   3.320312
00101           34   3.320312
01110           29   2.832031
001             21   2.050781
0110             3   0.292969



       count        pct
LIMK                   
1        762  74.414062
0        180  17.578125
10111     34   3.320312
11001     29   2.832031
010       11   1.074219
001        5   0.488281
1000       3   0.292969



      count        pct
NET1                  
0       526  51.367188
1       429  41.894531
100      48   4.687500
011      21   2.050781



     count        pct
PAK                  
1      526  51.367188
0      429  41.894531
110     48   4.687500
001     21   2.050781



      count        pct
PIP2                  
0       535  52.246094
1       489  47.753906



       count        pct
PKD                    
1        668  65.234375
0        180  17.578125
10111     60   5.859375
11100     34   3.320312
01011     34   3.320312
00110     29   2.832031
001       11   1.074219
100        5   0.488281
0010       3   0.292969



          count    pct
Profilin              
0          1024  100.0



       count        pct
ROCK                   
1        668  65.234375
0        180  17.578125
01111     60   5.859375
11001     34   3.320312
10110     34   3.320312
01100     29   2.832031
010       11   1.074219
001        5   0.488281
0100       3   0.292969



       count        pct
ROS                    
0        671  65.527344
1        124  12.109375
00010     60   5.859375
110       48   4.687500
11000     34   3.320312
00101     34   3.320312
01110     29   2.832031
001       21   2.050781
0110       3   0.292969



       count        pct
Rac1                   
0        671  65.527344
1        124  12.109375
00100     60   5.859375
101       48   4.687500
10001     34   3.320312
01010     34   3.320312
11100     29   2.832031
010       21   2.050781
1100       3   0.292969



       count        pct
RhoA                   
1        692  67.578125
0        124  12.109375
11110     60   5.859375
110       48   4.687500
10011     34   3.320312
01101     34   3.320312
11000     29   2.832031
1100       3   0.292969



       count        pct
SSH                    
0        762  74.414062
1        180  17.578125
10000     34   3.320312
01100     29   2.832031
011       11   1.074219
101        5   0.488281
1110       3   0.292969



          count        pct
Thymosin                  
0           477  46.582031
10          271  26.464844
1           270  26.367188
01            6   0.585938



      count        pct
WASP                  
1       455  44.433594
0       273  26.660156
10      271  26.464844
101      19   1.855469
01        6   0.585938



       count        pct
WAVE                   
0        671  65.527344
1        172  16.796875
10111     63   6.152344
00011     60   5.859375
11100     34   3.320312
101       21   2.050781
0111       3   0.292969



