                   count        pct
Actin_BR Actin_ST                  
0        0           463  45.214844
1        0           332  32.421875
01       0           157  15.332031
101      0            48   4.687500
010      0            21   2.050781
1101     0             3   0.292969



             count        pct
Rac1  RhoA                   
0     1        671  65.527344
1     0        124  12.109375
00100 11110     60   5.859375
101   110       48   4.687500
10001 10011     34   3.320312
01010 01101     34   3.320312
11100 11000     29   2.832031
010   1         21   2.050781
1100  1100       3   0.292969



