          count        pct
ARHGAP22                  
0           656  64.062500
1           212  20.703125
010         156  15.234375



          count        pct
Actin_BR                  
1           495  48.339844
001         227  22.167969
0           227  22.167969
101          75   7.324219



          count        pct
Actin_ST                  
1           781  76.269531
0           107  10.449219
001         106  10.351562
110          30   2.929688



        count        pct
Arp2_3                  
1         495  48.339844
010       227  22.167969
0         227  22.167969
011        75   7.324219



    count        pct
CP                  
0     526  51.367188
1     498  48.632812



       count        pct
Cdc42                  
0        535  52.246094
1        489  47.753906



         count        pct
Cofilin                  
1          573  55.957031
0          295  28.808594
101         83   8.105469
100         73   7.128906



         count      pct
Coronin                
1          656  64.0625
0          368  35.9375



           count        pct
Cortactin                  
1            495  48.339844
100          227  22.167969
0            227  22.167969
110           75   7.324219



      count    pct
Dia1              
0      1024  100.0



      count        pct
Dia2                  
1       716  69.921875
110     302  29.492188
0         6   0.585938



          count        pct
Ena_Vasp                  
1           989  96.582031
011          33   3.222656
0             2   0.195312



              count        pct
IRSp53_Cdc42                  
0               535  52.246094
1               489  47.753906



             count        pct
IRSp53_Rac1                  
1              495  48.339844
100            227  22.167969
0              227  22.167969
110             75   7.324219



      count      pct
LIMK                
0       656  64.0625
1       368  35.9375



      count        pct
NET1                  
0       501  48.925781
101     227  22.167969
1       221  21.582031
100      75   7.324219



     count        pct
PAK                  
1      501  48.925781
100    227  22.167969
0      221  21.582031
110     75   7.324219



      count        pct
PIP2                  
1       526  51.367188
0       498  48.632812



     count        pct
PKD                  
0      656  64.062500
1      212  20.703125
010    156  15.234375



          count        pct
Profilin                  
1           815  79.589844
011         106  10.351562
0           103  10.058594



      count        pct
ROCK                  
0       656  64.062500
1       212  20.703125
100     156  15.234375



     count        pct
ROS                  
1      495  48.339844
100    227  22.167969
0      227  22.167969
110     75   7.324219



      count        pct
Rac1                  
1       495  48.339844
001     227  22.167969
0       227  22.167969
101      75   7.324219



      count        pct
RhoA                  
0       576  56.250000
100     227  22.167969
1       221  21.582031



     count      pct
SSH                
1      656  64.0625
0      368  35.9375



          count    pct
Thymosin              
0          1024  100.0



      count        pct
WASP                  
1       815  79.589844
110     106  10.351562
0       103  10.058594



      count        pct
WAVE                  
1       570  55.664062
110     227  22.167969
0       227  22.167969



