                   count        pct
Actin_BR Actin_ST                  
1        0           451  44.042969
0        0           225  21.972656
010      010          91   8.886719
001      011          74   7.226562
         0            43   4.199219
0        1            42   4.101562
011      100          40   3.906250
         0            35   3.417969
001      100          13   1.269531
1        10           10   0.976562



           count        pct
Rac1 RhoA                  
1    0       461  45.019531
0    1       244  23.828125
001  100     130  12.695312
010  001      91   8.886719
011  0        75   7.324219
0    0        23   2.246094



