                                         count        pct
cycle_Actin_BR_norm cycle_Actin_ST_norm                  
0                   0                      409  39.941406
1                   1101                   176  17.187500
                    1                      173  16.894531
1101                1101                    91   8.886719
01                  01                      48   4.687500
0011                1101                    34   3.320312
110                 101                     27   2.636719
1000                0001                    17   1.660156
0011                01                      17   1.660156
10                  10                      15   1.464844
1000                1100                    11   1.074219
0011                10                       5   0.488281
1                   01                       1   0.097656



