          count        pct
ARHGAP22                  
0           701  68.457031
100         162  15.820312
1            95   9.277344
110011       66   6.445312



          count        pct
Actin_BR                  
1           520  50.781250
001         229  22.363281
011         110  10.742188
0            99   9.667969
010000       66   6.445312



          count        pct
Actin_ST                  
1           507  49.511719
0           434  42.382812
001          83   8.105469



        count        pct
Arp2_3                  
1         520  50.781250
010       229  22.363281
110       110  10.742188
0          99   9.667969
100000     66   6.445312



    count        pct
CP                  
1     517  50.488281
0     507  49.511719



       count        pct
Cdc42                  
0        515  50.292969
1        509  49.707031



         count        pct
Cofilin                  
1          608  59.375000
0          240  23.437500
101         93   9.082031
001         83   8.105469



         count        pct
Coronin                  
1          701  68.457031
0          323  31.542969



           count        pct
Cortactin                  
1            520  50.781250
100          229  22.363281
101          110  10.742188
0             99   9.667969
000001        66   6.445312



        count        pct
Dia1                    
0         847  82.714844
010       107  10.449219
100111     66   6.445312
1           4   0.390625



      count    pct
Dia2              
0      1024  100.0



          count        pct
Ena_Vasp                  
1           981  95.800781
011          39   3.808594
0             4   0.390625



              count        pct
IRSp53_Cdc42                  
0               515  50.292969
1               509  49.707031



             count        pct
IRSp53_Rac1                  
1              520  50.781250
100            229  22.363281
101            110  10.742188
0               99   9.667969
000001          66   6.445312



        count        pct
LIMK                    
0         701  68.457031
1         257  25.097656
111011     66   6.445312



        count        pct
NET1                    
0         520  50.781250
101       229  22.363281
001       110  10.742188
1          99   9.667969
011111     66   6.445312



        count        pct
PAK                     
1         520  50.781250
100       229  22.363281
101       110  10.742188
0          99   9.667969
000001     66   6.445312



      count        pct
PIP2                  
0       517  50.488281
1       507  49.511719



        count        pct
PKD                     
0         701  68.457031
100       162  15.820312
1          95   9.277344
110011     66   6.445312



          count        pct
Profilin                  
1           807  78.808594
011         122  11.914062
0            95   9.277344



        count        pct
ROCK                    
0         701  68.457031
001       162  15.820312
1          95   9.277344
100111     66   6.445312



        count        pct
ROS                     
1         520  50.781250
100       229  22.363281
101       110  10.742188
0          99   9.667969
000001     66   6.445312



        count        pct
Rac1                    
1         520  50.781250
001       229  22.363281
011       110  10.742188
0          99   9.667969
000010     66   6.445312



        count        pct
RhoA                    
0         630  61.523438
100       229  22.363281
1          99   9.667969
001111     66   6.445312



     count        pct
SSH                  
1      701  68.457031
0      323  31.542969



          count    pct
Thymosin              
0          1024  100.0



      count        pct
WASP                  
1       807  78.808594
110     122  11.914062
0        95   9.277344



        count        pct
WAVE                    
1         630  61.523438
110       229  22.363281
0          99   9.667969
100001     66   6.445312



