                                         count     pct
cycle_Actin_BR_norm cycle_Actin_ST_norm               
1                   1                     2425  0.4850
                    1110                   800  0.1600
                    01                     639  0.1278
1110                1110                   465  0.0930
1                   0                      355  0.0710
1110                0100                    87  0.0174
1100                0100                    69  0.0138
1110                1                       51  0.0102
                    01                      43  0.0086
1100                1100                    29  0.0058
01011               01000                   16  0.0032
010                 011000                  14  0.0028
01                  01                       7  0.0014



