          count        pct
ARHGAP22                  
0          1700  83.007812
            348  16.992188



               count        pct
Actin_BR                       
101              763  37.255859
001              568  27.734375
                 348  16.992188
0                290  14.160156
0001001001001     44   2.148438
1                 35   1.708984



               count        pct
Actin_ST                       
101              700  34.179688
0                635  31.005859
                 348  16.992188
001              300  14.648438
1101001001101     44   2.148438
1                 21   1.025391



               count        pct
Arp2_3                         
011              763  37.255859
010              568  27.734375
                 348  16.992188
0                290  14.160156
0010010010010     44   2.148438
1                 35   1.708984



               count        pct
CP                             
1               1038  50.683594
0                519  25.341797
                 348  16.992188
101               99   4.833984
0001001001001     44   2.148438



       count        pct
Cdc42                  
1       1062  51.855469
0        638  31.152344
         348  16.992188



               count        pct
Cofilin                        
1                776  37.890625
101              617  30.126953
                 348  16.992188
0                190   9.277344
10                73   3.564453
0001001001000     44   2.148438



         count        pct
Coronin                  
1         1440  70.312500
           348  16.992188
0          168   8.203125
10          92   4.492188



               count        pct
Cortactin                      
110              763  37.255859
100              568  27.734375
                 348  16.992188
0                290  14.160156
1101100100110     44   2.148438
1                 35   1.708984



               count        pct
Dia1                           
0               1039  50.732422
010              617  30.126953
                 348  16.992188
0110010011011     44   2.148438



               count        pct
Dia2                           
110              901  43.994141
1                755  36.865234
                 348  16.992188
1111110111111     44   2.148438



          count        pct
Ena_Vasp                  
1          1062  51.855469
0           638  31.152344
            348  16.992188



              count        pct
IRSp53_Cdc42                  
1              1062  51.855469
0               638  31.152344
                348  16.992188



               count        pct
IRSp53_Rac1                    
110              763  37.255859
100              568  27.734375
                 348  16.992188
0                290  14.160156
1101100100110     44   2.148438
1                 35   1.708984



      count        pct
LIMK                  
0      1575  76.904297
        348  16.992188
1        82   4.003906
10       43   2.099609



               count        pct
NET1                           
0               1076  52.539062
                 348  16.992188
101              268  13.085938
100              162   7.910156
1                150   7.324219
1001001101100     44   2.148438



               count        pct
PAK                            
1               1076  52.539062
                 348  16.992188
100              268  13.085938
110              162   7.910156
0                150   7.324219
1101100100110     44   2.148438



      count        pct
PIP2                  
0      1033  50.439453
1       667  32.568359
        348  16.992188



     count        pct
PKD                  
0     1700  83.007812
       348  16.992188



               count        pct
Profilin                       
011             1086  53.027344
                 348  16.992188
0                293  14.306641
1                277  13.525391
1011011011011     44   2.148438



      count        pct
ROCK                  
0      1700  83.007812
        348  16.992188



               count        pct
ROS                            
110              763  37.255859
100              568  27.734375
                 348  16.992188
0                290  14.160156
1101100100110     44   2.148438
1                 35   1.708984



               count        pct
Rac1                           
101              763  37.255859
001              568  27.734375
                 348  16.992188
0                290  14.160156
1011001001101     44   2.148438
1                 35   1.708984



               count        pct
RhoA                           
100              601  29.345703
1                558  27.246094
101              462  22.558594
                 348  16.992188
1101101111110     44   2.148438
0                 35   1.708984



     count        pct
SSH                  
1     1440  70.312500
       348  16.992188
0      168   8.203125
01      92   4.492188



               count        pct
Thymosin                       
0                776  37.890625
001              617  30.126953
                 348  16.992188
1                190   9.277344
10                73   3.564453
1111011011011     44   2.148438



      count        pct
WASP                  
0      1700  83.007812
        348  16.992188



               count        pct
WAVE                           
1                798  38.964844
110              568  27.734375
                 348  16.992188
0                290  14.160156
1111110110111     44   2.148438



