                             count        pct
Actin_BR      Actin_ST                       
101           101              700  34.179688
                               348  16.992188
001           001              300  14.648438
0             0                290  14.160156
001           0                268  13.085938
101           0                 63   3.076172
0001001001001 1101001001101     44   2.148438
1             1                 21   1.025391
              0                 14   0.683594



                             count        pct
Rac1          RhoA                           
101           100              601  29.345703
                               348  16.992188
001           101              300  14.648438
0             1                290  14.160156
001           1                268  13.085938
101           101              162   7.910156
1011001001101 1101101111110     44   2.148438
1             0                 35   1.708984



