                                         count        pct
cycle_Actin_BR_norm cycle_Actin_ST_norm                  
1                   1                      565  55.175781
                    1110                   198  19.335938
0                   0                      198  19.335938
1110                1                       26   2.539062
011                 110                     21   2.050781
1110                1110                    12   1.171875
1                   10                       4   0.390625



