          count        pct
ARHGAP22                  
1           941  45.947266
0           376  18.359375
11110       193   9.423828
11101       125   6.103516
11010       119   5.810547
01011        85   4.150391
10011        67   3.271484
00011        65   3.173828
01110        58   2.832031
100          16   0.781250
001           3   0.146484



            count        pct
Actin_BR                    
0             906  44.238281
1             721  35.205078
0011010110    125   6.103516
11101          85   4.150391
1110111100     67   3.271484
011            67   3.271484
00010          56   2.734375
01011          13   0.634766
00101           5   0.244141
010             3   0.146484



            count        pct
Actin_ST                    
1            1296  63.281250
11101         238  11.621094
10011         144   7.031250
11001         135   6.591797
1110011101     75   3.662109
00010          40   1.953125
0              40   1.953125
10001          39   1.904297
0011100011     28   1.367188
01100          13   0.634766



            count        pct
Arp2_3                      
0             906  44.238281
1             721  35.205078
0110101100    125   6.103516
11011          85   4.150391
1101111001     67   3.271484
110            67   3.271484
00100          56   2.734375
10110          13   0.634766
01010           5   0.244141
100             3   0.146484



    count    pct
CP              
0    2048  100.0



       count        pct
Cdc42                  
1       1038  50.683594
0       1010  49.316406



            count        pct
Cofilin                     
0            1269  61.962891
1             429  20.947266
10111          88   4.296875
0001010100     75   3.662109
10110          67   3.271484
10             35   1.708984
1000101010     28   1.367188
10001          27   1.318359
011            27   1.318359
000010          3   0.146484



         count        pct
Coronin                  
0         1463  71.435547
1          376  18.359375
00001       67   3.271484
00011       65   3.173828
00100       58   2.832031
110         16   0.781250
101          3   0.146484



           count        pct
Cortactin                  
0            941  45.947266
1            325  15.869141
01000        193   9.423828
10000        125   6.103516
00110        123   6.005859
01001        119   5.810547
00101         85   4.150391
00011         67   3.271484
101           51   2.490234
100           16   0.781250
001            3   0.146484



       count        pct
Dia1                   
1        941  45.947266
0        325  15.869141
11101    193   9.423828
11011    125   6.103516
10101    119   5.810547
10110     85   4.150391
110       70   3.417969
00111     67   3.271484
00110     65   3.173828
11100     58   2.832031



       count        pct
Dia2                   
1       1336  65.234375
11101    312  15.234375
11011    210  10.253906
00111    190   9.277344



          count    pct
Ena_Vasp              
0          2048  100.0



              count        pct
IRSp53_Cdc42                  
1              1038  50.683594
0              1010  49.316406



             count        pct
IRSp53_Rac1                  
0              941  45.947266
1              325  15.869141
01000          193   9.423828
10000          125   6.103516
01001          119   5.810547
00101           85   4.150391
101             70   3.417969
00011           67   3.271484
00111           65   3.173828
01100           58   2.832031



       count        pct
LIMK                   
1       1463  71.435547
0        376  18.359375
11110     67   3.271484
11100     65   3.173828
11011     58   2.832031
001       16   0.781250
010        3   0.146484



      count        pct
NET1                  
0      1120  54.687500
1       858  41.894531
001      70   3.417969



     count        pct
PAK                  
1     1120  54.687500
0      858  41.894531
101     70   3.417969



      count        pct
PIP2                  
0      1031  50.341797
1      1017  49.658203



       count        pct
PKD                    
1        941  45.947266
0        376  18.359375
11110    193   9.423828
11101    125   6.103516
11010    119   5.810547
01011     85   4.150391
10011     67   3.271484
00011     65   3.173828
01110     58   2.832031
100       16   0.781250
001        3   0.146484



            count        pct
Profilin                    
1            1657  80.908203
11011         174   8.496094
1110111111    103   5.029297
00110          40   1.953125
0              40   1.953125
10111          21   1.025391
11010          13   0.634766



       count        pct
ROCK                   
1        941  45.947266
0        376  18.359375
11101    193   9.423828
11011    125   6.103516
10101    119   5.810547
10110     85   4.150391
00111     67   3.271484
00110     65   3.173828
11100     58   2.832031
001       16   0.781250
010        3   0.146484



       count        pct
ROS                    
0        941  45.947266
1        325  15.869141
01000    193   9.423828
10000    125   6.103516
01001    119   5.810547
00101     85   4.150391
101       70   3.417969
00011     67   3.271484
00111     65   3.173828
01100     58   2.832031



       count        pct
Rac1                   
0        941  45.947266
1        325  15.869141
10000    193   9.423828
00001    125   6.103516
10010    119   5.810547
01010     85   4.150391
011       70   3.417969
00110     67   3.271484
01110     65   3.173828
11000     58   2.832031



       count        pct
RhoA                   
1        941  45.947266
0        325  15.869141
11011    193   9.423828
10111    125   6.103516
01011    119   5.810547
01101     85   4.150391
101       70   3.417969
01110     67   3.271484
01100     65   3.173828
11001     58   2.832031



       count        pct
SSH                    
0       1463  71.435547
1        376  18.359375
00010     67   3.271484
00110     65   3.173828
01000     58   2.832031
101       16   0.781250
011        3   0.146484



          count        pct
Thymosin                  
0           927  45.263672
01          561  27.392578
1           557  27.197266
10            3   0.146484



      count        pct
WASP                  
1       917  44.775391
01      561  27.392578
0       557  27.197266
110      10   0.488281
10        3   0.146484



       count        pct
WAVE                   
0        941  45.947266
1        395  19.287109
10111    269  13.134766
01100    193   9.423828
11000    125   6.103516
10011     67   3.271484
01110     58   2.832031



