                     count     pct
cycle_Actin_BR_norm               
1                     8024  0.8024
1110                  1225  0.1225
0                      434  0.0434
1100                   162  0.0162
01                     110  0.0110
01101                   25  0.0025
010                     20  0.0020



                     count     pct
cycle_Actin_ST_norm               
1                     7665  0.7665
1011                  1616  0.1616
0                      279  0.0279
01                     200  0.0200
0100                   189  0.0189
00001                   25  0.0025
000011                  20  0.0020
11110                    6  0.0006



                   count     pct
cycle_Arp2_3_norm               
1                   8024  0.8024
1101                1225  0.1225
0                    434  0.0434
1001                 162  0.0162
10                   110  0.0110
11010                 25  0.0025
100                   20  0.0020



               count  pct
cycle_CP_norm            
0              10000  1.0



                  count     pct
cycle_Cdc42_norm               
1                  5007  0.5007
0                  4993  0.4993



                    count     pct
cycle_Cofilin_norm               
0                    7124  0.7124
1                    1299  0.1299
0100                  469  0.0469
1110                  443  0.0443
10                    400  0.0400
0011                  180  0.0180
01                     85  0.0085



                    count     pct
cycle_Coronin_norm               
0                    6153  0.6153
1000                 1521  0.1521
1011                 1304  0.1304
1                     949  0.0949
01                     73  0.0073



                      count     pct
cycle_Cortactin_norm               
1                      8459  0.8459
1011                   1521  0.1521
101111                   20  0.0020



                 count     pct
cycle_Dia1_norm               
1                 4330  0.4330
0011              2028  0.2028
1110              1453  0.1453
0                  898  0.0898
1000               797  0.0797
01                 443  0.0443
00100               25  0.0025
011100              20  0.0020
00011                6  0.0006



                 count     pct
cycle_Dia2_norm               
1                 5228  0.5228
1110              4278  0.4278
01                 443  0.0443
10111               31  0.0031
011111              20  0.0020



                     count     pct
cycle_Ena_Vasp_norm               
1                     9834  0.9834
1101                   146  0.0146
100111                  20  0.0020



                   count     pct
cycle_IRSp53_norm               
1                   5474  0.5474
0                   3999  0.3999
1011                 507  0.0507
001111                20  0.0020



                 count     pct
cycle_LIMK_norm               
1                 6153  0.6153
0111              1521  0.1521
0100              1304  0.1304
0                  949  0.0949
10                  73  0.0073



                count     pct
cycle_PAK_norm               
1                9473  0.9473
1011              507  0.0507
001111             20  0.0020



                 count     pct
cycle_PIP2_norm               
1                 5033  0.5033
0                 4967  0.4967



                count     pct
cycle_PKD_norm               
1                4330  0.4330
1001             1521  0.1521
0111             1453  0.1453
0001             1304  0.1304
0                 949  0.0949
10                443  0.0443



                     count     pct
cycle_Profilin_norm               
1                     7665  0.7665
0111                  1616  0.1616
0                      279  0.0279
10                     200  0.0200
1000                   189  0.0189
00010                   25  0.0025
000110                  20  0.0020
11101                    6  0.0006



                 count     pct
cycle_ROCK_norm               
1                 4330  0.4330
0011              1521  0.1521
1110              1453  0.1453
0010              1304  0.1304
0                  949  0.0949
01                 443  0.0443



                  count     pct
cycle_ROCK__norm               
1                  4330  0.4330
1001               1521  0.1521
0111               1453  0.1453
0001               1304  0.1304
0                   949  0.0949
10                  443  0.0443



                 count     pct
cycle_Rac1_norm               
0                 4330  0.4330
0011              1521  0.1521
0100              1453  0.1453
0111              1304  0.1304
1                  898  0.0898
10                 443  0.0443
01111               25  0.0025
011110              20  0.0020
10011                6  0.0006



                 count     pct
cycle_RhoA_norm               
1                 4330  0.4330
0110              2028  0.2028
1101              1453  0.1453
0                  898  0.0898
0001               797  0.0797
10                 443  0.0443
01000               25  0.0025
111000              20  0.0020
00110                6  0.0006



                count     pct
cycle_SSH_norm               
0                6153  0.6153
0001             1521  0.1521
0111             1304  0.1304
1                 949  0.0949
10                 73  0.0073



                     count     pct
cycle_Thymosin_norm               
0                     4820  0.4820
10                    4072  0.4072
1                     1108  0.1108



                 count     pct
cycle_WASP_norm               
1                 4820  0.4820
10                4072  0.4072
0                 1108  0.1108



                 count     pct
cycle_WAVE_norm               
0                 4330  0.4330
1001              1521  0.1521
0010              1453  0.1453
1011              1304  0.1304
1                  898  0.0898
01                 443  0.0443
10111               25  0.0025
001111              20  0.0020
11001                6  0.0006



