                                         count     pct
cycle_Actin_BR_norm cycle_Actin_ST_norm               
1                   1                     6856  0.6856
1110                1011                   766  0.0766
1                   1011                   732  0.0732
0                   1                      428  0.0428
1110                1                      381  0.0381
1                   0                      279  0.0279
                    01                     157  0.0157
1100                0100                   111  0.0111
1110                0100                    78  0.0078
01                  1011                    67  0.0067
1100                1011                    51  0.0051
01                  01                      43  0.0043
01101               00001                   25  0.0025
010                 000011                  20  0.0020
0                   11110                    6  0.0006



