                    count        pct
Actin_BR Actin_ST                   
010      010          152  14.843750
011      010          104  10.156250
         011111       103  10.058594
010000   001110        91   8.886719
001      001011        82   8.007812
1        0             81   7.910156
         1             80   7.812500
010      1             56   5.468750
010000   011111        47   4.589844
101      010           35   3.417969
         1             33   3.222656
011      000001        33   3.222656
0        0             33   3.222656
010000   1             32   3.125000
001      111010        26   2.539062
010000   001111        11   1.074219
0        1             10   0.976562
         10             7   0.683594
         000000111      7   0.683594
010      101            1   0.097656



                     count        pct
Rac1      RhoA                       
011       0            240  23.437500
000010    001111       181  17.675781
010       001          165  16.113281
1         0            161  15.722656
101       0             68   6.640625
001       100           61   5.957031
          0             47   4.589844
010       0             44   4.296875
0         0             41   4.003906
          1              9   0.878906
000001111 000111100      7   0.683594



