          count    pct
ARHGAP22              
0          1024  100.0



          count        pct
Actin_BR                  
100         480  46.875000
0           335  32.714844
011         181  17.675781
1            28   2.734375



          count        pct
Actin_ST                  
0           534  52.148438
1           417  40.722656
011          73   7.128906



        count        pct
Arp2_3                  
001       480  46.875000
0         335  32.714844
110       181  17.675781
1          28   2.734375



    count        pct
CP                  
0     514  50.195312
1     502  49.023438
10      8   0.781250



       count    pct
Cdc42              
0       1024  100.0



         count        pct
Cofilin                  
110        348  33.984375
1          344  33.593750
0          252  24.609375
01          80   7.812500



         count        pct
Coronin                  
1          703  68.652344
0          232  22.656250
10          89   8.691406



           count        pct
Cortactin                  
010          480  46.875000
0            335  32.714844
101          181  17.675781
1             28   2.734375



      count    pct
Dia1              
0      1024  100.0



      count        pct
Dia2                  
010     480  46.875000
0       335  32.714844
101     181  17.675781
1        28   2.734375



          count        pct
Ena_Vasp                  
1           482  47.070312
011         240  23.437500
0           199  19.433594
10          103  10.058594



              count    pct
IRSp53_Cdc42              
0              1024  100.0



             count        pct
IRSp53_Rac1                  
010            480  46.875000
0              335  32.714844
101            181  17.675781
1               28   2.734375



      count    pct
LIMK              
0      1024  100.0



      count        pct
NET1                  
110     480  46.875000
1       335  32.714844
001     181  17.675781
0        28   2.734375



     count        pct
PAK                  
010    480  46.875000
0      335  32.714844
101    181  17.675781
1       28   2.734375



      count        pct
PIP2                  
1       522  50.976562
0       502  49.023438



     count    pct
PKD              
0     1024  100.0



          count        pct
Profilin                  
1           490  47.851562
0           294  28.710938
011         240  23.437500



      count    pct
ROCK              
0      1024  100.0



     count        pct
ROS                  
010    480  46.875000
0      335  32.714844
101    181  17.675781
1       28   2.734375



      count        pct
Rac1                  
100     480  46.875000
0       335  32.714844
011     181  17.675781
1        28   2.734375



      count    pct
RhoA              
0      1024  100.0



     count        pct
SSH                  
1      703  68.652344
0      232  22.656250
01      89   8.691406



          count        pct
Thymosin                  
0           733  71.582031
01          155  15.136719
1           136  13.281250



      count        pct
WASP                  
1       482  47.070312
110     240  23.437500
0       199  19.433594
01      103  10.058594



      count        pct
WAVE                  
011     480  46.875000
0       335  32.714844
1       209  20.410156



