          count    pct
ARHGAP22              
0          1024  100.0



          count        pct
Actin_BR                  
1           502  49.023438
001         251  24.511719
0           182  17.773438
101          89   8.691406



          count        pct
Actin_ST                  
1           778  75.976562
0           206  20.117188
011          40   3.906250



        count        pct
Arp2_3                  
1         502  49.023438
010       251  24.511719
0         182  17.773438
011        89   8.691406



    count        pct
CP                  
0     547  53.417969
1     477  46.582031



       count      pct
Cdc42                
0        528  51.5625
1        496  48.4375



         count        pct
Cofilin                  
1          658  64.257812
101        189  18.457031
0          151  14.746094
01          26   2.539062



         count        pct
Coronin                  
1          847  82.714844
0          151  14.746094
01          26   2.539062



           count        pct
Cortactin                  
1            502  49.023438
100          251  24.511719
0            182  17.773438
110           89   8.691406



      count    pct
Dia1              
0      1024  100.0



      count        pct
Dia2                  
1       502  49.023438
100     251  24.511719
0       182  17.773438
110      89   8.691406



          count        pct
Ena_Vasp                  
1           819  79.980469
011         111  10.839844
0            94   9.179688



              count      pct
IRSp53_Cdc42                
0               528  51.5625
1               496  48.4375



             count        pct
IRSp53_Rac1                  
1              502  49.023438
100            251  24.511719
0              182  17.773438
110             89   8.691406



      count    pct
LIMK              
0      1024  100.0



      count    pct
NET1              
0      1024  100.0



     count        pct
PAK                  
1      504  49.218750
100    251  24.511719
0      180  17.578125
110     89   8.691406



      count        pct
PIP2                  
1       547  53.417969
0       477  46.582031



     count    pct
PKD              
0     1024  100.0



          count        pct
Profilin                  
1           819  79.980469
011         111  10.839844
0            94   9.179688



      count    pct
ROCK              
0      1024  100.0



     count        pct
ROS                  
1      502  49.023438
100    251  24.511719
0      182  17.773438
110     89   8.691406



      count        pct
Rac1                  
1       502  49.023438
001     251  24.511719
0       182  17.773438
101      89   8.691406



      count    pct
RhoA              
0      1024  100.0



     count        pct
SSH                  
1      847  82.714844
0      151  14.746094
10      26   2.539062



          count    pct
Thymosin              
0          1024  100.0



      count        pct
WASP                  
1       819  79.980469
110     111  10.839844
0        94   9.179688



      count        pct
WAVE                  
1       591  57.714844
110     251  24.511719
0       182  17.773438



