          count    pct
ARHGAP22              
0          1024  100.0



          count        pct
Actin_BR                  
1           484  47.265625
001         250  24.414062
0           198  19.335938
110          92   8.984375



          count        pct
Actin_ST                  
1           410  40.039062
0           392  38.281250
100         159  15.527344
01           63   6.152344



        count        pct
Arp2_3                  
1         484  47.265625
010       250  24.414062
0         198  19.335938
101        92   8.984375



     count        pct
CP                   
0      586  57.226562
1      259  25.292969
001    109  10.644531
110     50   4.882812
10      20   1.953125



       count        pct
Cdc42                  
0        517  50.488281
1        507  49.511719



         count        pct
Cofilin                  
1          625  61.035156
110        183  17.871094
0          167  16.308594
01          49   4.785156



         count        pct
Coronin                  
1          834  81.445312
0          138  13.476562
01          52   5.078125



           count        pct
Cortactin                  
1            484  47.265625
100          250  24.414062
0            198  19.335938
011           92   8.984375



      count    pct
Dia1              
0      1024  100.0



      count        pct
Dia2                  
0       517  50.488281
1       507  49.511719



          count        pct
Ena_Vasp                  
1           719  70.214844
0           130  12.695312
011         109  10.644531
10           66   6.445312



              count    pct
IRSp53_Cdc42              
0              1024  100.0



             count        pct
IRSp53_Rac1                  
1              484  47.265625
100            250  24.414062
0              198  19.335938
011             92   8.984375



      count        pct
LIMK                  
0       994  97.070312
1        15   1.464844
01       15   1.464844



      count    pct
NET1              
0      1024  100.0



     count        pct
PAK                  
1      515  50.292969
100    250  24.414062
0      167  16.308594
011     92   8.984375



      count        pct
PIP2                  
1       516  50.390625
0       508  49.609375



     count    pct
PKD              
0     1024  100.0



          count        pct
Profilin                  
1           739  72.167969
0           130  12.695312
011         109  10.644531
10           46   4.492188



      count    pct
ROCK              
0      1024  100.0



     count        pct
ROS                  
1      484  47.265625
100    250  24.414062
0      198  19.335938
011     92   8.984375



      count        pct
Rac1                  
1       484  47.265625
001     250  24.414062
0       198  19.335938
110      92   8.984375



      count    pct
RhoA              
0      1024  100.0



     count        pct
SSH                  
1      834  81.445312
0      138  13.476562
10      52   5.078125



          count        pct
Thymosin                  
0           829  80.957031
1           112  10.937500
01           83   8.105469



      count        pct
WASP                  
1       719  70.214844
0       130  12.695312
110     109  10.644531
01       66   6.445312



      count        pct
WAVE                  
1       576  56.250000
110     250  24.414062
0       198  19.335938



