          count    pct
ARHGAP22              
0          2048  100.0



          count        pct
Actin_BR                  
1          1402  68.457031
011         336  16.406250
010         189   9.228516
0           121   5.908203



          count        pct
Actin_ST                  
1          1740  84.960938
011         189   9.228516
0           113   5.517578
10            6   0.292969



        count        pct
Arp2_3                  
1        1402  68.457031
110       336  16.406250
100       189   9.228516
0         121   5.908203



    count        pct
CP                  
1    1016  49.609375
0     877  42.822266
10    155   7.568359



       count        pct
Cdc42                  
1       1051  51.318359
0        997  48.681641



         count        pct
Cofilin                  
1         1482  72.363281
10         349  17.041016
011        173   8.447266
0           44   2.148438



         count        pct
Coronin                  
1         1961  95.751953
10          53   2.587891
0           34   1.660156



           count        pct
Cortactin                  
1           1402  68.457031
101          336  16.406250
001          189   9.228516
0            121   5.908203



      count        pct
Dia1                  
0      1875  91.552734
110     173   8.447266



      count    pct
Dia2              
1      2048  100.0



          count        pct
Ena_Vasp                  
1          1600  78.125000
110         189   9.228516
10          155   7.568359
0           104   5.078125



              count        pct
IRSp53_Cdc42                  
1              1051  51.318359
0               997  48.681641



             count        pct
IRSp53_Rac1                  
1             1402  68.457031
101            336  16.406250
001            189   9.228516
0              121   5.908203



      count        pct
LIMK                  
0      1961  95.751953
01       53   2.587891
1        34   1.660156



      count        pct
NET1                  
0      1419  69.287109
001     336  16.406250
011     189   9.228516
1       104   5.078125



     count        pct
PAK                  
1     1419  69.287109
101    336  16.406250
001    189   9.228516
0      104   5.078125



      count        pct
PIP2                  
1      1032  50.390625
0      1016  49.609375



     count    pct
PKD              
0     2048  100.0



          count        pct
Profilin                  
1          1740  84.960938
110         189   9.228516
0           113   5.517578
01            6   0.292969



      count        pct
ROCK                  
0      1961  95.751953
1        87   4.248047



     count        pct
ROS                  
1     1402  68.457031
101    336  16.406250
001    189   9.228516
0      121   5.908203



      count        pct
Rac1                  
1      1402  68.457031
011     336  16.406250
010     189   9.228516
0       121   5.908203



      count        pct
RhoA                  
0      1402  68.457031
101     336  16.406250
1       310  15.136719



     count        pct
SSH                  
1     1961  95.751953
01      53   2.587891
0       34   1.660156



          count        pct
Thymosin                  
0          1655  80.810547
10          349  17.041016
1            44   2.148438



      count        pct
WASP                  
1      1434  70.019531
01      312  15.234375
101     189   9.228516
0       113   5.517578



      count        pct
WAVE                  
1      1738  84.863281
101     189   9.228516
0       121   5.908203



