          count        pct
ARHGAP22                  
0           658  64.257812
011110      211  20.605469
100          91   8.886719
010          51   4.980469
1            13   1.269531



          count        pct
Actin_BR                  
1           468  45.703125
000010      211  20.605469
001         112  10.937500
100          91   8.886719
011          74   7.226562
0            68   6.640625



          count    pct
Actin_ST              
0          1024  100.0



        count        pct
Arp2_3                  
1         468  45.703125
000100    211  20.605469
010       112  10.937500
001        91   8.886719
110        74   7.226562
0          68   6.640625



        count        pct
CP                      
0         512  50.000000
1         227  22.167969
000010    140  13.671875
100        54   5.273438
001        50   4.882812
011        37   3.613281
10          4   0.390625



       count        pct
Cdc42                  
0        524  51.171875
1        500  48.828125



         count        pct
Cofilin                  
1          510  49.804688
0          357  34.863281
101         65   6.347656
100000      54   5.273438
01          33   3.222656
001          5   0.488281



         count        pct
Coronin                  
1          627  61.230469
0          378  36.914062
01          19   1.855469



           count        pct
Cortactin                  
1            468  45.703125
001000       211  20.605469
100          116  11.328125
010           91   8.886719
101           74   7.226562
0             56   5.468750
100000111      8   0.781250



           count        pct
Dia1                       
0            585  57.128906
111100       211  20.605469
010          116  11.328125
001           91   8.886719
1             13   1.269531
000011110      8   0.781250



           count        pct
Dia2                       
1            513  50.097656
111100       211  20.605469
010          116  11.328125
001           91   8.886719
0             85   8.300781
000011110      8   0.781250



          count        pct
Ena_Vasp                  
1           696  67.968750
001111      123  12.011719
010111       91   8.886719
011111       53   5.175781
011          33   3.222656
100          12   1.171875
0            12   1.171875
10            4   0.390625



              count        pct
IRSp53_Cdc42                  
0               524  51.171875
1               500  48.828125



             count        pct
IRSp53_Rac1                  
1              468  45.703125
001000         211  20.605469
100            116  11.328125
010             91   8.886719
101             74   7.226562
0               56   5.468750
100000111        8   0.781250



        count        pct
LIMK                    
0         627  61.230469
011111    211  20.605469
1         167  16.308594
10         19   1.855469



           count        pct
NET1                       
0            511  49.902344
111011       211  20.605469
101          116  11.328125
110           91   8.886719
001           74   7.226562
1             13   1.269531
001111100      8   0.781250



           count        pct
PAK                        
1            511  49.902344
001000       211  20.605469
100          116  11.328125
010           91   8.886719
101           74   7.226562
0             13   1.269531
100000111      8   0.781250



      count        pct
PIP2                  
1       539  52.636719
0       485  47.363281



        count        pct
PKD                     
0         658  64.257812
011110    211  20.605469
100        91   8.886719
010        51   4.980469
1          13   1.269531



          count    pct
Profilin              
0          1024  100.0



        count        pct
ROCK                    
0         658  64.257812
111100    211  20.605469
001        91   8.886719
100        51   4.980469
1          13   1.269531



           count        pct
ROS                        
1            468  45.703125
001000       211  20.605469
100          116  11.328125
010           91   8.886719
101           74   7.226562
0             56   5.468750
100000111      8   0.781250



           count        pct
Rac1                       
1            468  45.703125
010000       211  20.605469
001          116  11.328125
100           91   8.886719
011           74   7.226562
0             56   5.468750
000001111      8   0.781250



           count        pct
RhoA                       
0            585  57.128906
111001       211  20.605469
100          116  11.328125
010           91   8.886719
1             13   1.269531
000111100      8   0.781250



     count        pct
SSH                  
1      627  61.230469
0      378  36.914062
10      19   1.855469



          count        pct
Thymosin                  
0           653  63.769531
1           188  18.359375
10          144  14.062500
01           39   3.808594



        count        pct
WASP                    
1         615  60.058594
0         188  18.359375
10         90   8.789062
001010     54   5.273438
01         39   3.808594
110        38   3.710938



      count    pct
WAVE              
0      1024  100.0



