                                         count        pct
cycle_Actin_BR_norm cycle_Actin_ST_norm                  
0                   1                      777  75.878906
                    0111                   148  14.453125
                    0                       30   2.929688
                    0100                    21   2.050781
                    10                      18   1.757812
                    111011                  17   1.660156
                    11110                    6   0.585938
                    100001                   5   0.488281
                    00010                    2   0.195312



