          count    pct
ARHGAP22              
0          1024  100.0



          count        pct
Actin_BR                  
1           587  57.324219
011         197  19.238281
001         193  18.847656
0            47   4.589844



          count        pct
Actin_ST                  
1           792  77.343750
001         105  10.253906
110          80   7.812500
0            47   4.589844



        count        pct
Arp2_3                  
1         587  57.324219
110       197  19.238281
010       193  18.847656
0          47   4.589844



    count       pct
CP                 
0     520  50.78125
1     504  49.21875



       count        pct
Cdc42                  
0        524  51.171875
1        500  48.828125



         count        pct
Cofilin                  
1          686  66.992188
011        141  13.769531
0          107  10.449219
001         90   8.789062



         count        pct
Coronin                  
1          827  80.761719
0          197  19.238281



           count        pct
Cortactin                  
1            587  57.324219
101          197  19.238281
100          193  18.847656
0             47   4.589844



      count       pct
Dia1                 
0       936  91.40625
100      88   8.59375



      count        pct
Dia2                  
1       632  61.718750
110     390  38.085938
0         2   0.195312



          count        pct
Ena_Vasp                  
1          1007  98.339844
011          15   1.464844
0             2   0.195312



              count        pct
IRSp53_Cdc42                  
0               524  51.171875
1               500  48.828125



             count        pct
IRSp53_Rac1                  
1              587  57.324219
101            197  19.238281
100            193  18.847656
0               47   4.589844



      count        pct
LIMK                  
0       827  80.761719
1       197  19.238281



      count        pct
NET1                  
0       589  57.519531
001     197  19.238281
101     193  18.847656
1        45   4.394531



     count        pct
PAK                  
1      589  57.519531
101    197  19.238281
100    193  18.847656
0       45   4.394531



      count       pct
PIP2                 
1       520  50.78125
0       504  49.21875



     count        pct
PKD                  
0      827  80.761719
001    154  15.039062
1       43   4.199219



          count        pct
Profilin                  
1           874  85.351562
011         105  10.253906
0            45   4.394531



      count        pct
ROCK                  
0       827  80.761719
010     154  15.039062
1        43   4.199219



     count        pct
ROS                  
1      587  57.324219
101    197  19.238281
100    193  18.847656
0       47   4.589844



      count        pct
Rac1                  
1       587  57.324219
011     197  19.238281
001     193  18.847656
0        47   4.589844



      count        pct
RhoA                  
0       786  76.757812
100     193  18.847656
1        45   4.394531



     count        pct
SSH                  
1      827  80.761719
0      197  19.238281



          count    pct
Thymosin              
0          1024  100.0



      count        pct
WASP                  
1       874  85.351562
110     105  10.253906
0        45   4.394531



      count        pct
WAVE                  
1       784  76.562500
110     193  18.847656
0        47   4.589844



