                   count        pct
Actin_BR Actin_ST                  
1        1          1027  50.146484
001      0           225  10.986328
         1           224  10.937500
0        0           181   8.837891
101      1           179   8.740234
         011         179   8.740234
0        1            21   1.025391
1        0             9   0.439453
0        10            3   0.146484



           count        pct
Rac1 RhoA                  
1    0      1036  50.585938
001  0       449  21.923828
101  0       358  17.480469
0    0       205  10.009766



