                                         count        pct
cycle_Actin_BR_norm cycle_Actin_ST_norm                  
0                   0                      493  48.144531
1                   1                      254  24.804688
0110                1101                   101   9.863281
10                  10                      63   6.152344
1101                1101                    48   4.687500
0110                0110                    34   3.320312
0100                0100                    23   2.246094
01                  01                       8   0.781250



