          count        pct
ARHGAP22                  
1          1623  79.248047
01111       300  14.648438
01011       125   6.103516



          count    pct
Actin_BR              
0          2048  100.0



          count        pct
Actin_ST                  
1           927  45.263672
0           637  31.103516
10          235  11.474609
11101       201   9.814453
00011        40   1.953125
01011         8   0.390625



        count    pct
Arp2_3              
0        2048  100.0



    count      pct
CP                
1    1056  51.5625
0     992  48.4375



       count        pct
Cdc42                  
1       1035  50.537109
0       1013  49.462891



         count    pct
Cofilin              
0         2048  100.0



         count    pct
Coronin              
0         2048  100.0



           count        pct
Cortactin                  
0           1623  79.248047
00100        300  14.648438
00101        125   6.103516



       count        pct
Dia1                   
0       1056  51.562500
1        567  27.685547
11110    300  14.648438
10110    125   6.103516



       count        pct
Dia2                   
1       1623  79.248047
11110    224  10.937500
10111    201   9.814453



          count    pct
Ena_Vasp              
1          2048  100.0



              count        pct
IRSp53_Cdc42                  
1              1035  50.537109
0              1013  49.462891



             count        pct
IRSp53_Rac1                  
0             1623  79.248047
00100          300  14.648438
00101          125   6.103516



      count    pct
LIMK              
1      2048  100.0



      count        pct
NET1                  
0      1035  50.537109
1      1013  49.462891



     count        pct
PAK                  
1     1035  50.537109
0     1013  49.462891



      count      pct
PIP2                
0      1056  51.5625
1       992  48.4375



       count        pct
PKD                    
1       1623  79.248047
01111    300  14.648438
01011    125   6.103516



          count        pct
Profilin                  
1           927  45.263672
0           637  31.103516
01          235  11.474609
11011       201   9.814453
00110        40   1.953125
10110         8   0.390625



       count        pct
ROCK                   
1       1623  79.248047
11110    300  14.648438
10110    125   6.103516



       count        pct
ROS                    
0       1623  79.248047
00100    300  14.648438
00101    125   6.103516



       count        pct
Rac1                   
0       1623  79.248047
01000    300  14.648438
01010    125   6.103516



       count        pct
RhoA                   
1       1623  79.248047
11101    300  14.648438
01101    125   6.103516



     count    pct
SSH              
0     2048  100.0



          count        pct
Thymosin                  
01          716  34.960938
1           685  33.447266
0           647  31.591797



      count        pct
WASP                  
01      716  34.960938
0       685  33.447266
1       647  31.591797



       count        pct
WAVE                   
0       1623  79.248047
00110    300  14.648438
10111    125   6.103516



