          count        pct
ARHGAP22                  
1          1367  66.748047
0           312  15.234375
10111       162   7.910156
01110        94   4.589844
10110        66   3.222656
11000        33   1.611328
010          14   0.683594



          count        pct
Actin_BR                  
0           988  48.242188
1           701  34.228516
01          249  12.158203
011          62   3.027344
001          48   2.343750



          count        pct
Actin_ST                  
0           985  48.095703
1           397  19.384766
01          249  12.158203
10111       228  11.132812
01110       127   6.201172
110          62   3.027344



        count        pct
Arp2_3                  
0         988  48.242188
1         701  34.228516
10        249  12.158203
110        62   3.027344
010        48   2.343750



    count    pct
CP              
1    2048  100.0



       count        pct
Cdc42                  
0       1043  50.927734
1       1005  49.072266



         count        pct
Cofilin                  
0          974  47.558594
1          597  29.150391
01         249  12.158203
11110      162   7.910156
11010       66   3.222656



         count        pct
Coronin                  
0         1595  77.880859
1          312  15.234375
00100       94   4.589844
11000       33   1.611328
011         14   0.683594



           count        pct
Cortactin                  
0           1381  67.431641
1            202   9.863281
00010        162   7.910156
01100        127   6.201172
01010         66   3.222656
010           62   3.027344
101           48   2.343750



      count    pct
Dia1              
0      2048  100.0



       count        pct
Dia2                   
1       1693  82.666016
01111    228  11.132812
11100    127   6.201172



          count        pct
Ena_Vasp                  
1          1975  96.435547
101          62   3.027344
0            11   0.537109



              count        pct
IRSp53_Cdc42                  
0              1043  50.927734
1              1005  49.072266



             count        pct
IRSp53_Rac1                  
0             1381  67.431641
1              202   9.863281
00010          162   7.910156
01100           94   4.589844
01010           66   3.222656
101             62   3.027344
100             48   2.343750
11001           33   1.611328



       count        pct
LIMK                   
1       1595  77.880859
0        312  15.234375
11011     94   4.589844
00111     33   1.611328
100       14   0.683594



      count        pct
NET1                  
0      1012  49.414062
1       926  45.214844
001      62   3.027344
101      48   2.343750



     count        pct
PAK                  
1     1012  49.414062
0      926  45.214844
101     62   3.027344
100     48   2.343750



      count    pct
PIP2              
0      2048  100.0



       count        pct
PKD                    
1       1367  66.748047
0        312  15.234375
10111    162   7.910156
01110     94   4.589844
10110     66   3.222656
11000     33   1.611328
010       14   0.683594



          count        pct
Profilin                  
0           985  48.095703
1           766  37.402344
10          249  12.158203
011          48   2.343750



       count        pct
ROCK                   
1       1367  66.748047
0        312  15.234375
01111    162   7.910156
11100     94   4.589844
01101     66   3.222656
10001     33   1.611328
100       14   0.683594



       count        pct
ROS                    
0       1381  67.431641
1        202   9.863281
00010    162   7.910156
01100     94   4.589844
01010     66   3.222656
101       62   3.027344
100       48   2.343750
11001     33   1.611328



       count        pct
Rac1                   
0       1381  67.431641
1        202   9.863281
00100    162   7.910156
11000     94   4.589844
10100     66   3.222656
011       62   3.027344
001       48   2.343750
10011     33   1.611328



       count        pct
RhoA                   
1       1429  69.775391
0        202   9.863281
11110    162   7.910156
11001     94   4.589844
11010     66   3.222656
101       62   3.027344
00011     33   1.611328



       count        pct
SSH                    
0       1595  77.880859
1        312  15.234375
01000     94   4.589844
10001     33   1.611328
110       14   0.683594



          count        pct
Thymosin                  
1           974  47.558594
0           825  40.283203
01          249  12.158203



      count        pct
WASP                  
0       985  48.095703
1       752  36.718750
01      249  12.158203
011      62   3.027344



       count        pct
WAVE                   
0       1381  67.431641
1        264  12.890625
00011    162   7.910156
01111     99   4.833984
01110     94   4.589844
110       48   2.343750



