                    count        pct
Actin_BR Actin_ST                   
1        0            297  29.003906
         1            142  13.867188
0        10           110  10.742188
001      001          103  10.058594
000100   110101        71   6.933594
001      1             55   5.371094
                       48   4.687500
000100   011100        48   4.687500
0        0             33   3.222656
101      001           23   2.246094
0        1             21   2.050781
000100   1             19   1.855469
101      1             18   1.757812
0        011100        13   1.269531
         000111000      8   0.781250
000100   111100         8   0.781250
0        001            7   0.683594



                     count        pct
Rac1      RhoA                       
1         0            439  42.871094
001       100          165  16.113281
0         0            156  15.234375
100000    110011       109  10.644531
010       001           50   4.882812
                        48   4.687500
101       0             41   4.003906
001111000 111100000      8   0.781250
0         1              8   0.781250



