                                         count        pct
cycle_Actin_BR_norm cycle_Actin_ST_norm                  
1                   1                      699  68.261719
0                   1                      171  16.699219
10                  1                       64   6.250000
01                  1101                    20   1.953125
                    1                       15   1.464844
0001                0001                    13   1.269531
10                  1101                    12   1.171875
                    10                      11   1.074219
0                   0                       11   1.074219
0001                1101                     8   0.781250



