                             count        pct
Actin_BR      Actin_ST                       
011           010              222  21.679688
                               166  16.210938
1             0                148  14.453125
              1                141  13.769531
110           000100            92   8.984375
011           1                 74   7.226562
101100        101110            51   4.980469
00000001      11110101          51   4.980469
100           010               28   2.734375
110           011110            22   2.148438
000100        101110             6   0.585938
0             11110101           6   0.585938
1001001000    1000000010         4   0.390625
              1101100011         2   0.195312
0             11110000           2   0.195312
              00101101           2   0.195312
              000111100          2   0.195312
100           011                1   0.097656
              0                  1   0.097656
              1                  1   0.097656
0010001001001 0000101101000      1   0.097656
0             010                1   0.097656



                             count        pct
Rac1          RhoA                           
1             0                289  28.222656
                               166  16.210938
011           011              163  15.917969
              001              163  15.917969
101           011              120  11.718750
01001011      00101101          53   5.175781
101           100               51   4.980469
11100001      10000111           8   0.781250
1001001101    1101111110         4   0.390625
1110010011    1000011111         2   0.195312
001111100     111110000          2   0.195312
001           011                2   0.195312
0011011011001 1111101101101      1   0.097656



