          count        pct
ARHGAP22                  
1          1084  52.929688
11110       515  25.146484
11010       230  11.230469
0           219  10.693359



          count        pct
Actin_BR                  
0          1100  53.710938
00010       515  25.146484
01011       175   8.544922
101         120   5.859375
100          75   3.662109
00101        55   2.685547
1             8   0.390625



          count        pct
Actin_ST                  
0          1140  55.664062
00011       570  27.832031
01101       175   8.544922
101          89   4.345703
100          68   3.320312
1             6   0.292969



        count        pct
Arp2_3                  
0        1100  53.710938
00100     515  25.146484
10110     175   8.544922
011       120   5.859375
001        75   3.662109
01010      55   2.685547
1           8   0.390625



       count        pct
CP                     
1       1000  48.828125
0        939  45.849609
00100     55   2.685547
100       35   1.708984
011       19   0.927734



       count        pct
Cdc42                  
0       1041  50.830078
1       1007  49.169922



         count        pct
Cofilin                  
0         1830  89.355469
1           92   4.492188
101         91   4.443359
100         35   1.708984



         count        pct
Coronin                  
0         1829  89.306641
1          219  10.693359



           count        pct
Cortactin                  
0           1100  53.710938
01000        515  25.146484
01001        230  11.230469
110          120   5.859375
010           75   3.662109
1              8   0.390625



       count        pct
Dia1                   
0       1023  49.951172
11101    515  25.146484
10101    175   8.544922
1        173   8.447266
001      107   5.224609
11000     55   2.685547



       count        pct
Dia2                   
1       1108  54.101562
11101    745  36.376953
011      195   9.521484



          count        pct
Ena_Vasp                  
1          1615  78.857422
01111       278  13.574219
0           100   4.882812
10110        55   2.685547



              count        pct
IRSp53_Cdc42                  
0              1041  50.830078
1              1007  49.169922



             count        pct
IRSp53_Rac1                  
0             1100  53.710938
01000          515  25.146484
01001          230  11.230469
110            120   5.859375
010             75   3.662109
1                8   0.390625



      count        pct
LIMK                  
1      1829  89.306641
0       219  10.693359



      count    pct
NET1              
0      2048  100.0



       count        pct
PAK                    
1       1008  49.218750
0        615  30.029297
01000    278  13.574219
010       61   2.978516
10100     55   2.685547
101       31   1.513672



      count        pct
PIP2                  
1      1048  51.171875
0      1000  48.828125



       count        pct
PKD                    
1       1084  52.929688
11110    515  25.146484
11010    230  11.230469
0        219  10.693359



          count        pct
Profilin                  
0          1101  53.759766
00110       570  27.832031
11010       175   8.544922
101         166   8.105469
1            36   1.757812



       count        pct
ROCK                   
1       1084  52.929688
11101    515  25.146484
10101    230  11.230469
0        219  10.693359



       count        pct
ROS                    
0       1100  53.710938
01000    515  25.146484
01001    230  11.230469
110      120   5.859375
010       75   3.662109
1          8   0.390625



       count        pct
Rac1                   
0       1100  53.710938
10000    515  25.146484
10010    230  11.230469
101      120   5.859375
100       75   3.662109
1          8   0.390625



       count        pct
RhoA                   
1       1100  53.710938
11011    515  25.146484
01011    230  11.230469
100      120   5.859375
110       75   3.662109
0          8   0.390625



     count        pct
SSH                  
0     1829  89.306641
1      219  10.693359



          count        pct
Thymosin                  
1          1830  89.355469
0            92   4.492188
001          91   4.443359
101          35   1.708984



      count    pct
WASP              
0      2048  100.0



       count        pct
WAVE                   
0       1100  53.710938
01100    515  25.146484
11101    230  11.230469
1        128   6.250000
011       75   3.662109



