          count    pct
ARHGAP22              
0          1024  100.0



          count        pct
Actin_BR                  
1           594  58.007812
001         264  25.781250
011         122  11.914062
0            44   4.296875



           count        pct
Actin_ST                   
1            444  43.359375
0            336  32.812500
001          215  20.996094
000001110     26   2.539062
01             3   0.292969



        count        pct
Arp2_3                  
1         594  58.007812
010       264  25.781250
110       122  11.914062
0          44   4.296875



     count        pct
CP                   
0      488  47.656250
1      287  28.027344
001    161  15.722656
011     54   5.273438
01      34   3.320312



       count        pct
Cdc42                  
0        516  50.390625
1        508  49.609375



         count        pct
Cofilin                  
1          741  72.363281
011        171  16.699219
01          71   6.933594
0           41   4.003906



         count        pct
Coronin                  
1         1017  99.316406
01           4   0.390625
0            3   0.292969



           count        pct
Cortactin                  
1            594  58.007812
100          264  25.781250
101          122  11.914062
000001111     26   2.539062
0             18   1.757812



           count        pct
Dia1                       
0            734  71.679688
010          264  25.781250
000111100     26   2.539062



           count        pct
Dia2                       
1            508  49.609375
010          264  25.781250
0            226  22.070312
000111100     26   2.539062



          count        pct
Ena_Vasp                  
1           803  78.417969
011         161  15.722656
01           34   3.320312
0            26   2.539062



              count        pct
IRSp53_Cdc42                  
0               516  50.390625
1               508  49.609375



             count        pct
IRSp53_Rac1                  
1              594  58.007812
100            264  25.781250
101            122  11.914062
000001111       26   2.539062
0               18   1.757812



      count    pct
LIMK              
0      1024  100.0



           count        pct
NET1                       
0            612  59.765625
101          264  25.781250
001          122  11.914062
011111000     26   2.539062



           count        pct
PAK                        
1            612  59.765625
100          264  25.781250
101          122  11.914062
000001111     26   2.539062



      count        pct
PIP2                  
1       521  50.878906
0       503  49.121094



     count    pct
PKD              
0     1024  100.0



           count        pct
Profilin                   
1            819  79.980469
011          161  15.722656
110011111     26   2.539062
0             15   1.464844
10             3   0.292969



      count    pct
ROCK              
0      1024  100.0



           count        pct
ROS                        
1            594  58.007812
100          264  25.781250
101          122  11.914062
000001111     26   2.539062
0             18   1.757812



           count        pct
Rac1                       
1            594  58.007812
001          264  25.781250
011          122  11.914062
000011110     26   2.539062
0             18   1.757812



           count        pct
RhoA                       
0            734  71.679688
100          264  25.781250
001111000     26   2.539062



     count        pct
SSH                  
1     1017  99.316406
10       4   0.390625
0        3   0.292969



          count        pct
Thymosin                  
0           912  89.062500
01           71   6.933594
1            41   4.003906



      count        pct
WASP                  
1       751  73.339844
110     161  15.722656
01       71   6.933594
0        41   4.003906



           count        pct
WAVE                       
1            716  69.921875
110          264  25.781250
100001111     26   2.539062
0             18   1.757812



