                     count        pct
cycle_Actin_BR_norm                  
0                      413  40.332031
1                      392  38.281250
1110                   126  12.304688
01                      64   6.250000
0100                    20   1.953125
1001                     9   0.878906



                     count    pct
cycle_Actin_ST_norm              
0                     1024  100.0



                   count        pct
cycle_Arp2_3_norm                  
0                    413  40.332031
1                    392  38.281250
1101                 126  12.304688
10                    64   6.250000
1000                  20   1.953125
0011                   9   0.878906



               count    pct
cycle_CP_norm              
1               1024  100.0



                  count        pct
cycle_Cdc42_norm                  
0                   519  50.683594
1                   505  49.316406



                    count        pct
cycle_Cofilin_norm                  
0                     443  43.261719
1                     327  31.933594
01                    152  14.843750
0111                   80   7.812500
1000                   22   2.148438



                    count        pct
cycle_Coronin_norm                  
0                     630  61.523438
1000                  180  17.578125
1                     108  10.546875
1011                  101   9.863281
01                      5   0.488281



                      count        pct
cycle_Cortactin_norm                  
0                       442  43.164062
1001                    180  17.578125
0001                    169  16.503906
1                       108  10.546875
1011                    101   9.863281
01                       24   2.343750



                 count    pct
cycle_Dia1_norm              
0                 1024  100.0



                 count        pct
cycle_Dia2_norm                  
1                  550  53.710938
1011               450  43.945312
01                  24   2.343750



                     count      pct
cycle_Ena_Vasp_norm                
1                     1008  98.4375
1101                    16   1.5625



                   count        pct
cycle_IRSp53_norm                  
1                    563  54.980469
0                    411  40.136719
1011                  50   4.882812



                 count        pct
cycle_LIMK_norm                  
1                  630  61.523438
0111               180  17.578125
0                  108  10.546875
0100               101   9.863281
10                   5   0.488281



                count        pct
cycle_PAK_norm                  
1                 974  95.117188
1011               50   4.882812



                 count    pct
cycle_PIP2_norm              
0                 1024  100.0



                count        pct
cycle_PKD_norm                  
1                 442  43.164062
1001              180  17.578125
1011              169  16.503906
0                 108  10.546875
0001              101   9.863281
10                 24   2.343750



                     count    pct
cycle_Profilin_norm              
0                     1024  100.0



                 count        pct
cycle_ROCK_norm                  
1                  442  43.164062
0011               180  17.578125
0111               169  16.503906
0                  108  10.546875
0010               101   9.863281
01                  24   2.343750



                  count        pct
cycle_ROCK__norm                  
1                   442  43.164062
1001                180  17.578125
1011                169  16.503906
0                   108  10.546875
0001                101   9.863281
10                   24   2.343750



                 count        pct
cycle_Rac1_norm                  
0                  442  43.164062
0011               180  17.578125
0010               169  16.503906
1                  108  10.546875
0111               101   9.863281
10                  24   2.343750



                 count        pct
cycle_RhoA_norm                  
1                  442  43.164062
0110               230  22.460938
1110               169  16.503906
0                  108  10.546875
0100                51   4.980469
10                  24   2.343750



                count        pct
cycle_SSH_norm                  
0                 630  61.523438
0001              180  17.578125
1                 108  10.546875
0111              101   9.863281
10                  5   0.488281



                     count        pct
cycle_Thymosin_norm                  
1                      442  43.164062
0                      425  41.503906
01                     157  15.332031



                 count        pct
cycle_WASP_norm                  
0                  442  43.164062
1                  425  41.503906
01                 157  15.332031



                 count        pct
cycle_WAVE_norm                  
0                  442  43.164062
1001               180  17.578125
0001               169  16.503906
1                  108  10.546875
1011               101   9.863281
01                  24   2.343750



