          count        pct
ARHGAP22                  
1           637  62.207031
11011       100   9.765625
01101        89   8.691406
10111        48   4.687500
11001        40   3.906250
10100        30   2.929688
00110        20   1.953125
00101        20   1.953125
01000        16   1.562500
10011        13   1.269531
00001         6   0.585938
0             5   0.488281



            count        pct
Actin_BR                    
0             538  52.539062
1             304  29.687500
1100011010     48   4.687500
0100           40   3.906250
11011          36   3.515625
01             29   2.832031
1110011101     13   1.269531
00100          12   1.171875
10100           4   0.390625



            count        pct
Actin_ST                    
1             646  63.085938
0             175  17.089844
01             69   6.738281
1111111011     61   5.957031
1101111010     36   3.515625
1010111110     15   1.464844
11110          12   1.171875
1010101110      6   0.585938
10110           4   0.390625



            count        pct
Arp2_3                      
0             538  52.539062
1             304  29.687500
1000110101     48   4.687500
1000           40   3.906250
10111          36   3.515625
10             29   2.832031
1100111011     13   1.269531
01000          12   1.171875
01001           4   0.390625



            count        pct
CP                          
0             719  70.214844
1             175  17.089844
0100           40   3.906250
0000001010     36   3.515625
01             29   2.832031
1010000010     15   1.464844
1010100010      6   0.585938
10000           4   0.390625



       count        pct
Cdc42                  
1        534  52.148438
0        490  47.851562



            count        pct
Cofilin                     
0             756  73.828125
1              74   7.226562
01111          65   6.347656
0100           40   3.906250
10101          32   3.125000
01             29   2.832031
0001000000      7   0.683594
00010           6   0.585938
0000010001      6   0.585938
1010100010      5   0.488281
01100           4   0.390625



         count    pct
Coronin              
0         1024  100.0



           count        pct
Cortactin                  
0            637  62.207031
00001        100   9.765625
10100         89   8.691406
00010         48   4.687500
10001         40   3.906250
11010         30   2.929688
10110         20   1.953125
01110         20   1.953125
11101         16   1.562500
00011         13   1.269531
10111          6   0.585938
1              5   0.488281



            count        pct
Dia1                        
1             547  53.417969
0             176  17.187500
11101          52   5.078125
01111          48   4.687500
1101           40   3.906250
1000011010     29   2.832031
01             29   2.832031
10101          24   2.343750
0000001010     15   1.464844
10100          13   1.269531
00111          13   1.269531
10011          11   1.074219
01100          10   0.976562
0110001000      7   0.683594
0000000010      6   0.585938
10000           4   0.390625



      count        pct
Dia2                  
1      1022  99.804688
0         2   0.195312



            count        pct
Ena_Vasp                    
1             885  86.425781
1101111111     48   4.687500
1011111110     29   2.832031
1011111010     20   1.953125
1110111011     13   1.269531
11110          12   1.171875
1011101011      7   0.683594
1010111010      6   0.585938
11010           4   0.390625



              count    pct
IRSp53_Cdc42              
0              1024  100.0



             count        pct
IRSp53_Rac1                  
0              637  62.207031
00001          100   9.765625
10100           89   8.691406
00010           48   4.687500
10001           40   3.906250
11010           30   2.929688
10110           20   1.953125
01110           20   1.953125
11101           16   1.562500
00011           13   1.269531
10111            6   0.585938
1                5   0.488281



       count        pct
LIMK                   
1        874  85.351562
01111     70   6.835938
11101     33   3.222656
11001     20   1.953125
00011     16   1.562500
01100      6   0.585938
0          5   0.488281



      count       pct
NET1                 
0       536  52.34375
1       488  47.65625



     count       pct
PAK                 
1      536  52.34375
0      488  47.65625



      count        pct
PIP2                  
1       527  51.464844
0       497  48.535156



       count        pct
PKD                    
1        637  62.207031
11011    100   9.765625
01101     89   8.691406
10111     48   4.687500
11001     40   3.906250
10100     30   2.929688
00110     20   1.953125
00101     20   1.953125
01000     16   1.562500
10011     13   1.269531
00001      6   0.585938
0          5   0.488281



            count        pct
Profilin                    
1             842  82.226562
1111110111     97   9.472656
1110           40   3.906250
10             29   2.832031
11101          16   1.562500



       count        pct
ROCK                   
1        637  62.207031
10111    100   9.765625
11010     89   8.691406
01111     48   4.687500
10011     40   3.906250
01001     30   2.929688
01100     20   1.953125
01010     20   1.953125
10000     16   1.562500
00111     13   1.269531
00010      6   0.585938
0          5   0.488281



       count        pct
ROS                    
0        637  62.207031
00001    100   9.765625
10100     89   8.691406
00010     48   4.687500
10001     40   3.906250
11010     30   2.929688
10110     20   1.953125
01110     20   1.953125
11101     16   1.562500
00011     13   1.269531
10111      6   0.585938
1          5   0.488281



       count        pct
Rac1                   
0        637  62.207031
00010    100   9.765625
01001     89   8.691406
00100     48   4.687500
00011     40   3.906250
10101     30   2.929688
11100     20   1.953125
01101     20   1.953125
11011     16   1.562500
00110     13   1.269531
01111      6   0.585938
1          5   0.488281



       count        pct
RhoA                   
1        637  62.207031
01111    100   9.765625
10101     89   8.691406
11110     48   4.687500
00111     40   3.906250
10010     30   2.929688
11000     20   1.953125
10100     20   1.953125
00001     16   1.562500
01110     13   1.269531
00100      6   0.585938
0          5   0.488281



       count        pct
SSH                    
0        874  85.351562
00001     70   6.835938
00100     33   3.222656
01100     20   1.953125
11001     16   1.562500
00111      6   0.585938
1          5   0.488281



          count        pct
Thymosin                  
0           372  36.328125
1           307  29.980469
01          222  21.679688
10          123  12.011719



      count        pct
WASP                  
1       372  36.328125
0       307  29.980469
01      222  21.679688
10      123  12.011719



       count        pct
WAVE                   
0        637  62.207031
10001    100   9.765625
1         77   7.519531
11110     73   7.128906
00011     48   4.687500
11001     40   3.906250
01111     36   3.515625
10011     13   1.269531



