          count        pct
Actin_BR                  
1           861  84.082031
1110        143  13.964844
1001         12   1.171875
10            4   0.390625
010           3   0.292969
01101         1   0.097656



          count        pct
Actin_ST                  
1           513  50.097656
1110        269  26.269531
10          137  13.378906
0            67   6.542969
0100         28   2.734375
1100          6   0.585938
011000        3   0.292969
00001         1   0.097656



        count        pct
Arp2_3                  
1         861  84.082031
1101      143  13.964844
0011       12   1.171875
01          4   0.390625
100         3   0.292969
11010       1   0.097656



    count        pct
CP                  
0     519  50.683594
1     505  49.316406



       count        pct
Cdc42                  
0        517  50.488281
1        507  49.511719



         count        pct
Cofilin                  
0          724  70.703125
1          125  12.207031
1101        63   6.152344
1000        46   4.492188
01          26   2.539062
0011        21   2.050781
10          19   1.855469



         count        pct
Coronin                  
0          621  60.644531
1000       180  17.578125
1011       121  11.816406
1           97   9.472656
01           5   0.488281



           count        pct
Cortactin                  
1            841  82.128906
1011         180  17.578125
111101         3   0.292969



        count        pct
Dia1                    
0         550  53.710938
1         226  22.070312
0011      107  10.449219
1011       72   7.031250
0010       43   4.199219
01         22   2.148438
100011      3   0.292969
00100       1   0.097656



        count        pct
Dia2                    
1         536  52.343750
1011      444  43.359375
01         40   3.906250
111011      3   0.292969
10111       1   0.097656



          count        pct
Ena_Vasp                  
1          1008  98.437500
1110         13   1.269531
111100        3   0.292969



        count        pct
IRSp53                  
1         563  54.980469
0         409  39.941406
1101       49   4.785156
111001      3   0.292969



      count        pct
LIMK                  
1       621  60.644531
0111    180  17.578125
0100    121  11.816406
0        97   9.472656
10        5   0.488281



        count        pct
PAK                     
1         972  94.921875
1101       49   4.785156
111001      3   0.292969



      count        pct
PIP2                  
1       519  50.683594
0       505  49.316406



      count        pct
PKD                   
1       443  43.261719
1001    180  17.578125
0111    143  13.964844
0001    121  11.816406
0        97   9.472656
10       40   3.906250



          count        pct
Profilin                  
1           628  61.328125
1101        162  15.820312
01          129  12.597656
0            67   6.542969
1000         28   2.734375
1001          6   0.585938
110000        3   0.292969
00010         1   0.097656



      count        pct
ROCK                  
1       443  43.261719
0011    180  17.578125
1110    143  13.964844
0010    121  11.816406
0        97   9.472656
01       40   3.906250



       count        pct
ROCK_                  
1        443  43.261719
1001     180  17.578125
0111     143  13.964844
0001     121  11.816406
0         97   9.472656
10        40   3.906250



        count        pct
Rac1                    
0         443  43.261719
0011      180  17.578125
0100      143  13.964844
0111      121  11.816406
1          93   9.082031
10         40   3.906250
110011      3   0.292969
01111       1   0.097656



        count        pct
RhoA                    
1         443  43.261719
0110      229  22.363281
1101      143  13.964844
0          93   9.082031
0100       72   7.031250
10         40   3.906250
000111      3   0.292969
01000       1   0.097656



      count        pct
SSH                   
0       621  60.644531
0001    180  17.578125
0111    121  11.816406
1        97   9.472656
10        5   0.488281



          count        pct
Thymosin                  
0           498  48.632812
10          238  23.242188
01          179  17.480469
1           109  10.644531



      count        pct
WASP                  
1       498  48.632812
10      238  23.242188
01      179  17.480469
0       109  10.644531



        count        pct
WAVE                    
0         443  43.261719
1001      180  17.578125
0010      143  13.964844
1011      121  11.816406
1          93   9.082031
01         40   3.906250
111001      3   0.292969
10111       1   0.097656



