                     count        pct
cycle_Actin_BR_norm                  
1                      767  74.902344
0                      198  19.335938
1110                    38   3.710938
011                     21   2.050781



                     count        pct
cycle_Actin_ST_norm                  
1                      591  57.714844
1110                   210  20.507812
0                      198  19.335938
110                     21   2.050781
10                       4   0.390625



                   count        pct
cycle_Arp2_3_norm                  
1                    767  74.902344
0                    198  19.335938
1101                  38   3.710938
110                   21   2.050781



               count        pct
cycle_CP_norm                  
0                549  53.613281
1                475  46.386719



                  count   pct
cycle_Cdc42_norm             
1                   512  50.0
0                   512  50.0



                    count        pct
cycle_Cofilin_norm                  
0                     548  53.515625
1                     396  38.671875
0011                   80   7.812500



                    count        pct
cycle_Coronin_norm                  
0                     644  62.890625
1000                  187  18.261719
1011                   95   9.277344
1                      89   8.691406
01                      9   0.878906



                      count    pct
cycle_Cortactin_norm              
0                      1024  100.0



                 count        pct
cycle_Dia1_norm                  
0                  520  50.781250
1                  257  25.097656
0011               106  10.351562
1110                77   7.519531
0001                41   4.003906
01                  23   2.246094



                 count        pct
cycle_Dia2_norm                  
1                  542  52.929688
1011               434  42.382812
01                  27   2.636719
101                 21   2.050781



                     count    pct
cycle_Ena_Vasp_norm              
1                     1024  100.0



                   count        pct
cycle_IRSp53_norm                  
1                    553  54.003906
0                    433  42.285156
1011                  38   3.710938



                 count        pct
cycle_LIMK_norm                  
1                  644  62.890625
0111               187  18.261719
0100                95   9.277344
0                   89   8.691406
10                   9   0.878906



                count        pct
cycle_PAK_norm                  
1                 986  96.289062
1011               38   3.710938



                 count        pct
cycle_PIP2_norm                  
1                  549  53.613281
0                  475  46.386719



                count        pct
cycle_PKD_norm                  
1                 474  46.289062
1001              187  18.261719
1110              152  14.843750
0001               95   9.277344
0                  89   8.691406
10                 27   2.636719



                     count        pct
cycle_Profilin_norm                  
1                      826  80.664062
0                      198  19.335938



                 count        pct
cycle_ROCK_norm                  
1                  474  46.289062
0011               187  18.261719
1101               152  14.843750
0010                95   9.277344
0                   89   8.691406
01                  27   2.636719



                  count        pct
cycle_ROCK__norm                  
1                   474  46.289062
1001                187  18.261719
1110                152  14.843750
0001                 95   9.277344
0                    89   8.691406
10                   27   2.636719



                 count        pct
cycle_Rac1_norm                  
0                  474  46.289062
0011               187  18.261719
1000               152  14.843750
0111                95   9.277344
1                   68   6.640625
10                  27   2.636719
011                 21   2.050781



                 count        pct
cycle_RhoA_norm                  
1                  474  46.289062
0110               225  21.972656
1011               152  14.843750
0                   68   6.640625
0010                57   5.566406
10                  27   2.636719
010                 21   2.050781



                count        pct
cycle_SSH_norm                  
0                 644  62.890625
0001              187  18.261719
0111               95   9.277344
1                  89   8.691406
10                  9   0.878906



                     count    pct
cycle_Thymosin_norm              
0                     1024  100.0



                 count        pct
cycle_WASP_norm                  
1                  826  80.664062
0                  198  19.335938



                 count        pct
cycle_WAVE_norm                  
0                  474  46.289062
1001               187  18.261719
0100               152  14.843750
1011                95   9.277344
1                   68   6.640625
01                  27   2.636719
101                 21   2.050781



