                   count        pct
Actin_BR Actin_ST                  
1        1           526  51.367188
101      1           190  18.554688
         101         143  13.964844
001      001          64   6.250000
101100   100          34   3.320312
101      0            33   3.222656
101100   110101       21   2.050781
1        0            13   1.269531



           count        pct
Rac1 RhoA                  
1    0       539  52.636719
100  100     177  17.285156
110  0       165  16.113281
101  0       143  13.964844



