          count        pct
ARHGAP22                  
0          1019  99.511719
              5   0.488281



          count        pct
Actin_BR                  
1           654  63.867188
011         323  31.542969
0            42   4.101562
              5   0.488281



            count        pct
Actin_ST                    
1             420  41.015625
0             393  38.378906
100           181  17.675781
0000001111     18   1.757812
01              7   0.683594
                5   0.488281



        count        pct
Arp2_3                  
1         654  63.867188
110       323  31.542969
0          42   4.101562
            5   0.488281



     count        pct
CP                   
0      462  45.117188
1      333  32.519531
110    181  17.675781
01      43   4.199219
         5   0.488281



       count        pct
Cdc42                  
1        538  52.539062
0        481  46.972656
           5   0.488281



         count        pct
Cofilin                  
1          767  74.902344
011        142  13.867188
10          73   7.128906
0           37   3.613281
             5   0.488281



         count        pct
Coronin                  
1         1008  98.437500
01           8   0.781250
             5   0.488281
0            3   0.292969



            count        pct
Cortactin                   
1             654  63.867188
101           323  31.542969
0              24   2.343750
1000001111     18   1.757812
                5   0.488281



            count        pct
Dia1                        
0             678  66.210938
010           323  31.542969
0000111110     18   1.757812
                5   0.488281



            count        pct
Dia2                        
1             538  52.539062
010           323  31.542969
0             140  13.671875
0000111110     18   1.757812
                5   0.488281



          count        pct
Ena_Vasp                  
1           958  93.554688
01           43   4.199219
0            18   1.757812
              5   0.488281



              count        pct
IRSp53_Cdc42                  
1               538  52.539062
0               481  46.972656
                  5   0.488281



             count        pct
IRSp53_Rac1                  
1              654  63.867188
101            323  31.542969
0               24   2.343750
1000001111      18   1.757812
                 5   0.488281



      count        pct
LIMK                  
0      1008  98.437500
10        8   0.781250
          5   0.488281
1         3   0.292969



            count        pct
NET1                        
0             678  66.210938
001           323  31.542969
0011111000     18   1.757812
                5   0.488281



            count        pct
PAK                         
1             678  66.210938
101           323  31.542969
1000001111     18   1.757812
                5   0.488281



      count        pct
PIP2                  
0       520  50.781250
1       499  48.730469
          5   0.488281



     count        pct
PKD                  
0     1019  99.511719
         5   0.488281



            count        pct
Profilin                    
1             977  95.410156
1110011111     18   1.757812
0              17   1.660156
10              7   0.683594
                5   0.488281



      count        pct
ROCK                  
0      1019  99.511719
          5   0.488281



     count        pct
ROS                  
0     1019  99.511719
         5   0.488281



            count        pct
Rac1                        
1             654  63.867188
011           323  31.542969
0              24   2.343750
0000011111     18   1.757812
                5   0.488281



            count        pct
RhoA                        
0             678  66.210938
100           323  31.542969
0001111100     18   1.757812
                5   0.488281



     count        pct
SSH                  
1     1008  98.437500
10       8   0.781250
         5   0.488281
0        3   0.292969



          count        pct
Thymosin                  
0           909  88.769531
10           75   7.324219
1            35   3.417969
              5   0.488281



      count        pct
WASP                  
1       909  88.769531
10       75   7.324219
0        35   3.417969
          5   0.488281



            count        pct
WAVE                        
1             977  95.410156
0              24   2.343750
1100001111     18   1.757812
                5   0.488281



