          count       pct
Actin_BR                 
1            65  50.78125
0            16  12.50000
001          15  11.71875
010          13  10.15625
000010       13  10.15625
011           6   4.68750



          count       pct
Actin_ST                 
0            89  69.53125
010          16  12.50000
110001        9   7.03125
011           7   5.46875
01            3   2.34375
000010        3   2.34375
011110        1   0.78125



        count       pct
Arp2_3                 
1          65  50.78125
0          16  12.50000
010        15  11.71875
100        13  10.15625
000100     13  10.15625
110         6   4.68750



        count       pct
CP                     
1          99  77.34375
000010     13  10.15625
001         7   5.46875
010         5   3.90625
011         3   2.34375
0           1   0.78125



       count       pct
Cdc42                 
1         67  52.34375
0         61  47.65625



         count       pct
Cofilin                 
1           73  57.03125
0           35  27.34375
011          9   7.03125
010000       8   6.25000
01           3   2.34375



         count       pct
Coronin                 
1           85  66.40625
0           42  32.81250
10           1   0.78125



           count       pct
Cortactin                 
1             65  50.78125
0             16  12.50000
100           15  11.71875
001000        13  10.15625
001           13  10.15625
101            6   4.68750



        count       pct
Dia1                   
0         103  80.46875
111100     13  10.15625
010         7   5.46875
100         5   3.90625



        count       pct
Dia2                   
1          78  60.93750
110        21  16.40625
111100     13  10.15625
101        13  10.15625
0           3   2.34375



          count    pct
Ena_Vasp              
0           128  100.0



              count       pct
IRSp53_Cdc42                 
1                67  52.34375
0                61  47.65625



             count       pct
IRSp53_Rac1                 
1               65  50.78125
0               16  12.50000
100             15  11.71875
001000          13  10.15625
001             13  10.15625
101              6   4.68750



        count       pct
LIMK                   
0          85  66.40625
1          29  22.65625
011111     13  10.15625
01          1   0.78125



        count       pct
NET1                   
1          68  53.12500
010        15  11.71875
100        13  10.15625
000100     13  10.15625
0          13  10.15625
110         6   4.68750



        count       pct
PAK                    
1          68  53.12500
100        15  11.71875
001000     13  10.15625
001        13  10.15625
0          13  10.15625
101         6   4.68750



      count     pct
PIP2               
1        68  53.125
0        60  46.875



        count       pct
PKD                    
0          88  68.75000
010        14  10.93750
1          13  10.15625
011110     13  10.15625



          count       pct
Profilin                 
1            79  61.71875
0            16  12.50000
110          13  10.15625
110011        9   7.03125
011           8   6.25000
000110        3   2.34375



        count       pct
ROCK                   
0          88  68.75000
100        14  10.93750
111100     13  10.15625
1          13  10.15625



        count       pct
ROCK_                  
0          88  68.75000
010        14  10.93750
1          13  10.15625
011110     13  10.15625



        count       pct
ROS                    
1          65  50.78125
0          16  12.50000
100        15  11.71875
001000     13  10.15625
001        13  10.15625
101         6   4.68750



        count       pct
Rac1                   
1          65  50.78125
0          16  12.50000
001        15  11.71875
010000     13  10.15625
010        13  10.15625
011         6   4.68750



        count       pct
RhoA                   
0          74  57.81250
100        15  11.71875
111001     13  10.15625
1          13  10.15625
001        13  10.15625



     count       pct
SSH                 
1       85  66.40625
0       42  32.81250
01       1   0.78125



          count       pct
Thymosin                 
0            84  65.62500
10           22  17.18750
1            19  14.84375
01            3   2.34375



        count       pct
WASP                   
1          76  59.37500
0          19  14.84375
10         14  10.93750
110         8   6.25000
000101      8   6.25000
01          3   2.34375



        count       pct
WAVE                   
1          71  55.46875
0          16  12.50000
110        15  11.71875
101        13  10.15625
001100     13  10.15625



