          count        pct
ARHGAP22                  
0           635  62.011719
1           314  30.664062
             75   7.324219



          count        pct
Actin_BR                  
0           949  92.675781
             75   7.324219



           count        pct
Actin_ST                   
1            730  71.289062
011111111    113  11.035156
11011111      91   8.886719
              75   7.324219
111100000     15   1.464844



        count        pct
Arp2_3                  
0         949  92.675781
           75   7.324219



    count        pct
CP                  
0     949  92.675781
       75   7.324219



       count        pct
Cdc42                  
1        529  51.660156
0        420  41.015625
          75   7.324219



           count        pct
Cofilin                    
1            342  33.398438
0            271  26.464844
01010000     120  11.718750
10            75   7.324219
              75   7.324219
11110000      61   5.957031
111000001     45   4.394531
00101101      34   3.320312
001            1   0.097656



         count        pct
Coronin                  
1          635  62.011719
10         244  23.828125
            75   7.324219
0           70   6.835938



           count        pct
Cortactin                  
01111000     334  32.617188
0            314  30.664062
011111000    173  16.894531
01101001     124  12.109375
              75   7.324219
101            4   0.390625



           count        pct
Dia1                       
11100001     334  32.617188
1            314  30.664062
111100001    173  16.894531
10100101     124  12.109375
              75   7.324219
110            4   0.390625



           count        pct
Dia2                       
1            772  75.390625
111100001    173  16.894531
              75   7.324219
110            4   0.390625



           count        pct
Ena_Vasp                   
1            629  61.425781
0            145  14.160156
001111110    113  11.035156
              75   7.324219
01            62   6.054688



              count        pct
IRSp53_Cdc42                  
1               529  51.660156
0               420  41.015625
                 75   7.324219



             count        pct
IRSp53_Rac1                  
01111000       334  32.617188
0              314  30.664062
011111000      173  16.894531
01101001       124  12.109375
                75   7.324219
101              4   0.390625



      count        pct
LIMK                  
0       635  62.011719
01      244  23.828125
         75   7.324219
1        70   6.835938



           count        pct
NET1                       
0            529  51.660156
1            243  23.730469
110000011    173  16.894531
              75   7.324219
001            4   0.390625



           count        pct
PAK                        
1            529  51.660156
0            243  23.730469
011111000    173  16.894531
              75   7.324219
101            4   0.390625



      count        pct
PIP2                  
0       503  49.121094
1       446  43.554688
         75   7.324219



     count        pct
PKD                  
0      949  92.675781
        75   7.324219



           count        pct
Profilin                   
1            730  71.289062
111111110    128  12.500000
10111111      91   8.886719
              75   7.324219



      count        pct
ROCK                  
0       635  62.011719
1       314  30.664062
         75   7.324219



           count        pct
ROS                        
01111000     334  32.617188
0            314  30.664062
011111000    173  16.894531
01101001     124  12.109375
              75   7.324219
101            4   0.390625



           count        pct
Rac1                       
11110000     334  32.617188
0            314  30.664062
111110000    173  16.894531
11010010     124  12.109375
              75   7.324219
011            4   0.390625



           count        pct
RhoA                       
11000011     334  32.617188
1            314  30.664062
111000011    173  16.894531
01001011     124  12.109375
              75   7.324219
101            4   0.390625



     count        pct
SSH                  
1      635  62.011719
01     244  23.828125
        75   7.324219
0       70   6.835938



          count        pct
Thymosin                  
0           559  54.589844
10          164  16.015625
01          120  11.718750
1           106  10.351562
             75   7.324219



           count        pct
WASP                       
1            446  43.554688
0            167  16.308594
01           120  11.718750
011111100    113  11.035156
10           103  10.058594
              75   7.324219



           count        pct
WAVE                       
01111100     334  32.617188
0            314  30.664062
011111100    173  16.894531
11111101     124  12.109375
              75   7.324219
1              4   0.390625



