                    count        pct
Actin_BR Actin_ST                   
0        1            979  47.802734
         0            598  29.199219
         10111        186   9.082031
         01           185   9.033203
         00011         32   1.562500
         11111110      22   1.074219
         01101         17   0.830078
                       17   0.830078
0        000111000      9   0.439453
         10010110       2   0.097656
         01100000       1   0.048828



                     count        pct
Rac1      RhoA                       
0         1           1580  77.148438
00010     01111        136   6.640625
00100     11110        124   6.054688
01001     10101        112   5.468750
011111000 111100001     29   1.416016
10100101  10010110      23   1.123047
11100001  10000111      19   0.927734
                        17   0.830078
011       101            8   0.390625



