                    count        pct
Actin_BR Actin_ST                   
1        0            315  30.761719
         1            288  28.125000
0        1            247  24.121094
011      100           62   6.054688
10       10            48   4.687500
011      1             34   3.320312
0        11011111      13   1.269531
         111100000     11   1.074219
10       1              5   0.488281
0        110            1   0.097656



                     count        pct
Rac1      RhoA                       
1         0            593  57.910156
0         1            310  30.273438
011       101           97   9.472656
00111100  11110000      13   1.269531
111100001 110000111     11   1.074219



