          count    pct
ARHGAP22              
0          1024  100.0



          count        pct
Actin_BR                  
1           511  49.902344
100         227  22.167969
0           206  20.117188
011          80   7.812500



          count        pct
Actin_ST                  
1           711  69.433594
0           279  27.246094
011          31   3.027344
10            3   0.292969



        count        pct
Arp2_3                  
1         511  49.902344
001       227  22.167969
0         206  20.117188
110        80   7.812500



    count        pct
CP                  
0     519  50.683594
1     503  49.121094
01      2   0.195312



       count        pct
Cdc42                  
1        527  51.464844
0        497  48.535156



         count        pct
Cofilin                  
1          637  62.207031
011        170  16.601562
0          162  15.820312
10          55   5.371094



         count        pct
Coronin                  
1          829  80.957031
0          146  14.257812
10          49   4.785156



           count        pct
Cortactin                  
1            511  49.902344
010          227  22.167969
0            206  20.117188
101           80   7.812500



      count    pct
Dia1              
0      1024  100.0



      count        pct
Dia2                  
1       511  49.902344
010     227  22.167969
0       206  20.117188
101      80   7.812500



          count        pct
Ena_Vasp                  
1           764  74.609375
0           115  11.230469
101         106  10.351562
01           39   3.808594



              count        pct
IRSp53_Cdc42                  
1               527  51.464844
0               497  48.535156



             count        pct
IRSp53_Rac1                  
1              511  49.902344
010            227  22.167969
0              206  20.117188
101             80   7.812500



      count        pct
LIMK                  
0      1004  98.046875
1        14   1.367188
01        6   0.585938



      count    pct
NET1              
0      1024  100.0



     count        pct
PAK                  
1      535  52.246094
010    227  22.167969
0      182  17.773438
101     80   7.812500



      count        pct
PIP2                  
1       521  50.878906
0       503  49.121094



     count    pct
PKD              
0     1024  100.0



          count        pct
Profilin                  
1           744  72.656250
0           171  16.699219
101         106  10.351562
01            3   0.292969



      count    pct
ROCK              
0      1024  100.0



     count        pct
ROS                  
1      511  49.902344
010    227  22.167969
0      206  20.117188
101     80   7.812500



      count        pct
Rac1                  
1       511  49.902344
100     227  22.167969
0       206  20.117188
011      80   7.812500



      count    pct
RhoA              
0      1024  100.0



     count        pct
SSH                  
1      829  80.957031
0      146  14.257812
01      49   4.785156



          count        pct
Thymosin                  
0           836  81.640625
1           108  10.546875
10           80   7.812500



      count        pct
WASP                  
1       727  70.996094
0       133  12.988281
011     106  10.351562
10       58   5.664062



      count        pct
WAVE                  
1       591  57.714844
011     227  22.167969
0       206  20.117188



