                   count        pct
Actin_BR Actin_ST                  
1        1           510  49.804688
0        0           172  16.796875
100      1           121  11.816406
         0           106  10.351562
011      1            49   4.785156
         011          31   3.027344
0        1            31   3.027344
         10            3   0.292969
1        0             1   0.097656



           count        pct
Rac1 RhoA                  
1    0       511  49.902344
100  0       227  22.167969
0    0       206  20.117188
011  0        80   7.812500



