          count        pct
ARHGAP22                  
0           639  62.402344
1           252  24.609375
100         114  11.132812
010          19   1.855469



          count        pct
Actin_BR                  
1           470  45.898438
0           299  29.199219
100         184  17.968750
011          52   5.078125
010          19   1.855469



          count        pct
Actin_ST                  
0           434  42.382812
1           371  36.230469
100         123  12.011719
01           77   7.519531
110010       19   1.855469



        count        pct
Arp2_3                  
1         470  45.898438
0         299  29.199219
001       184  17.968750
110        52   5.078125
100        19   1.855469



        count        pct
CP                      
0         631  61.621094
1         251  24.511719
100        94   9.179688
011        29   2.832031
010000     19   1.855469



       count        pct
Cdc42                  
0        518  50.585938
1        506  49.414062



         count        pct
Cofilin                  
1          525  51.269531
0          279  27.246094
100        113  11.035156
110         63   6.152344
10          25   2.441406
000010      19   1.855469



         count        pct
Coronin                  
1          610  59.570312
0          400  39.062500
01          14   1.367188



           count        pct
Cortactin                  
1            470  45.898438
0            299  29.199219
010          184  17.968750
101           52   5.078125
001           19   1.855469



      count    pct
Dia1              
0      1024  100.0



      count        pct
Dia2                  
1       768  75.000000
001     184  17.968750
0        53   5.175781
100      19   1.855469



          count        pct
Ena_Vasp                  
1           965  94.238281
011          30   2.929688
011101       19   1.855469
0             6   0.585938
01            3   0.292969
100           1   0.097656



              count        pct
IRSp53_Cdc42                  
0               518  50.585938
1               506  49.414062



             count        pct
IRSp53_Rac1                  
1              470  45.898438
0              299  29.199219
010            184  17.968750
101             52   5.078125
001             19   1.855469



      count    pct
LIMK              
0      1024  100.0



      count        pct
NET1                  
0       507  49.511719
1       262  25.585938
110     184  17.968750
001      52   5.078125
011      19   1.855469



     count        pct
PAK                  
1      507  49.511719
0      262  25.585938
010    184  17.968750
101     52   5.078125
001     19   1.855469



      count        pct
PIP2                  
0       519  50.683594
1       505  49.316406



     count        pct
PKD                  
0      639  62.402344
1      252  24.609375
100    114  11.132812
010     19   1.855469



          count        pct
Profilin                  
1           651  63.574219
0           183  17.871094
101          94   9.179688
10           77   7.519531
110111       19   1.855469



      count        pct
ROCK                  
0       639  62.402344
1       252  24.609375
001     114  11.132812
100      19   1.855469



     count        pct
ROS                  
1      470  45.898438
0      299  29.199219
010    184  17.968750
101     52   5.078125
001     19   1.855469



      count        pct
Rac1                  
1       470  45.898438
0       299  29.199219
100     184  17.968750
011      52   5.078125
010      19   1.855469



      count        pct
RhoA                  
0       559  54.589844
1       262  25.585938
010     184  17.968750
001      19   1.855469



     count        pct
SSH                  
1      610  59.570312
0      400  39.062500
10      14   1.367188



          count        pct
Thymosin                  
0           737  71.972656
1           180  17.578125
01           88   8.593750
10           19   1.855469



      count        pct
WASP                  
1       640  62.500000
0       184  17.968750
011      93   9.082031
01       88   8.593750
10       19   1.855469



      count        pct
WAVE                  
1       522  50.976562
0       299  29.199219
011     184  17.968750
101      19   1.855469



