          count        pct
ARHGAP22                  
1           461  45.019531
11110       174  16.992188
11011       146  14.257812
0           138  13.476562
11010        53   5.175781
10110        52   5.078125



          count    pct
Actin_BR              
0          1024  100.0



          count        pct
Actin_ST                  
0           327  31.933594
01110       199  19.433594
11110       181  17.675781
1           122  11.914062
01           78   7.617188
01000        36   3.515625
10001111     26   2.539062
11101101     14   1.367188
10011101     12   1.171875
11001111     11   1.074219
00011         9   0.878906
00000110      9   0.878906



        count    pct
Arp2_3              
0        1024  100.0



    count       pct
CP                 
1     520  50.78125
0     504  49.21875



       count        pct
Cdc42                  
0        529  51.660156
1        495  48.339844



          count        pct
Cofilin                   
0           895  87.402344
1            66   6.445312
01010000     38   3.710938
10010110     14   1.367188
00111100     11   1.074219



         count        pct
Coronin                  
0          886  86.523438
1          138  13.476562



           count        pct
Cortactin                  
0            527  51.464844
01000        174  16.992188
00001        146  14.257812
01001         53   5.175781
01010         52   5.078125
00001111      40   3.906250
01011010      32   3.125000



          count        pct
Dia1                      
0           520  50.781250
11101       174  16.992188
10111       146  14.257812
10101        53   5.175781
01101        52   5.078125
00111100     40   3.906250
01101001     32   3.125000
1             7   0.683594



          count        pct
Dia2                      
1           527  51.464844
11101       425  41.503906
00111111     40   3.906250
01111011     32   3.125000



          count    pct
Ena_Vasp              
0          1024  100.0



              count        pct
IRSp53_Cdc42                  
0               529  51.660156
1               495  48.339844



             count        pct
IRSp53_Rac1                  
0              527  51.464844
01000          174  16.992188
00001          146  14.257812
01001           53   5.175781
01010           52   5.078125
00001111        40   3.906250
01011010        32   3.125000



      count        pct
LIMK                  
1       886  86.523438
0       138  13.476562



      count    pct
NET1              
1      1024  100.0



     count    pct
PAK              
0     1024  100.0



      count       pct
PIP2                 
0       520  50.78125
1       504  49.21875



       count        pct
PKD                    
1        461  45.019531
11110    174  16.992188
11011    146  14.257812
0        138  13.476562
11010     53   5.175781
10110     52   5.078125



          count        pct
Profilin                  
1           366  35.742188
0           289  28.222656
11110       199  19.433594
10           78   7.617188
10111111     38   3.710938
11000        36   3.515625
10110         9   0.878906
00101101      6   0.585938
00000011      3   0.292969



       count        pct
ROCK                   
1        461  45.019531
11101    174  16.992188
10111    146  14.257812
0        138  13.476562
10101     53   5.175781
01101     52   5.078125



          count        pct
ROS                       
0           527  51.464844
01000       174  16.992188
00001       146  14.257812
01001        53   5.175781
01010        52   5.078125
00001111     40   3.906250
01011010     32   3.125000



          count        pct
Rac1                      
0           527  51.464844
10000       174  16.992188
00010       146  14.257812
10010        53   5.175781
10100        52   5.078125
00011110     40   3.906250
10110100     32   3.125000



          count        pct
RhoA                      
1           527  51.464844
11011       174  16.992188
01111       146  14.257812
01011        53   5.175781
11010        52   5.078125
01111000     40   3.906250
11010010     32   3.125000



     count        pct
SSH                  
0      886  86.523438
1      138  13.476562



          count        pct
Thymosin                  
0           389  37.988281
1           315  30.761719
01          237  23.144531
10           83   8.105469



      count        pct
WASP                  
1       361  35.253906
0       343  33.496094
01      237  23.144531
10       83   8.105469



          count        pct
WAVE                      
0           527  51.464844
01100       174  16.992188
10001       146  14.257812
11101        53   5.175781
01111        52   5.078125
10001111     40   3.906250
01111111     32   3.125000



