          count        pct
ARHGAP22                  
0           668  65.234375
011110      187  18.261719
010         163  15.917969
1             6   0.585938



          count        pct
Actin_BR                  
001         295  28.808594
1           241  23.535156
011         223  21.777344
000010      187  18.261719
0            50   4.882812
101          28   2.734375



           count        pct
Actin_ST                   
0            334  32.617188
010          252  24.609375
001          193  18.847656
001110       130  12.695312
110011        57   5.566406
001011        39   3.808594
000001110     12   1.171875
1              6   0.585938
01             1   0.097656



        count        pct
Arp2_3                  
010       295  28.808594
1         241  23.535156
110       223  21.777344
000100    187  18.261719
0          50   4.882812
011        28   2.734375



        count        pct
CP                      
001       295  28.808594
1         241  23.535156
011       223  21.777344
000010    187  18.261719
0          50   4.882812
101        28   2.734375



       count        pct
Cdc42                  
1        516  50.390625
0        508  49.609375



         count    pct
Cofilin              
0         1024  100.0



         count        pct
Coronin                  
1          645  62.988281
0          367  35.839844
10          12   1.171875



           count        pct
Cortactin                  
100          295  28.808594
1            241  23.535156
101          223  21.777344
001000       187  18.261719
0             38   3.710938
110           28   2.734375
000001111     12   1.171875



           count        pct
Dia1                       
0            589  57.519531
111100       187  18.261719
100          167  16.308594
010           63   6.152344
000111100     12   1.171875
1              6   0.585938



           count        pct
Dia2                       
1            522  50.976562
111100       187  18.261719
100          167  16.308594
0             73   7.128906
010           63   6.152344
000111100     12   1.171875



          count    pct
Ena_Vasp              
0          1024  100.0



              count        pct
IRSp53_Cdc42                  
1               516  50.390625
0               508  49.609375



             count        pct
IRSp53_Rac1                  
100            295  28.808594
1              241  23.535156
101            223  21.777344
001000         187  18.261719
0               38   3.710938
110             28   2.734375
000001111       12   1.171875



        count        pct
LIMK                    
0         645  62.988281
011111    187  18.261719
1         180  17.578125
01         12   1.171875



           count        pct
NET1                       
0            527  51.464844
111011       187  18.261719
011          167  16.308594
101           63   6.152344
001           34   3.320312
100           28   2.734375
011111000     12   1.171875
1              6   0.585938



           count        pct
PAK                        
1            527  51.464844
001000       187  18.261719
001          167  16.308594
100           63   6.152344
101           34   3.320312
110           28   2.734375
000001111     12   1.171875
0              6   0.585938



      count        pct
PIP2                  
1       526  51.367188
0       498  48.632812



        count        pct
PKD                     
0         668  65.234375
011110    187  18.261719
010       163  15.917969
1           6   0.585938



           count        pct
Profilin                   
1            570  55.664062
011111       154  15.039062
011          145  14.160156
011110       111  10.839844
0             31   3.027344
110011111     12   1.171875
10             1   0.097656



        count        pct
ROCK                    
0         668  65.234375
111100    187  18.261719
100       163  15.917969
1           6   0.585938



           count        pct
ROS                        
100          295  28.808594
1            241  23.535156
101          223  21.777344
001000       187  18.261719
0             38   3.710938
110           28   2.734375
000001111     12   1.171875



           count        pct
Rac1                       
001          295  28.808594
1            241  23.535156
011          223  21.777344
010000       187  18.261719
0             38   3.710938
101           28   2.734375
000011110     12   1.171875



           count        pct
RhoA                       
0            589  57.519531
111001       187  18.261719
001          167  16.308594
100           63   6.152344
001111000     12   1.171875
1              6   0.585938



     count        pct
SSH                  
1      645  62.988281
0      367  35.839844
01      12   1.171875



          count        pct
Thymosin                  
01          377  36.816406
1           302  29.492188
0           302  29.492188
10           43   4.199219



      count        pct
WASP                  
01      377  36.816406
1       302  29.492188
0       302  29.492188
10       43   4.199219



           count        pct
WAVE                       
1            492  48.046875
110          295  28.808594
001100       187  18.261719
0             38   3.710938
100001111     12   1.171875



