          count        pct
ARHGAP22                  
0           650  63.476562
010         156  15.234375
1           127  12.402344
011110       91   8.886719



          count        pct
Actin_BR                  
101         237  23.144531
001         205  20.019531
1           162  15.820312
0           154  15.039062
010         100   9.765625
000010       91   8.886719
011          75   7.324219



          count        pct
Actin_ST                  
1           316  30.859375
0           190  18.554688
001         139  13.574219
111011      111  10.839844
101          95   9.277344
011010       71   6.933594
011110       45   4.394531
101110       41   4.003906
000001       14   1.367188
10            2   0.195312



        count        pct
Arp2_3                  
011       237  23.144531
010       205  20.019531
1         162  15.820312
0         154  15.039062
100       100   9.765625
000100     91   8.886719
110        75   7.324219



        count        pct
CP                      
1         516  50.390625
0         414  40.429688
010000     60   5.859375
010        14   1.367188
000101     11   1.074219
011         6   0.585938
01          3   0.292969



       count        pct
Cdc42                  
0        526  51.367188
1        498  48.632812



         count    pct
Cofilin              
0         1024  100.0



         count        pct
Coronin                  
1          630  61.523438
0          386  37.695312
10           8   0.781250



           count        pct
Cortactin                  
110          237  23.144531
100          205  20.019531
1            162  15.820312
0            154  15.039062
001          100   9.765625
001000        91   8.886719
101           75   7.324219



        count        pct
Dia1                    
0         807  78.808594
100       120  11.718750
111100     91   8.886719
1           6   0.585938



        count        pct
Dia2                    
110       539  52.636719
1         293  28.613281
111100     91   8.886719
100        78   7.617188
0          23   2.246094



          count        pct
Ena_Vasp                  
1           738  72.070312
001          77   7.519531
0            54   5.273438
01           53   5.175781
011111       45   4.394531
011101       43   4.199219
100111       14   1.367188



              count        pct
IRSp53_Cdc42                  
0               526  51.367188
1               498  48.632812



             count    pct
IRSp53_Rac1              
0             1024  100.0



        count        pct
LIMK                    
0         630  61.523438
1         295  28.808594
011111     91   8.886719
01          8   0.781250



        count        pct
NET1                    
0         508  49.609375
101       167  16.308594
1         131  12.792969
111011     91   8.886719
011        60   5.859375
001        36   3.515625
100        31   3.027344



        count        pct
PAK                     
1         508  49.609375
100       167  16.308594
0         131  12.792969
001000     91   8.886719
001        60   5.859375
101        36   3.515625
110        31   3.027344



      count        pct
PIP2                  
0       516  50.390625
1       508  49.609375



        count        pct
PKD                     
0         650  63.476562
010       156  15.234375
1         127  12.402344
011110     91   8.886719



          count        pct
Profilin                  
1           316  30.859375
0           190  18.554688
011         166  16.210938
010         139  13.574219
110111      131  12.792969
111100       45   4.394531
010111       21   2.050781
000010       14   1.367188
01            2   0.195312



        count        pct
ROCK                    
0         650  63.476562
100       156  15.234375
1         127  12.402344
111100     91   8.886719



        count        pct
ROS                     
110       237  23.144531
100       205  20.019531
1         162  15.820312
0         154  15.039062
001       100   9.765625
001000     91   8.886719
101        75   7.324219



        count        pct
Rac1                    
101       237  23.144531
001       205  20.019531
1         162  15.820312
0         154  15.039062
010       100   9.765625
010000     91   8.886719
011        75   7.324219



        count        pct
RhoA                    
0         575  56.152344
100       167  16.308594
1         131  12.792969
111001     91   8.886719
001        60   5.859375



     count        pct
SSH                  
1      630  61.523438
0      386  37.695312
01       8   0.781250



          count        pct
Thymosin                  
01          382  37.304688
1           324  31.640625
0           303  29.589844
10           15   1.464844



      count        pct
WASP                  
01      382  37.304688
0       324  31.640625
1       303  29.589844
10       15   1.464844



        count        pct
WAVE                    
110       237  23.144531
100       205  20.019531
1         162  15.820312
0         154  15.039062
001       100   9.765625
001000     91   8.886719
101        75   7.324219



