                     count        pct
Actin_BR Actin_ST                    
0        1             777  75.878906
         1111111101    167  16.308594
         011111111      49   4.785156
         11011          28   2.734375
         110             3   0.292969



                     count        pct
Rac1      RhoA                       
0         1            573  55.957031
00100     11110        142  13.867188
00010     01111        124  12.109375
01010     01101         96   9.375000
111110000 111000011     49   4.785156
10100101  10010110      20   1.953125
11110000  11000011      14   1.367188
110       011            6   0.585938



