                   count        pct
Actin_BR Actin_ST                  
1        1           709  69.238281
         1101         77   7.519531
1110     1101         76   7.421875
         1            40   3.906250
0        1            38   3.710938
1        0            30   2.929688
1001     1000         13   1.269531
1110     1000          8   0.781250
1        10            7   0.683594
01       10            7   0.683594
         1101          6   0.585938
1001     1101          5   0.488281
01011    01000         5   0.488281
001      001100        2   0.195312
0        10111         1   0.097656



               count        pct
Rac1   RhoA                    
0      1         438  42.773438
0011   0110      176  17.187500
0010   1110      146  14.257812
1      0          95   9.277344
0111   1000       77   7.519531
       0110       45   4.394531
01     01         39   3.808594
11011  00010       5   0.488281
111001 100011      2   0.195312
11100  10001       1   0.097656



