          count        pct
ARHGAP22                  
0           597  58.300781
100         224  21.875000
1           118  11.523438
011110       85   8.300781



          count        pct
Actin_BR                  
1           517  50.488281
100         224  21.875000
0           118  11.523438
000010       85   8.300781
101          80   7.812500



          count        pct
Actin_ST                  
1           757  73.925781
0           114  11.132812
100         110  10.742188
011          43   4.199219



        count        pct
Arp2_3                  
1         517  50.488281
001       224  21.875000
0         118  11.523438
000100     85   8.300781
011        80   7.812500



    count        pct
CP                  
0     514  50.195312
1     510  49.804688



       count        pct
Cdc42                  
0        518  50.585938
1        506  49.414062



         count        pct
Cofilin                  
1          560  54.687500
0          317  30.957031
100        110  10.742188
011         37   3.613281



         count    pct
Coronin              
0         1024  100.0



           count        pct
Cortactin                  
1            517  50.488281
010          224  21.875000
0            118  11.523438
001000        85   8.300781
110           80   7.812500



        count        pct
Dia1                    
0         821  80.175781
001       114  11.132812
111100     85   8.300781
1           4   0.390625



        count        pct
Dia2                    
1         635  62.011719
011       304  29.687500
111100     85   8.300781



          count    pct
Ena_Vasp              
1          1024  100.0



              count        pct
IRSp53_Cdc42                  
0               518  50.585938
1               506  49.414062



             count        pct
IRSp53_Rac1                  
1              517  50.488281
010            224  21.875000
0              118  11.523438
001000          85   8.300781
110             80   7.812500



        count        pct
LIMK                    
0         597  58.300781
1         342  33.398438
011111     85   8.300781



        count        pct
NET1                    
0         517  50.488281
110       224  21.875000
1         118  11.523438
111011     85   8.300781
100        80   7.812500



        count        pct
PAK                     
1         517  50.488281
010       224  21.875000
0         118  11.523438
001000     85   8.300781
110        80   7.812500



      count        pct
PIP2                  
1       514  50.195312
0       510  49.804688



        count        pct
PKD                     
0         597  58.300781
100       224  21.875000
1         118  11.523438
011110     85   8.300781



          count        pct
Profilin                  
1           800  78.125000
0           114  11.132812
101         110  10.742188



        count        pct
ROCK                    
0         597  58.300781
001       224  21.875000
1         118  11.523438
111100     85   8.300781



        count        pct
ROS                     
1         517  50.488281
010       224  21.875000
0         118  11.523438
001000     85   8.300781
110        80   7.812500



        count        pct
Rac1                    
1         517  50.488281
100       224  21.875000
0         118  11.523438
010000     85   8.300781
101        80   7.812500



        count        pct
RhoA                    
0         597  58.300781
010       224  21.875000
1         118  11.523438
111001     85   8.300781



     count        pct
SSH                  
1      517  50.488281
0      427  41.699219
110     80   7.812500



          count    pct
Thymosin              
0          1024  100.0



      count        pct
WASP                  
1       800  78.125000
0       114  11.132812
011     110  10.742188



        count        pct
WAVE                    
1         597  58.300781
011       224  21.875000
0         118  11.523438
001100     85   8.300781



