                   count        pct
Actin_BR Actin_ST                  
1        1           517  50.488281
100      1           114  11.132812
0        0           114  11.132812
100      100         110  10.742188
000010   1            85   8.300781
101      011          43   4.199219
         1            37   3.613281
0        1             4   0.390625



               count        pct
Rac1   RhoA                    
1      0         517  50.488281
100    010       224  21.875000
0      1         118  11.523438
010000 111001     85   8.300781
101    0          80   7.812500



