          count        pct
ARHGAP22                  
1           576  56.250000
11011       141  13.769531
11101       124  12.109375
0            71   6.933594
11010        55   5.371094
01011        46   4.492188
             10   0.976562
010           1   0.097656



          count        pct
Actin_BR                  
0          1014  99.023438
             10   0.976562



            count        pct
Actin_ST                    
1             753  73.535156
1111111101    187  18.261719
11101          35   3.417969
111100000      20   1.953125
11110111       17   1.660156
               10   0.976562
111110          2   0.195312



        count        pct
Arp2_3                  
0        1014  99.023438
           10   0.976562



    count        pct
CP                  
0    1014  99.023438
       10   0.976562



       count        pct
Cdc42                  
0        519  50.683594
1        495  48.339844
          10   0.976562



         count        pct
Cofilin                  
0         1014  99.023438
            10   0.976562



         count        pct
Coronin                  
0          942  91.992188
1           71   6.933594
            10   0.976562
011          1   0.097656



           count        pct
Cortactin                  
0            576  56.250000
00001        141  13.769531
10000        124  12.109375
01001         55   5.371094
00101         46   4.492188
111110000     26   2.539062
10010110      23   2.246094
11110000      21   2.050781
              10   0.976562
011            1   0.097656
010            1   0.097656



           count        pct
Dia1                       
1            576  56.250000
10111        141  13.769531
11011        124  12.109375
10101         55   5.371094
10110         46   4.492188
111000011     26   2.539062
01011010      23   2.246094
11000011      21   2.050781
              10   0.976562
101            2   0.195312



           count        pct
Dia2                       
1            986  96.289062
111000011     26   2.539062
              10   0.976562
101            2   0.195312



          count        pct
Ena_Vasp                  
1           992  96.875000
0            20   1.953125
             10   0.976562
011101        1   0.097656
01            1   0.097656



              count        pct
IRSp53_Cdc42                  
0               519  50.683594
1               495  48.339844
                 10   0.976562



             count        pct
IRSp53_Rac1                  
0              576  56.250000
00001          141  13.769531
10000          124  12.109375
01001           55   5.371094
00101           46   4.492188
111110000       26   2.539062
10010110        23   2.246094
11110000        21   2.050781
                10   0.976562
011              2   0.195312



      count        pct
LIMK                  
1       942  91.992188
0        71   6.933594
         10   0.976562
100       1   0.097656



           count        pct
NET1                       
0            495  48.339844
1            491  47.949219
100000111     26   2.539062
              10   0.976562
010            2   0.195312



           count        pct
PAK                        
1            495  48.339844
0            491  47.949219
111110000     26   2.539062
              10   0.976562
011            2   0.195312



      count        pct
PIP2                  
1       520  50.781250
0       494  48.242188
         10   0.976562



       count        pct
PKD                    
1        576  56.250000
11011    141  13.769531
11101    124  12.109375
0         71   6.933594
11010     55   5.371094
01011     46   4.492188
          10   0.976562
010        1   0.097656



            count        pct
Profilin                    
1             755  73.730469
1111111011    187  18.261719
11011          35   3.417969
111111101      20   1.953125
11101111       17   1.660156
               10   0.976562



       count        pct
ROCK                   
1        576  56.250000
10111    141  13.769531
11011    124  12.109375
0         71   6.933594
10101     55   5.371094
10110     46   4.492188
          10   0.976562
100        1   0.097656



           count        pct
ROS                        
0            576  56.250000
00001        141  13.769531
10000        124  12.109375
01001         55   5.371094
00101         46   4.492188
111110000     26   2.539062
10010110      23   2.246094
11110000      21   2.050781
              10   0.976562
011            2   0.195312



           count        pct
Rac1                       
0            576  56.250000
00010        141  13.769531
00001        124  12.109375
10010         55   5.371094
01010         46   4.492188
111100001     26   2.539062
00101101      23   2.246094
11100001      21   2.050781
              10   0.976562
110            2   0.195312



           count        pct
RhoA                       
1            576  56.250000
01111        141  13.769531
10111        124  12.109375
01011         55   5.371094
01101         46   4.492188
110000111     26   2.539062
10110100      23   2.246094
10000111      21   2.050781
              10   0.976562
011            2   0.195312



     count        pct
SSH                  
0      942  91.992188
1       71   6.933594
        10   0.976562
110      1   0.097656



          count        pct
Thymosin                  
01          398  38.867188
1           324  31.640625
0           290  28.320312
             10   0.976562
10            2   0.195312



      count        pct
WASP                  
01      398  38.867188
0       324  31.640625
1       290  28.320312
         10   0.976562
10        2   0.195312



           count        pct
WAVE                       
0            576  56.250000
10001        141  13.769531
11000        124  12.109375
11101         55   5.371094
10111         46   4.492188
111111000     26   2.539062
11011111      23   2.246094
11111000      21   2.050781
              10   0.976562
1              2   0.195312



