                       count        pct
Actin_BR   Actin_ST                    
0          1             278  27.148438
1          0             187  18.261719
           1             139  13.574219
01000      1111110111     55   5.371094
01001      1              46   4.492188
0101100011 1111110111     46   4.492188
01010      0111011011     44   4.296875
10000      1              42   4.101562
0010       10             36   3.515625
10000      11011          32   3.125000
11110      1111110111     27   2.636719
110        1              27   2.636719
01         01             16   1.562500
1001110111 1111110111     15   1.464844
110        100            13   1.269531
100        100            13   1.269531
01001      00101           4   0.390625
           11011           2   0.195312
0          10111111        1   0.097656
                           1   0.097656



                   count        pct
Rac1     RhoA                      
0        1           351  34.277344
1        0           151  14.746094
00100    11110       135  13.183594
10100    11010       101   9.863281
10000    11011       101   9.863281
00101    10110        71   6.933594
110      010          40   3.906250
01100    11100        25   2.441406
01110    01100        19   1.855469
11000    11001        15   1.464844
100      110          13   1.269531
01111000 11100001      1   0.097656
                       1   0.097656



