                       count        pct
Actin_BR   Actin_ST                    
0          0             600  29.296875
           1             467  22.802734
1          1             267  13.037109
           11101         238  11.621094
10         10            128   6.250000
1          10011          82   4.003906
0011010110 11110          82   4.003906
11011      1001111011     66   3.222656
0111100111 11110          34   1.660156
10000      11000          27   1.318359
1          1111111101     27   1.318359
           1111010111     17   0.830078
           0               8   0.390625
11010      00010           4   0.195312
11011      00010           1   0.048828



             count        pct
Rac1  RhoA                   
0     1       1257  61.376953
00010 01111    216  10.546875
01010 01101    111   5.419922
00011 00111     84   4.101562
00001 10111     82   4.003906
01011 00101     61   2.978516
10100 11010     50   2.441406
11100 11000     48   2.343750
01111 00100     38   1.855469
10101 10010     37   1.806641
10001 10011     34   1.660156
00111 00110     16   0.781250
10111 00010      7   0.341797
1     0          7   0.341797



