          count        pct
ARHGAP22                  
011110      385  37.597656
0           282  27.539062
010         232  22.656250
001          82   8.007812
             34   3.320312
1             9   0.878906



          count        pct
Actin_BR                  
010         330  32.226562
0           264  25.781250
100000      163  15.917969
101         117  11.425781
001          82   8.007812
1            34   3.320312
             34   3.320312



           count        pct
Actin_ST                   
010          286  27.929688
001111       243  23.730469
1            227  22.167969
110111        96   9.375000
011001        82   8.007812
              34   3.320312
0             28   2.734375
101011        21   2.050781
000001110      7   0.683594



        count        pct
Arp2_3                  
100       330  32.226562
0         264  25.781250
000001    163  15.917969
011       117  11.425781
010        82   8.007812
1          34   3.320312
           34   3.320312



        count        pct
CP                      
0         599  58.496094
001       218  21.289062
001000     82   8.007812
011        63   6.152344
           34   3.320312
1          28   2.734375



       count        pct
Cdc42                  
0        990  96.679688
          34   3.320312



         count        pct
Cofilin                  
0          720  70.312500
1          249  24.316406
            34   3.320312
10          21   2.050781



         count        pct
Coronin                  
0          708  69.140625
1          282  27.539062
            34   3.320312



           count        pct
Cortactin                  
0            990  96.679688
              34   3.320312



           count        pct
Dia1                       
111100       385  37.597656
100          335  32.714844
0            151  14.746094
010          103  10.058594
              34   3.320312
1              9   0.878906
000111100      7   0.683594



           count        pct
Dia2                       
111100       385  37.597656
100          335  32.714844
0            151  14.746094
010          103  10.058594
              34   3.320312
1              9   0.878906
000111100      7   0.683594



          count        pct
Ena_Vasp                  
1           255  24.902344
001111      243  23.730469
100         218  21.289062
111011       96   9.375000
101110       82   8.007812
110          63   6.152344
             34   3.320312
01           21   2.050781
0            12   1.171875



              count        pct
IRSp53_Cdc42                  
0               990  96.679688
                 34   3.320312



             count        pct
IRSp53_Rac1                  
001000         385  37.597656
001            335  32.714844
110            117  11.425781
100            103  10.058594
1               34   3.320312
                34   3.320312
0                9   0.878906
000001111        7   0.683594



        count        pct
LIMK                    
011111    385  37.597656
1         323  31.542969
0         282  27.539062
           34   3.320312



           count        pct
NET1                       
111011       385  37.597656
011          335  32.714844
100          117  11.425781
101          103  10.058594
0             34   3.320312
              34   3.320312
1              9   0.878906
011111000      7   0.683594



           count        pct
PAK                        
001000       385  37.597656
001          335  32.714844
110          117  11.425781
100          103  10.058594
1             34   3.320312
              34   3.320312
0              9   0.878906
000001111      7   0.683594



      count        pct
PIP2                  
0       501  48.925781
1       489  47.753906
         34   3.320312



        count        pct
PKD                     
011110    385  37.597656
0         282  27.539062
010       232  22.656250
001        82   8.007812
           34   3.320312
1           9   0.878906



           count        pct
Profilin                   
1            318  31.054688
011110       243  23.730469
011          223  21.777344
101111       199  19.433594
              34   3.320312
110011111      7   0.683594



        count        pct
ROCK                    
111100    385  37.597656
0         282  27.539062
100       232  22.656250
010        82   8.007812
           34   3.320312
1           9   0.878906



           count        pct
ROS                        
001000       385  37.597656
001          335  32.714844
110          117  11.425781
100          103  10.058594
1             34   3.320312
              34   3.320312
0              9   0.878906
000001111      7   0.683594



           count        pct
Rac1                       
010000       385  37.597656
010          335  32.714844
101          117  11.425781
001          103  10.058594
1             34   3.320312
              34   3.320312
0              9   0.878906
000011110      7   0.683594



           count        pct
RhoA                       
111001       385  37.597656
001          335  32.714844
0            151  14.746094
100          103  10.058594
              34   3.320312
1              9   0.878906
001111000      7   0.683594



     count        pct
SSH                  
0      708  69.140625
1      282  27.539062
        34   3.320312



          count        pct
Thymosin                  
1           419  40.917969
0           371  36.230469
01          199  19.433594
             34   3.320312
10            1   0.097656



      count        pct
WASP                  
0       419  40.917969
1       247  24.121094
01      199  19.433594
101      63   6.152344
010      61   5.957031
         34   3.320312
10        1   0.097656



           count        pct
WAVE                       
001100       385  37.597656
101          335  32.714844
1            151  14.746094
110          103  10.058594
              34   3.320312
0              9   0.878906
100001111      7   0.683594



