          count        pct
Actin_BR                  
0           650  63.476562
100         273  26.660156
101          49   4.785156
11010010     29   2.832031
1            15   1.464844
001           8   0.781250



          count        pct
Actin_ST                  
0           680  66.406250
100         171  16.699219
110         132  12.890625
11010010     29   2.832031
000101        8   0.781250
1             4   0.390625



          count        pct
Arp2_3                    
0           650  63.476562
001         273  26.660156
011          49   4.785156
10100101     29   2.832031
1            15   1.464844
010           8   0.781250



     count        pct
CP                   
0      534  52.148438
1      471  45.996094
101     11   1.074219
001      8   0.781250



       count        pct
Cdc42                  
0        523  51.074219
1        501  48.925781



          count        pct
Cofilin                   
0           803  78.417969
100         105  10.253906
1            51   4.980469
10000010     29   2.832031
101          28   2.734375
001000        8   0.781250



         count        pct
Coronin                  
0          643  62.792969
001        259  25.292969
1          105  10.253906
101         17   1.660156



           count        pct
Cortactin                  
0            650  63.476562
010          273  26.660156
110           49   4.785156
11101011      29   2.832031
1             15   1.464844
100110         8   0.781250



          count        pct
Dia1                      
0           487  47.558594
1           346  33.789062
110         154  15.039062
00001010     29   2.832031
011010        8   0.781250



          count        pct
Dia2                      
1           673  65.722656
110         314  30.664062
11101011     29   2.832031
111110        8   0.781250



          count      pct
Ena_Vasp                
1           976  95.3125
0            48   4.6875



              count        pct
IRSp53_Cdc42                  
0               523  51.074219
1               501  48.925781



             count        pct
IRSp53_Rac1                  
0              650  63.476562
010            273  26.660156
110             49   4.785156
11101011        29   2.832031
1               15   1.464844
100110           8   0.781250



      count        pct
LIMK                  
1       643  62.792969
110     259  25.292969
0       105  10.253906
010      17   1.660156



        count        pct
PAK                     
1         507  49.511719
0         479  46.777344
110        22   2.148438
100110      8   0.781250
100         8   0.781250



      count        pct
PIP2                  
1       557  54.394531
0       467  45.605469



     count        pct
PKD                  
1      643  62.792969
011    259  25.292969
0      105  10.253906
001     17   1.660156



          count        pct
Profilin                  
0           656  64.062500
001         154  15.039062
101         130  12.695312
1            47   4.589844
10100101     29   2.832031
001011        8   0.781250



      count        pct
ROCK                  
1       643  62.792969
110     259  25.292969
0       105  10.253906
010      17   1.660156



          count        pct
Rac1                      
0           650  63.476562
100         273  26.660156
101          49   4.785156
11010111     29   2.832031
1            15   1.464844
001101        8   0.781250



          count        pct
RhoA                      
1           658  64.257812
101         287  28.027344
00010100     29   2.832031
010          27   2.636719
0            15   1.464844
111101        8   0.781250



     count        pct
SSH                  
0      643  62.792969
010    259  25.292969
1      105  10.253906
011     17   1.660156



          count        pct
Thymosin                  
1           803  78.417969
101         105  10.253906
0            51   4.980469
10111110     29   2.832031
001          28   2.734375
111011        8   0.781250



      count    pct
WASP              
0      1024  100.0



        count        pct
WAVE                    
0         650  63.476562
011       273  26.660156
1          93   9.082031
110111      8   0.781250



