          count        pct
ARHGAP22                  
0           684  66.796875
100         126  12.304688
1            96   9.375000
001111       88   8.593750
010          30   2.929688



          count        pct
Actin_BR                  
1           517  50.488281
100         191  18.652344
0           121  11.816406
000001       88   8.593750
101          77   7.519531
010          30   2.929688



          count        pct
Actin_ST                  
0           679  66.308594
100         114  11.132812
110          79   7.714844
110011       40   3.906250
000111       37   3.613281
010          30   2.929688
01           27   2.636719
000001       11   1.074219
1             7   0.683594



        count        pct
Arp2_3                  
1         517  50.488281
001       191  18.652344
0         121  11.816406
000010     88   8.593750
011        77   7.519531
100        30   2.929688



        count        pct
CP                      
1         773  75.488281
010       112  10.937500
000001     88   8.593750
011        33   3.222656
0          18   1.757812



       count        pct
Cdc42                  
1        527  51.464844
0        497  48.535156



         count        pct
Cofilin                  
1          565  55.175781
0          144  14.062500
100        123  12.011719
000010      88   8.593750
011         70   6.835938
01          34   3.320312



         count        pct
Coronin                  
1          666  65.039062
0          352  34.375000
01           6   0.585938



           count        pct
Cortactin                  
1            517  50.488281
010          191  18.652344
0            121  11.816406
000100        88   8.593750
110           77   7.519531
001           30   2.929688



        count        pct
Dia1                    
0         817  79.785156
100       112  10.937500
011110     88   8.593750
1           7   0.683594



        count        pct
Dia2                    
1         617  60.253906
110       268  26.171875
011110     88   8.593750
101        30   2.929688
0          21   2.050781



          count    pct
Ena_Vasp              
0          1024  100.0



              count        pct
IRSp53_Cdc42                  
1               527  51.464844
0               497  48.535156



             count        pct
IRSp53_Rac1                  
1              517  50.488281
010            191  18.652344
0              121  11.816406
000100          88   8.593750
110             77   7.519531
001             30   2.929688



      count    pct
LIMK              
0      1024  100.0



        count        pct
NET1                    
0         538  52.539062
110       191  18.652344
1         100   9.765625
111101     88   8.593750
100        77   7.519531
011        30   2.929688



        count        pct
PAK                     
1         538  52.539062
010       191  18.652344
0         100   9.765625
000100     88   8.593750
110        77   7.519531
001        30   2.929688



      count        pct
PIP2                  
0       515  50.292969
1       509  49.707031



        count        pct
PKD                     
0         684  66.796875
100       126  12.304688
1          96   9.375000
001111     88   8.593750
010        30   2.929688



          count        pct
Profilin                  
1           719  70.214844
0           112  10.937500
101         109  10.644531
001111       37   3.613281
110          30   2.929688
000011       11   1.074219
10            3   0.292969
010           3   0.292969



        count        pct
ROCK                    
0         684  66.796875
001       126  12.304688
1          96   9.375000
011110     88   8.593750
100        30   2.929688



        count        pct
ROS                     
1         517  50.488281
010       191  18.652344
0         121  11.816406
000100     88   8.593750
110        77   7.519531
001        30   2.929688



        count        pct
Rac1                    
1         517  50.488281
100       191  18.652344
0         121  11.816406
001000     88   8.593750
101        77   7.519531
010        30   2.929688



        count        pct
RhoA                    
0         615  60.058594
010       191  18.652344
1         100   9.765625
111100     88   8.593750
001        30   2.929688



     count        pct
SSH                  
1      666  65.039062
0      352  34.375000
10       6   0.585938



          count        pct
Thymosin                  
0           802  78.320312
1           118  11.523438
10           67   6.542969
01           37   3.613281



      count        pct
WASP                  
1       689  67.285156
0       122  11.914062
011     109  10.644531
10       67   6.542969
01       37   3.613281



        count        pct
WAVE                    
1         594  58.007812
011       191  18.652344
0         121  11.816406
000110     88   8.593750
101        30   2.929688



