          count        pct
ARHGAP22                  
0           673  65.722656
111100      177  17.285156
010         164  16.015625
1            10   0.976562



          count        pct
Actin_BR                  
1           232  22.656250
011         214  20.898438
010         208  20.312500
000100      177  17.285156
001         110  10.742188
0            56   5.468750
110          27   2.636719



           count        pct
Actin_ST                   
010          255  24.902344
1            210  20.507812
0            128  12.500000
010111        94   9.179688
110010        86   8.398438
001110        83   8.105469
101111        48   4.687500
010000        42   4.101562
111001        41   4.003906
10            19   1.855469
000001110     18   1.757812



        count        pct
Arp2_3                  
1         232  22.656250
110       214  20.898438
100       208  20.312500
001000    177  17.285156
010       110  10.742188
0          56   5.468750
101        27   2.636719



        count        pct
CP                      
0         321  31.347656
000010    165  16.113281
010       162  15.820312
010001    112  10.937500
011       102   9.960938
1          93   9.082031
001        28   2.734375
10         26   2.539062
110        15   1.464844



       count       pct
Cdc42                 
0        536  52.34375
1        488  47.65625



         count    pct
Cofilin              
0         1024  100.0



         count        pct
Coronin                  
1          653  63.769531
0          363  35.449219
10           8   0.781250



           count        pct
Cortactin                  
1            232  22.656250
101          214  20.898438
001          208  20.312500
010000       177  17.285156
100          110  10.742188
0             38   3.710938
011           27   2.636719
000001111     18   1.757812



           count        pct
Dia1                       
0            579  56.542969
100          240  23.437500
111001       177  17.285156
000111100     18   1.757812
1             10   0.976562



           count        pct
Dia2                       
1            498  48.632812
100          240  23.437500
111001       177  17.285156
0             91   8.886719
000111100     18   1.757812



          count        pct
Ena_Vasp                  
10          328  32.031250
1           298  29.101562
0           120  11.718750
001111      100   9.765625
001          88   8.593750
011111       48   4.687500
011101       42   4.101562



              count    pct
IRSp53_Cdc42              
0              1024  100.0



             count        pct
IRSp53_Rac1                  
1              232  22.656250
101            214  20.898438
001            208  20.312500
010000         177  17.285156
100            110  10.742188
0               38   3.710938
011             27   2.636719
000001111       18   1.757812



        count        pct
LIMK                    
0         653  63.769531
1         186  18.164062
111110    177  17.285156
01          8   0.781250



           count        pct
NET1                       
0            510  49.804688
011          240  23.437500
110111       177  17.285156
001           42   4.101562
010           27   2.636719
011111000     18   1.757812
1             10   0.976562



           count        pct
PAK                        
1            510  49.804688
001          240  23.437500
010000       177  17.285156
101           42   4.101562
011           27   2.636719
000001111     18   1.757812
0             10   0.976562



      count        pct
PIP2                  
1       530  51.757812
0       494  48.242188



        count        pct
PKD                     
0         673  65.722656
111100    177  17.285156
010       164  16.015625
1          10   0.976562



           count        pct
Profilin                   
1            558  54.492188
110          162  15.820312
111011       158  15.429688
011110       100   9.765625
0             28   2.734375
110011111     18   1.757812



        count        pct
ROCK                    
0         673  65.722656
111001    177  17.285156
100       164  16.015625
1          10   0.976562



           count        pct
ROS                        
1            232  22.656250
101          214  20.898438
001          208  20.312500
010000       177  17.285156
100          110  10.742188
0             38   3.710938
011           27   2.636719
000001111     18   1.757812



           count        pct
Rac1                       
1            232  22.656250
011          214  20.898438
010          208  20.312500
100000       177  17.285156
001          110  10.742188
0             38   3.710938
110           27   2.636719
000011110     18   1.757812



           count        pct
RhoA                       
0            579  56.542969
001          240  23.437500
110011       177  17.285156
001111000     18   1.757812
1             10   0.976562



     count        pct
SSH                  
1      653  63.769531
0      363  35.449219
01       8   0.781250



          count        pct
Thymosin                  
01          423  41.308594
1           312  30.468750
0           289  28.222656



      count        pct
WASP                  
01      423  41.308594
0       312  30.468750
1       289  28.222656



           count        pct
WAVE                       
1            473  46.191406
101          208  20.312500
011000       177  17.285156
110          110  10.742188
0             38   3.710938
100001111     18   1.757812



