                   count        pct
Actin_BR Actin_ST                  
1        0           241  23.535156
         1           219  21.386719
100      100         137  13.378906
000010   001110       93   9.082031
010      010110       61   5.957031
100      1            52   5.078125
000010   1            51   4.980469
101      100          42   4.101562
000010   011111       40   3.906250
101      1            24   2.343750
100      011          23   2.246094
011      010000       11   1.074219
0        1            10   0.976562
000010   001111        9   0.878906
0        0             6   0.585938
101      0             5   0.488281



               count        pct
Rac1   RhoA                    
1      0         460  44.921875
010000 111001    193  18.847656
100    010       189  18.457031
101    0          71   6.933594
010    001        61   5.957031
100    0          23   2.246094
011    0          11   1.074219
0      1          10   0.976562
       0           6   0.585938



