          count        pct
ARHGAP22                  
0           635  62.011719
1           153  14.941406
011110      119  11.621094
010         117  11.425781



          count        pct
Actin_BR                  
0           413  40.332031
001         347  33.886719
011         128  12.500000
000010      119  11.621094
1            17   1.660156



          count        pct
Actin_ST                  
0           762  74.414062
000011      119  11.621094
101          74   7.226562
001          69   6.738281



        count        pct
Arp2_3                  
0         413  40.332031
010       347  33.886719
110       128  12.500000
000100    119  11.621094
1          17   1.660156



     count        pct
CP                   
1      501  48.925781
0      371  36.230469
010    126  12.304688
011     26   2.539062



       count        pct
Cdc42                  
0        533  52.050781
1        491  47.949219



         count    pct
Cofilin              
0         1024  100.0



         count        pct
Coronin                  
0          539  52.636719
1          455  44.433594
01          30   2.929688



           count        pct
Cortactin                  
0            413  40.332031
100          347  33.886719
101          128  12.500000
001000       119  11.621094
1             17   1.660156



        count        pct
Dia1                    
0         774  75.585938
100       126  12.304688
111100    119  11.621094
1           5   0.488281



        count        pct
Dia2                    
101       323  31.542969
0         221  21.582031
1         209  20.410156
100       152  14.843750
111100    119  11.621094



          count        pct
Ena_Vasp                  
1           644  62.890625
0           144  14.062500
001111      119  11.621094
001         117  11.425781



              count        pct
IRSp53_Cdc42                  
0               533  52.050781
1               491  47.949219



             count        pct
IRSp53_Rac1                  
0              413  40.332031
100            347  33.886719
101            128  12.500000
001000         119  11.621094
1               17   1.660156



        count        pct
LIMK                    
0         455  44.433594
1         420  41.015625
011111    119  11.621094
10         30   2.929688



        count        pct
NET1                    
0         492  48.046875
011       195  19.042969
1         192  18.750000
111011    119  11.621094
001        26   2.539062



        count        pct
PAK                     
1         492  48.046875
001       195  19.042969
0         192  18.750000
001000    119  11.621094
101        26   2.539062



      count        pct
PIP2                  
1       524  51.171875
0       500  48.828125



        count        pct
PKD                     
0         635  62.011719
1         153  14.941406
011110    119  11.621094
010       117  11.425781



          count        pct
Profilin                  
0           636  62.109375
011         143  13.964844
010         126  12.304688
000110      119  11.621094



        count        pct
ROCK                    
0         635  62.011719
1         153  14.941406
111100    119  11.621094
100       117  11.425781



        count        pct
ROS                     
0         413  40.332031
100       347  33.886719
101       128  12.500000
001000    119  11.621094
1          17   1.660156



        count        pct
Rac1                    
0         413  40.332031
001       347  33.886719
011       128  12.500000
010000    119  11.621094
1          17   1.660156



        count        pct
RhoA                    
0         518  50.585938
001       195  19.042969
1         192  18.750000
111001    119  11.621094



     count        pct
SSH                  
0      539  52.636719
1      455  44.433594
10      30   2.929688



          count    pct
Thymosin              
1          1024  100.0



      count    pct
WASP              
0      1024  100.0



        count        pct
WAVE                    
0         413  40.332031
110       347  33.886719
1         145  14.160156
001100    119  11.621094



