          count        pct
ARHGAP22                  
0           674  65.820312
001111      194  18.945312
010         147  14.355469
1             9   0.878906



          count        pct
Actin_BR                  
1           380  37.109375
100         239  23.339844
011         201  19.628906
000001      194  18.945312
0            10   0.976562



          count        pct
Actin_ST                  
1           496  48.437500
010         210  20.507812
0           206  20.117188
000111      105  10.253906
101           7   0.683594



        count        pct
Arp2_3                  
1         380  37.109375
001       239  23.339844
110       201  19.628906
000010    194  18.945312
0          10   0.976562



        count        pct
CP                      
0         496  48.437500
1         206  20.117188
100       121  11.816406
000001    105  10.253906
011        96   9.375000



       count        pct
Cdc42                  
1        521  50.878906
0        503  49.121094



         count        pct
Cofilin                  
1          523  51.074219
0          170  16.601562
011        151  14.746094
000001     105  10.253906
001         75   7.324219



         count        pct
Coronin                  
1          674  65.820312
0          350  34.179688



           count        pct
Cortactin                  
1            380  37.109375
010          239  23.339844
101          201  19.628906
000100       194  18.945312
0             10   0.976562



        count        pct
Dia1                    
0         596  58.203125
001       225  21.972656
011110    194  18.945312
1           9   0.878906



        count        pct
Dia2                    
1         530  51.757812
001       225  21.972656
011110    194  18.945312
0          75   7.324219



          count        pct
Ena_Vasp                  
1           880  85.937500
100111      105  10.253906
101          39   3.808594



              count        pct
IRSp53_Cdc42                  
1               521  50.878906
0               503  49.121094



             count        pct
IRSp53_Rac1                  
1              380  37.109375
010            239  23.339844
101            201  19.628906
000100         194  18.945312
0               10   0.976562



        count        pct
LIMK                    
0         674  65.820312
101111    194  18.945312
1         156  15.234375



        count        pct
NET1                    
0         538  52.539062
110       225  21.972656
111101    194  18.945312
001        58   5.664062
1           9   0.878906



        count        pct
PAK                     
1         538  52.539062
010       225  21.972656
000100    194  18.945312
101        58   5.664062
0           9   0.878906



      count        pct
PIP2                  
0       534  52.148438
1       490  47.851562



        count        pct
PKD                     
0         674  65.820312
001111    194  18.945312
010       147  14.355469
1           9   0.878906



          count        pct
Profilin                  
1           805  78.613281
101         114  11.132812
001111      105  10.253906



        count        pct
ROCK                    
0         674  65.820312
011110    194  18.945312
100       147  14.355469
1           9   0.878906



        count        pct
ROS                     
1         380  37.109375
010       239  23.339844
101       201  19.628906
000100    194  18.945312
0          10   0.976562



        count        pct
Rac1                    
1         380  37.109375
100       239  23.339844
011       201  19.628906
001000    194  18.945312
0          10   0.976562



        count        pct
RhoA                    
0         596  58.203125
010       225  21.972656
111100    194  18.945312
1           9   0.878906



     count        pct
SSH                  
1      674  65.820312
0      350  34.179688



          count    pct
Thymosin              
0          1024  100.0



        count        pct
WASP                    
1         800  78.125000
011       114  11.132812
000110    105  10.253906
0           5   0.488281



      count    pct
WAVE              
0      1024  100.0



