                   count        pct
Actin_BR Actin_ST                  
1        0           206  20.117188
         1           174  16.992188
100      1           118  11.523438
         010         114  11.132812
011      1           105  10.253906
000001   000111      105  10.253906
011      010          96   9.375000
000001   1            89   8.691406
0        1            10   0.976562
100      101           7   0.683594



               count        pct
Rac1   RhoA                    
1      0         380  37.109375
100    010       225  21.972656
011    0         201  19.628906
001000 111100    194  18.945312
100    0          14   1.367188
0      1           9   0.878906
       0           1   0.097656



