                   count        pct
Actin_BR Actin_ST                  
1        1           512  50.000000
0        0           129  12.597656
100      101         115  11.230469
         1           100   9.765625
110      1            83   8.105469
0        01           52   5.078125
         1            32   3.125000
1        01            1   0.097656



           count        pct
Rac1 RhoA                  
1    0       513  50.097656
100  0       215  20.996094
0    0       213  20.800781
110  0        83   8.105469



