                     count        pct
Actin_BR   Actin_ST                  
0          0           957  46.728516
1          0           546  26.660156
01         0           208  10.156250
0111010111 0            71   3.466797
011        0            60   2.929688
1111111101 0            54   2.636719
101        0            48   2.343750
00110      0            30   1.464844
01111      0            24   1.171875
1101111101 0            23   1.123047
100        0            17   0.830078
10011      0            10   0.488281



             count        pct
Rac1  RhoA                   
0     1       1192  58.203125
1     0        258  12.597656
00100 11110    137   6.689453
10010 01011     88   4.296875
01110 01100     72   3.515625
00001 10111     71   3.466797
11000 11001     49   2.392578
101   110       48   2.343750
011   101       41   2.001953
00101 10110     33   1.611328
01100 11100     23   1.123047
011   100       21   1.025391
100   1         15   0.732422



