                     count        pct
cycle_Actin_BR_norm                  
1                      466  45.507812
0                      346  33.789062
0001                    59   5.761719
10                      49   4.785156
1001                    35   3.417969
1101                    33   3.222656
110                     22   2.148438
01                      14   1.367188



                     count        pct
cycle_Actin_ST_norm                  
1                      392  38.281250
0111                   294  28.710938
0                      233  22.753906
10                      45   4.394531
0001                    25   2.441406
101                     22   2.148438
011111                   6   0.585938
11110                    4   0.390625
00001                    3   0.292969



                   count        pct
cycle_Arp2_3_norm                  
1                    466  45.507812
0                    346  33.789062
0010                  59   5.761719
01                    49   4.785156
0011                  35   3.417969
1011                  33   3.222656
101                   22   2.148438
10                    14   1.367188



               count        pct
cycle_CP_norm                  
0                526  51.367188
1                498  48.632812



                  count        pct
cycle_Cdc42_norm                  
1                   534  52.148438
0                   490  47.851562



                    count        pct
cycle_Cofilin_norm                  
1                     521  50.878906
0                     377  36.816406
10                     55   5.371094
0001                   55   5.371094
01                     16   1.562500



                    count        pct
cycle_Coronin_norm                  
0                     645  62.988281
1000                  221  21.582031
1                      85   8.300781
0111                   70   6.835938
01                      3   0.292969



                      count    pct
cycle_Cortactin_norm              
0                      1024  100.0



                 count        pct
cycle_Dia1_norm                  
0                  529  51.660156
1                  227  22.167969
0011               134  13.085938
1101                75   7.324219
01                  23   2.246094
0001                23   2.246094
01100                7   0.683594
110001               6   0.585938



                 count        pct
cycle_Dia2_norm                  
1                  500  48.828125
1101               462  45.117188
01                  27   2.636719
011                 22   2.148438
01111                7   0.683594
111101               6   0.585938



                     count        pct
cycle_Ena_Vasp_norm                  
1                     1018  99.414062
111110                   6   0.585938



                   count        pct
cycle_IRSp53_norm                  
1                    563  54.980469
0                    422  41.210938
0111                  33   3.222656
111100                 6   0.585938



                 count    pct
cycle_LIMK_norm              
0                 1024  100.0



                count        pct
cycle_PAK_norm                  
1                 985  96.191406
0111               33   3.222656
111100              6   0.585938



                 count        pct
cycle_PIP2_norm                  
1                  526  51.367188
0                  498  48.632812



                count        pct
cycle_PKD_norm                  
1                 450  43.945312
1001              221  21.582031
1110              171  16.699219
0                  85   8.300781
0010               70   6.835938
10                 27   2.636719



                     count        pct
cycle_Profilin_norm                  
1                      621  60.644531
0                      233  22.753906
1110                    91   8.886719
01                      27   2.636719
0010                    25   2.441406
10                      14   1.367188
111110                   6   0.585938
11101                    4   0.390625
00010                    3   0.292969



                 count        pct
cycle_ROCK_norm                  
1                  450  43.945312
0011               221  21.582031
1101               171  16.699219
0                   85   8.300781
0100                70   6.835938
01                  27   2.636719



                  count        pct
cycle_ROCK__norm                  
1                   450  43.945312
1001                221  21.582031
1110                171  16.699219
0                    85   8.300781
0010                 70   6.835938
10                   27   2.636719



                 count        pct
cycle_Rac1_norm                  
0                  450  43.945312
0011               221  21.582031
1000               171  16.699219
1110                70   6.835938
1                   50   4.882812
10                  27   2.636719
110                 22   2.148438
01110                7   0.683594
111001               6   0.585938



                 count        pct
cycle_RhoA_norm                  
1                  450  43.945312
0110               254  24.804688
1011               171  16.699219
0                   50   4.882812
1000                37   3.613281
10                  27   2.636719
100                 22   2.148438
11000                7   0.683594
100011               6   0.585938



                count        pct
cycle_SSH_norm                  
0                 645  62.988281
0001              221  21.582031
1                  85   8.300781
1110               70   6.835938
10                  3   0.292969



                     count        pct
cycle_Thymosin_norm                  
0                      521  50.878906
1                      262  25.585938
01                     202  19.726562
10                      39   3.808594



                 count        pct
cycle_WASP_norm                  
1                  521  50.878906
0                  262  25.585938
01                 202  19.726562
10                  39   3.808594



                 count        pct
cycle_WAVE_norm                  
0                  450  43.945312
1001               221  21.582031
0100               171  16.699219
0111                70   6.835938
1                   50   4.882812
01                  27   2.636719
011                 22   2.148438
00111                7   0.683594
111100               6   0.585938



