                                         count        pct
cycle_Actin_BR_norm cycle_Actin_ST_norm                  
1                   1                      272  26.562500
0                   0                      233  22.753906
1                   0111                   190  18.554688
0                   1                      100   9.765625
1001                0111                    35   3.417969
0001                0111                    34   3.320312
10                  10                      27   2.636719
0001                0001                    25   2.441406
10                  0111                    22   2.148438
110                 101                     22   2.148438
1101                1                       20   1.953125
01                  10                      14   1.367188
1101                0111                    13   1.269531
0                   011111                   6   0.585938
1                   10                       4   0.390625
0                   11110                    4   0.390625
                    00001                    3   0.292969



