          count        pct
ARHGAP22                  
0           595  58.105469
100         239  23.339844
011110      186  18.164062
1             4   0.390625



          count        pct
Actin_BR                  
1           521  50.878906
100         239  23.339844
000010      186  18.164062
011          48   4.687500
101          20   1.953125
0            10   0.976562



          count        pct
Actin_ST                  
1           624  60.937500
001111      146  14.257812
110          91   8.886719
100110       76   7.421875
0            55   5.371094
011111       20   1.953125
110000        8   0.781250
100           4   0.390625



        count        pct
Arp2_3                  
1         521  50.878906
001       239  23.339844
000100    186  18.164062
110        48   4.687500
011        20   1.953125
0          10   0.976562



    count    pct
CP              
0    1024  100.0



       count        pct
Cdc42                  
1        519  50.683594
0        505  49.316406



         count        pct
Cofilin                  
1          399  38.964844
0          355  34.667969
01         125  12.207031
100         91   8.886719
000101      20   1.953125
000100      20   1.953125
011         14   1.367188



         count    pct
Coronin              
0         1024  100.0



           count        pct
Cortactin                  
1            521  50.878906
010          239  23.339844
001000       186  18.164062
101           48   4.687500
110           20   1.953125
0             10   0.976562



        count        pct
Dia1                    
0         595  58.105469
001       239  23.339844
111100    186  18.164062
1           4   0.390625



        count        pct
Dia2                    
1         525  51.269531
011       307  29.980469
111100    186  18.164062
0           6   0.585938



          count        pct
Ena_Vasp                  
1           750  73.242188
110011      105  10.253906
010111       76   7.421875
101111       49   4.785156
10           21   2.050781
010          21   2.050781
0             2   0.195312



              count        pct
IRSp53_Cdc42                  
1               519  50.683594
0               505  49.316406



             count        pct
IRSp53_Rac1                  
1              521  50.878906
010            239  23.339844
001000         186  18.164062
101             48   4.687500
110             20   1.953125
0               10   0.976562



        count        pct
LIMK                    
0         589  57.519531
1         249  24.316406
011111    186  18.164062



        count        pct
NET1                    
0         527  51.464844
110       239  23.339844
111011    186  18.164062
001        48   4.687500
100        20   1.953125
1           4   0.390625



        count        pct
PAK                     
1         527  51.464844
010       239  23.339844
001000    186  18.164062
101        48   4.687500
110        20   1.953125
0           4   0.390625



      count        pct
PIP2                  
0       514  50.195312
1       510  49.804688



        count        pct
PKD                     
0         595  58.105469
100       239  23.339844
011110    186  18.164062
1           4   0.390625



          count        pct
Profilin                  
1           644  62.890625
101         171  16.699219
011110      146  14.257812
0            38   3.710938
100          17   1.660156
100001        8   0.781250



        count        pct
ROCK                    
0         595  58.105469
001       239  23.339844
111100    186  18.164062
1           4   0.390625



        count        pct
ROS                     
1         521  50.878906
010       239  23.339844
001000    186  18.164062
101        48   4.687500
110        20   1.953125
0          10   0.976562



        count        pct
Rac1                    
1         521  50.878906
100       239  23.339844
010000    186  18.164062
011        48   4.687500
101        20   1.953125
0          10   0.976562



        count        pct
RhoA                    
0         595  58.105469
010       239  23.339844
111001    186  18.164062
1           4   0.390625



     count        pct
SSH                  
1      521  50.878906
0      435  42.480469
101     48   4.687500
110     20   1.953125



          count        pct
Thymosin                  
0           588  57.421875
01          271  26.464844
1           165  16.113281



        count        pct
WASP                    
1         497  48.535156
01        251  24.511719
0         165  16.113281
011        91   8.886719
010001     20   1.953125



        count        pct
WAVE                    
1         589  57.519531
011       239  23.339844
001100    186  18.164062
0          10   0.976562



