                   count        pct
Actin_BR Actin_ST                  
1        1           491  47.949219
000010   001111      146  14.257812
100      110          91   8.886719
         100110       76   7.421875
         1            51   4.980469
011      1            47   4.589844
000010   1            32   3.125000
1        0            30   2.929688
101      011111       20   1.953125
100      0            17   1.660156
000010   110000        8   0.781250
0        0             7   0.683594
100      100           4   0.390625
0        1             3   0.292969
011      0             1   0.097656



               count        pct
Rac1   RhoA                    
1      0         521  50.878906
100    010       239  23.339844
010000 111001    186  18.164062
011    0          48   4.687500
101    0          20   1.953125
0      0           6   0.585938
       1           4   0.390625



