          count    pct
ARHGAP22              
0          1024  100.0



          count        pct
Actin_BR                  
1           581  56.738281
011         202  19.726562
010         186  18.164062
0            55   5.371094



          count        pct
Actin_ST                  
1           726  70.898438
011         103  10.058594
010011       78   7.617188
0            75   7.324219
001          41   4.003906
10            1   0.097656



        count        pct
Arp2_3                  
1         581  56.738281
110       202  19.726562
100       186  18.164062
0          55   5.371094



        count        pct
CP                      
1         532  51.953125
0         397  38.769531
10         63   6.152344
010000     22   2.148438
010        10   0.976562



       count        pct
Cdc42                  
0        513  50.097656
1        511  49.902344



         count        pct
Cofilin                  
1          630  61.523438
011        134  13.085938
0          130  12.695312
01          64   6.250000
010000      56   5.468750
100         10   0.976562



         count        pct
Coronin                  
1          839  81.933594
0          178  17.382812
01           7   0.683594



           count        pct
Cortactin                  
1            581  56.738281
101          202  19.726562
001          186  18.164062
0             55   5.371094



      count        pct
Dia1                  
0       935  91.308594
100      89   8.691406



      count        pct
Dia2                  
1       623  60.839844
101     388  37.890625
0        13   1.269531



          count        pct
Ena_Vasp                  
1           817  79.785156
101011       78   7.617188
10           64   6.250000
001          24   2.343750
0            24   2.343750
011          17   1.660156



              count    pct
IRSp53_Cdc42              
0              1024  100.0



             count        pct
IRSp53_Rac1                  
1              581  56.738281
101            202  19.726562
001            186  18.164062
0               55   5.371094



      count        pct
LIMK                  
0       839  81.933594
1       178  17.382812
10        7   0.683594



      count        pct
NET1                  
0       594  58.007812
001     202  19.726562
011     186  18.164062
1        42   4.101562



     count        pct
PAK                  
1      594  58.007812
101    202  19.726562
001    186  18.164062
0       42   4.101562



      count        pct
PIP2                  
0       521  50.878906
1       503  49.121094



     count        pct
PKD                  
0      850  83.007812
010    134  13.085938
1       40   3.906250



          count        pct
Profilin                  
1           830  81.054688
110          78   7.617188
0            64   6.250000
011          41   4.003906
010          10   0.976562
01            1   0.097656



      count        pct
ROCK                  
0       850  83.007812
100     134  13.085938
1        40   3.906250



     count        pct
ROS                  
1      581  56.738281
101    202  19.726562
001    186  18.164062
0       55   5.371094



      count        pct
Rac1                  
1       581  56.738281
011     202  19.726562
010     186  18.164062
0        55   5.371094



      count        pct
RhoA                  
0       796  77.734375
001     186  18.164062
1        42   4.101562



     count        pct
SSH                  
1      839  81.933594
0      178  17.382812
10       7   0.683594



          count        pct
Thymosin                  
0           796  77.734375
01          142  13.867188
1            86   8.398438



        count        pct
WASP                    
1         767  74.902344
0          88   8.593750
01         64   6.250000
000101     56   5.468750
110        27   2.636719
10         22   2.148438



      count        pct
WAVE                  
1       783  76.464844
101     186  18.164062
0        55   5.371094



