          count        pct
Actin_BR                  
1           522  50.976562
011         338  33.007812
100          94   9.179688
010110       67   6.542969
0             3   0.292969



          count        pct
Actin_ST                  
1           565  55.175781
011         132  12.890625
010         126  12.304688
110          74   7.226562
0            60   5.859375
100          35   3.417969
01           32   3.125000



        count        pct
Arp2_3                  
1         522  50.976562
110       338  33.007812
001        94   9.179688
101100     67   6.542969
0           3   0.292969



    count        pct
CP                  
1     519  50.683594
0     505  49.316406



       count        pct
Cdc42                  
0        525  51.269531
1        499  48.730469



         count        pct
Cofilin                  
1          546  53.320312
0          172  16.796875
010100     164  16.015625
10          72   7.031250
011         70   6.835938



         count        pct
Coronin                  
1          845  82.519531
010        112  10.937500
100         67   6.542969



           count        pct
Cortactin                  
1            804  78.515625
110          151  14.746094
101           67   6.542969
0              2   0.195312



      count        pct
Dia1                  
0       949  92.675781
010      75   7.324219



      count        pct
Dia2                  
1       524  51.171875
101     280  27.343750
100     152  14.843750
001      67   6.542969
0         1   0.097656



          count        pct
Ena_Vasp                  
1           833  81.347656
111110      124  12.109375
110          65   6.347656
0             2   0.195312



        count        pct
IRSp53                  
1         625  61.035156
101       179  17.480469
100       151  14.746094
001        67   6.542969
0           2   0.195312



      count        pct
LIMK                  
0       845  82.519531
100     112  10.937500
001      67   6.542969



     count        pct
PAK                  
1      625  61.035156
101    234  22.851562
011    124  12.109375
010     39   3.808594
0        2   0.195312



      count        pct
PIP2                  
0       519  50.683594
1       505  49.316406



     count        pct
PKD                  
0      845  82.519531
010    112  10.937500
100     67   6.542969



          count        pct
Profilin                  
1           711  69.433594
110         132  12.890625
0            60   5.859375
010          54   5.273438
001          35   3.417969
101110       32   3.125000



      count        pct
ROCK                  
0       845  82.519531
100     112  10.937500
001      67   6.542969



      count        pct
Rac1                  
1       522  50.976562
011     280  27.343750
001     152  14.843750
010      67   6.542969
0         3   0.292969



      count        pct
RhoA                  
0       804  78.515625
001     151  14.746094
010      67   6.542969
1         2   0.195312



     count        pct
SSH                  
1      845  82.519531
100    112  10.937500
001     67   6.542969



          count        pct
Thymosin                  
0           641  62.597656
01          199  19.433594
1           112  10.937500
10           72   7.031250



      count        pct
WASP                  
1       639  62.402344
01      199  19.433594
0       114  11.132812
10       72   7.031250



      count        pct
WAVE                  
1       522  50.976562
101     280  27.343750
100     152  14.843750
001      67   6.542969
0         3   0.292969



