          count    pct
ARHGAP22              
0          1024  100.0



          count        pct
Actin_BR                  
1           498  48.632812
100         225  21.972656
0           210  20.507812
011          91   8.886719



          count        pct
Actin_ST                  
1           698  68.164062
0           281  27.441406
110          41   4.003906
10            4   0.390625



        count        pct
Arp2_3                  
1         498  48.632812
001       225  21.972656
0         210  20.507812
110        91   8.886719



    count        pct
CP                  
0     512  50.000000
1     507  49.511719
10      5   0.488281



       count   pct
Cdc42             
1        512  50.0
0        512  50.0



         count        pct
Cofilin                  
1          628  61.328125
011        177  17.285156
0          160  15.625000
01          59   5.761719



         count        pct
Coronin                  
1          825  80.566406
0          149  14.550781
01          50   4.882812



           count        pct
Cortactin                  
1            498  48.632812
010          225  21.972656
0            210  20.507812
101           91   8.886719



      count    pct
Dia1              
0      1024  100.0



      count        pct
Dia2                  
1       498  48.632812
010     225  21.972656
0       210  20.507812
101      91   8.886719



          count        pct
Ena_Vasp                  
1           762  74.414062
0           124  12.109375
101          98   9.570312
10           40   3.906250



              count   pct
IRSp53_Cdc42             
1               512  50.0
0               512  50.0



             count        pct
IRSp53_Rac1                  
1              498  48.632812
010            225  21.972656
0              210  20.507812
101             91   8.886719



      count        pct
LIMK                  
0       998  97.460938
1        14   1.367188
01       12   1.171875



      count    pct
NET1              
0      1024  100.0



     count        pct
PAK                  
1      525  51.269531
010    225  21.972656
0      183  17.871094
101     91   8.886719



      count        pct
PIP2                  
1       517  50.488281
0       507  49.511719



     count    pct
PKD              
0     1024  100.0



          count        pct
Profilin                  
1           739  72.167969
0           183  17.871094
101          98   9.570312
01            4   0.390625



      count    pct
ROCK              
0      1024  100.0



     count        pct
ROS                  
1      498  48.632812
010    225  21.972656
0      210  20.507812
101     91   8.886719



      count        pct
Rac1                  
1       498  48.632812
100     225  21.972656
0       210  20.507812
011      91   8.886719



      count    pct
RhoA              
0      1024  100.0



     count        pct
SSH                  
1      825  80.566406
0      149  14.550781
10      50   4.882812



          count        pct
Thymosin                  
0           828  80.859375
1           112  10.937500
01           84   8.203125



      count        pct
WASP                  
1       721  70.410156
0       144  14.062500
011      98   9.570312
01       61   5.957031



      count        pct
WAVE                  
1       589  57.519531
011     225  21.972656
0       210  20.507812



