                   count        pct
Actin_BR Actin_ST                  
1        1           497  48.535156
0        0           182  17.773438
100      1           127  12.402344
         0            98   9.570312
011      1            50   4.882812
         110          41   4.003906
0        1            24   2.343750
         10            4   0.390625
1        0             1   0.097656



           count        pct
Rac1 RhoA                  
1    0       498  48.632812
100  0       225  21.972656
0    0       210  20.507812
011  0        91   8.886719



