          count       pct
Actin_BR                 
0            31  24.21875
1            28  21.87500
011          28  21.87500
001          18  14.06250
000001       18  14.06250
010           5   3.90625



          count       pct
Actin_ST                 
1            58  45.31250
0            34  26.56250
011          12   9.37500
001           9   7.03125
100111        8   6.25000
010001        4   3.12500
01            2   1.56250
100000        1   0.78125



        count       pct
Arp2_3                 
0          31  24.21875
110        28  21.87500
1          28  21.87500
010        18  14.06250
000010     18  14.06250
100         5   3.90625



        count       pct
CP                     
0          63  49.21875
1          62  48.43750
001         2   1.56250
000001      1   0.78125



       count       pct
Cdc42                 
1         65  50.78125
0         63  49.21875



         count       pct
Cofilin                 
0           51  39.84375
1           50  39.06250
011         21  16.40625
010000       4   3.12500
01           2   1.56250



         count       pct
Coronin                 
1           74  57.81250
0           49  38.28125
01           5   3.90625



           count       pct
Cortactin                 
0             30  23.43750
101           28  21.87500
1             28  21.87500
100           18  14.06250
000100        18  14.06250
001            5   3.90625
000001111      1   0.78125



           count       pct
Dia1                      
0            100  78.12500
011110        18  14.06250
010            8   6.25000
1              1   0.78125
000111100      1   0.78125



           count       pct
Dia2                      
1             47  36.71875
101           45  35.15625
011110        18  14.06250
0             11   8.59375
001            6   4.68750
000111111      1   0.78125



          count       pct
Ena_Vasp                 
1           102  79.68750
110111        8   6.25000
101011        5   3.90625
011           5   3.90625
100111        4   3.12500
100           2   1.56250
0             2   1.56250



              count       pct
IRSp53_Cdc42                 
1                65  50.78125
0                63  49.21875



             count       pct
IRSp53_Rac1                 
0               30  23.43750
101             28  21.87500
1               28  21.87500
100             18  14.06250
000100          18  14.06250
001              5   3.90625
000001111        1   0.78125



        count       pct
LIMK                   
0          74  57.81250
1          31  24.21875
101111     18  14.06250
10          5   3.90625



           count       pct
NET1                      
1             66  51.56250
0             19  14.84375
000010        18  14.06250
010           12   9.37500
110            7   5.46875
100            5   3.90625
100000111      1   0.78125



           count       pct
PAK                       
1             66  51.56250
0             19  14.84375
000100        18  14.06250
100           12   9.37500
101            7   5.46875
001            5   3.90625
000001111      1   0.78125



      count      pct
PIP2                
1        66  51.5625
0        62  48.4375



        count       pct
PKD                    
0          83  64.84375
1          18  14.06250
001111     18  14.06250
010         5   3.90625
001         4   3.12500



          count       pct
Profilin                 
1            74  57.81250
0            34  26.56250
001111        8   6.25000
011           5   3.90625
100010        4   3.12500
10            2   1.56250
001           1   0.78125



        count       pct
ROCK                   
0          83  64.84375
1          18  14.06250
011110     18  14.06250
100         5   3.90625
010         4   3.12500



        count       pct
ROCK_                  
0          83  64.84375
1          18  14.06250
001111     18  14.06250
010         5   3.90625
001         4   3.12500



           count       pct
ROS                       
0             30  23.43750
101           28  21.87500
1             28  21.87500
100           18  14.06250
000100        18  14.06250
001            5   3.90625
000001111      1   0.78125



           count       pct
Rac1                      
0             30  23.43750
1             28  21.87500
011           28  21.87500
001000        18  14.06250
001           18  14.06250
010            5   3.90625
000011110      1   0.78125



           count       pct
RhoA                      
0             73  57.03125
1             19  14.84375
111100        18  14.06250
100           12   9.37500
001            5   3.90625
001111000      1   0.78125



     count       pct
SSH                 
1       74  57.81250
0       49  38.28125
10       5   3.90625



          count       pct
Thymosin                 
0            79  61.71875
1            30  23.43750
10           13  10.15625
01            6   4.68750



        count       pct
WASP                   
1          73  57.03125
0          31  24.21875
10          9   7.03125
01          6   4.68750
110         5   3.90625
000101      4   3.12500



      count    pct
WAVE              
0       128  100.0



