          count        pct
ARHGAP22                  
0           606  59.179688
1           155  15.136719
011          87   8.496094
111110       83   8.105469
101110       51   4.980469
100          29   2.832031
101100       11   1.074219
10            1   0.097656
0100          1   0.097656



          count        pct
Actin_BR                  
101         273  26.660156
0           233  22.753906
1           170  16.601562
100         154  15.039062
000100       83   8.105469
000101       51   4.980469
010          47   4.589844
001101       11   1.074219
01            1   0.097656
0010          1   0.097656



          count        pct
Actin_ST                  
1           446  43.554688
0           266  25.976562
011         180  17.578125
011111       38   3.710938
001          36   3.515625
010001       25   2.441406
000111       15   1.464844
010111       12   1.171875
10            6   0.585938



        count        pct
Arp2_3                  
011       273  26.660156
0         233  22.753906
1         170  16.601562
001       154  15.039062
001000     83   8.105469
001010     51   4.980469
100        47   4.589844
011010     11   1.074219
10          1   0.097656
0100        1   0.097656



        count        pct
CP                      
1         509  49.707031
0         488  47.656250
000100     26   2.539062
01          1   0.097656



       count       pct
Cdc42                 
0        520  50.78125
1        504  49.21875



         count        pct
Cofilin                  
0          390  38.085938
1          354  34.570312
110        188  18.359375
010         40   3.906250
010000      36   3.515625
10          15   1.464844
0010         1   0.097656



         count        pct
Coronin                  
1          558  54.492188
0          403  39.355469
110         29   2.832031
01          22   2.148438
010100      11   1.074219
1110         1   0.097656



            count        pct
Cortactin                   
110           273  26.660156
0             227  22.167969
1             170  16.601562
010           154  15.039062
010000         83   8.105469
010100         51   4.980469
001            47   4.589844
110100         11   1.074219
1001101100      5   0.488281
1000            1   0.097656
01              1   0.097656
0001011101      1   0.097656



            count        pct
Dia1                        
0             775  75.683594
111101         83   8.105469
100            54   5.273438
011101         51   4.980469
101            22   2.148438
110            16   1.562500
011001         11   1.074219
0110110010      5   0.488281
1               4   0.390625
10              1   0.097656
0101110100      1   0.097656
01              1   0.097656



            count        pct
Dia2                        
1             532  51.953125
110           222  21.679688
111101         94   9.179688
0              62   6.054688
010            55   5.371094
011101         51   4.980469
1111111110      5   0.488281
10              1   0.097656
0101111101      1   0.097656
01              1   0.097656



          count        pct
Ena_Vasp                  
1           854  83.398438
101111       77   7.519531
011          49   4.785156
010111       26   2.539062
0            16   1.562500
0111          1   0.097656
01            1   0.097656



              count       pct
IRSp53_Cdc42                 
0               520  50.78125
1               504  49.21875



             count        pct
IRSp53_Rac1                  
110            289  28.222656
0              227  22.167969
1              170  16.601562
010            138  13.476562
010000          83   8.105469
010100          51   4.980469
001             47   4.589844
110100          11   1.074219
1001101100       5   0.488281
10               1   0.097656
01               1   0.097656
0001011101       1   0.097656



      count        pct
LIMK                  
0       571  55.761719
1       403  39.355469
10       33   3.222656
010      16   1.562500
0001      1   0.097656



            count        pct
NET1                        
0             509  49.707031
1             165  16.113281
110111         83   8.105469
101            83   8.105469
001            67   6.542969
110101         51   4.980469
011            47   4.589844
100101         11   1.074219
1011001001      5   0.488281
10              1   0.097656
0111010001      1   0.097656
01              1   0.097656



            count        pct
PAK                         
1             509  49.707031
0             165  16.113281
100            83   8.105469
010000         83   8.105469
101            67   6.542969
010100         51   4.980469
001            47   4.589844
110100         11   1.074219
1001101100      5   0.488281
10              1   0.097656
01              1   0.097656
0001011101      1   0.097656



      count        pct
PIP2                  
1       515  50.292969
0       509  49.707031



        count        pct
PKD                     
0         606  59.179688
1         155  15.136719
011        87   8.496094
111110     83   8.105469
101110     51   4.980469
100        29   2.832031
101100     11   1.074219
10          1   0.097656
0100        1   0.097656



          count        pct
Profilin                  
1           573  55.957031
0           265  25.878906
011          67   6.542969
111110       38   3.710938
101110       27   2.636719
100010       25   2.441406
110          22   2.148438
01            7   0.683594



        count        pct
ROCK                    
0         606  59.179688
1         155  15.136719
110        87   8.496094
111101     83   8.105469
011101     51   4.980469
001        29   2.832031
011001     11   1.074219
1000        1   0.097656
01          1   0.097656



     count    pct
ROS              
0     1024  100.0



            count        pct
Rac1                        
101           289  28.222656
0             227  22.167969
1             170  16.601562
100           138  13.476562
100000         83   8.105469
101000         51   4.980469
010            47   4.589844
101001         11   1.074219
0011011001      5   0.488281
10              1   0.097656
01              1   0.097656
0010111010      1   0.097656



            count        pct
RhoA                        
0             509  49.707031
1             165  16.113281
111011         83   8.105469
110            83   8.105469
100            67   6.542969
111010         51   4.980469
101            47   4.589844
110010         11   1.074219
1101100100      5   0.488281
1011101000      1   0.097656
10              1   0.097656
01              1   0.097656



        count        pct
SSH                     
1         558  54.492188
0         403  39.355469
101        29   2.832031
10         22   2.148438
101000     11   1.074219
1101        1   0.097656



          count        pct
Thymosin                  
0           648  63.281250
1           235  22.949219
01          140  13.671875
10            1   0.097656



        count        pct
WASP                    
1         571  55.761719
0         245  23.925781
01        115  11.230469
110        67   6.542969
000101     25   2.441406
10          1   0.097656



      count    pct
WAVE              
0      1024  100.0



