                                         count   pct
cycle_Actin_BR_norm cycle_Actin_ST_norm             
1                   1                      524  52.4
011                 110                    121  12.1
01                  1                       94   9.4
0                   1                       90   9.0
                    0                       86   8.6
01                  01                      43   4.3
1000                1011                    20   2.0
01                  1011                    13   1.3
1000                0010                     6   0.6
0                   01                       2   0.2
1                   0                        1   0.1



