                    count        pct
Actin_BR Actin_ST                   
0        1            960  93.750000
         111111101     30   2.929688
                       15   1.464844
0        110111         7   0.683594
         110            7   0.683594
         111100000      5   0.488281



                     count        pct
Rac1      RhoA                       
0         1            930  90.820312
011111000 111100001     58   5.664062
110       011           21   2.050781
                        15   1.464844



