                                         count        pct
cycle_Actin_BR_norm cycle_Actin_ST_norm                  
0                   0                      298  29.101562
1                   1                      203  19.824219
0                   1                      133  12.988281
1                   0                      112  10.937500
01                  01                      50   4.882812
1                   0001                    40   3.906250
1011                1101                    40   3.906250
1001                1101                    39   3.808594
01                  1101                    22   2.148438
0001                0001                    17   1.660156
1011                01                      16   1.562500
0001                1101                    16   1.562500
1001                0001                    12   1.171875
                    01                      11   1.074219
1011                0001                     6   0.585938
1                   01                       6   0.585938
1001                1001                     3   0.292969



