          count    pct
ARHGAP22              
0          1024  100.0



          count        pct
Actin_BR                  
1           316  30.859375
011         206  20.117188
001         185  18.066406
010         149  14.550781
0           125  12.207031
101          43   4.199219



           count        pct
Actin_ST                   
1            261  25.488281
0            207  20.214844
001          158  15.429688
010110       117  11.425781
010000        94   9.179688
000001110     88   8.593750
010           57   5.566406
101111        32   3.125000
101            8   0.781250
01             2   0.195312



        count        pct
Arp2_3                  
1         316  30.859375
110       206  20.117188
010       185  18.066406
100       149  14.550781
0         125  12.207031
011        43   4.199219



        count        pct
CP                      
0         425  41.503906
001       178  17.382812
1         140  13.671875
011       127  12.402344
000010     79   7.714844
101000     42   4.101562
10         33   3.222656



       count        pct
Cdc42                  
0        539  52.636719
1        485  47.363281



         count    pct
Cofilin              
0         1024  100.0



         count        pct
Coronin                  
1         1009  98.535156
10           9   0.878906
0            6   0.585938



           count        pct
Cortactin                  
1            316  30.859375
101          206  20.117188
100          185  18.066406
001          149  14.550781
000001111     88   8.593750
110           43   4.199219
0             37   3.613281



           count        pct
Dia1                       
0            697  68.066406
010          160  15.625000
000111100     88   8.593750
100           79   7.714844



           count        pct
Dia2                       
1            485  47.363281
0            212  20.703125
010          160  15.625000
000111100     88   8.593750
100           79   7.714844



          count        pct
Ena_Vasp                  
1           602  58.789062
10          211  20.605469
0           211  20.605469



              count        pct
IRSp53_Cdc42                  
0               539  52.636719
1               485  47.363281



             count        pct
IRSp53_Rac1                  
1              316  30.859375
101            206  20.117188
100            185  18.066406
001            149  14.550781
000001111       88   8.593750
110             43   4.199219
0               37   3.613281



      count        pct
LIMK                  
0      1009  98.535156
01        9   0.878906
1         6   0.585938



           count        pct
NET1                       
0            560  54.687500
101          160  15.625000
001           94   9.179688
011111000     88   8.593750
011           79   7.714844
100           43   4.199219



           count        pct
PAK                        
1            560  54.687500
100          160  15.625000
101           94   9.179688
000001111     88   8.593750
001           79   7.714844
110           43   4.199219



      count        pct
PIP2                  
0       516  50.390625
1       508  49.609375



     count    pct
PKD              
0     1024  100.0



           count        pct
Profilin                   
1            603  58.886719
111110       149  14.550781
011          148  14.453125
110011111     88   8.593750
0             34   3.320312
10             2   0.195312



      count    pct
ROCK              
0      1024  100.0



           count        pct
ROS                        
1            316  30.859375
101          206  20.117188
100          185  18.066406
001          149  14.550781
000001111     88   8.593750
110           43   4.199219
0             37   3.613281



           count        pct
Rac1                       
1            316  30.859375
011          206  20.117188
001          185  18.066406
010          149  14.550781
000011110     88   8.593750
101           43   4.199219
0             37   3.613281



           count        pct
RhoA                       
0            697  68.066406
100          160  15.625000
001111000     88   8.593750
001           79   7.714844



     count        pct
SSH                  
1     1009  98.535156
01       9   0.878906
0        6   0.585938



          count        pct
Thymosin                  
01          355  34.667969
0           320  31.250000
1           270  26.367188
10           79   7.714844



      count        pct
WASP                  
01      355  34.667969
1       320  31.250000
0       270  26.367188
10       79   7.714844



           count        pct
WAVE                       
1            565  55.175781
110          185  18.066406
101          149  14.550781
100001111     88   8.593750
0             37   3.613281



