                                         count        pct
cycle_Actin_BR_norm cycle_Actin_ST_norm                  
1                   1                      309  30.175781
0                   0                      246  24.023438
                    1                      123  12.011719
0110                1110                    76   7.421875
1101                1110                    76   7.421875
0100                0100                    40   3.906250
01                  01                      36   3.515625
1101                1                       26   2.539062
0100                1110                    18   1.757812
                    1001                    16   1.562500
011                 111011                  12   1.171875
10                  10                      11   1.074219
01                  1110                     9   0.878906
011                 1                        8   0.781250
001000              001111                   8   0.781250
10                  1110                     5   0.488281
01011               01000                    3   0.292969
010                 011                      2   0.195312



