          count        pct
ARHGAP22                  
0          1018  99.414062
              6   0.585938



          count        pct
Actin_BR                  
110         537  52.441406
1           452  44.140625
0            26   2.539062
              6   0.585938
100           3   0.292969



           count        pct
Actin_ST                   
100          391  38.183594
0            295  28.808594
1            227  22.167969
111110        62   6.054688
000001111     24   2.343750
110           19   1.855469
               6   0.585938



        count        pct
Arp2_3                  
101       537  52.441406
1         452  44.140625
0          26   2.539062
            6   0.585938
001         3   0.292969



        count        pct
CP                      
110       391  38.183594
0         256  25.000000
10        161  15.722656
1         134  13.085938
000010     59   5.761719
010        17   1.660156
            6   0.585938



       count        pct
Cdc42                  
0       1018  99.414062
           6   0.585938



         count        pct
Cofilin                  
1          391  38.183594
010        197  19.238281
01         161  15.722656
0          155  15.136719
010000      83   8.105469
011         31   3.027344
             6   0.585938



         count        pct
Coronin                  
1          591  57.714844
0          406  39.648438
110         18   1.757812
             6   0.585938
011          3   0.292969



           count        pct
Cortactin                  
011          521  50.878906
1            452  44.140625
100001111     24   2.343750
100           18   1.757812
               6   0.585938
010            3   0.292969



           count        pct
Dia1                       
0            452  44.140625
100          408  39.843750
110           72   7.031250
101100        59   5.761719
000111110     24   2.343750
               6   0.585938
101            3   0.292969



           count        pct
Dia2                       
101          542  52.929688
0            452  44.140625
000111110     24   2.343750
               6   0.585938



          count        pct
Ena_Vasp                  
1           647  63.183594
10          161  15.722656
111011      139  13.574219
011          42   4.101562
0            24   2.343750
              6   0.585938
101011        3   0.292969
010           2   0.195312



              count        pct
IRSp53_Cdc42                  
0              1018  99.414062
                  6   0.585938



             count        pct
IRSp53_Rac1                  
011            542  52.929688
1              452  44.140625
100001111       24   2.343750
                 6   0.585938



      count        pct
LIMK                  
0       591  57.714844
1       406  39.648438
001      18   1.757812
          6   0.585938
100       3   0.292969



           count        pct
NET1                       
010          542  52.929688
0            452  44.140625
001111000     24   2.343750
               6   0.585938



           count        pct
PAK                        
011          542  52.929688
1            452  44.140625
100001111     24   2.343750
               6   0.585938



      count        pct
PIP2                  
0       525  51.269531
1       493  48.144531
          6   0.585938



     count        pct
PKD                  
0      591  57.714844
110    406  39.648438
100     18   1.757812
         6   0.585938
010      3   0.292969



           count        pct
Profilin                   
1            994  97.070312
111011111     24   2.343750
               6   0.585938



      count        pct
ROCK                  
0       591  57.714844
101     406  39.648438
001      18   1.757812
          6   0.585938
100       3   0.292969



           count        pct
ROS                        
011          542  52.929688
1            452  44.140625
100001111     24   2.343750
               6   0.585938



           count        pct
Rac1                       
110          542  52.929688
1            452  44.140625
000011111     24   2.343750
               6   0.585938



           count        pct
RhoA                       
011          542  52.929688
0            452  44.140625
001111100     24   2.343750
               6   0.585938



     count        pct
SSH                  
1      591  57.714844
0      406  39.648438
101     18   1.757812
         6   0.585938
110      3   0.292969



          count        pct
Thymosin                  
0           658  64.257812
01          303  29.589844
1            57   5.566406
              6   0.585938



      count        pct
WASP                  
1       647  63.183594
01      303  29.589844
0        57   5.566406
101      11   1.074219
          6   0.585938



           count        pct
WAVE                       
1            994  97.070312
110001111     24   2.343750
               6   0.585938



