          count        pct
Actin_BR                  
0           575  56.152344
101         180  17.578125
1           146  14.257812
011001       49   4.785156
01           47   4.589844
001          26   2.539062
000010        1   0.097656



          count        pct
Actin_ST                  
1           464  45.312500
0           312  30.468750
110         151  14.746094
011          49   4.785156
01           47   4.589844
111000        1   0.097656



        count        pct
Arp2_3                  
0         575  56.152344
011       180  17.578125
1         146  14.257812
110010     49   4.785156
10         47   4.589844
010        26   2.539062
000100      1   0.097656



    count        pct
CP                  
1     513  50.097656
0     507  49.511719
10      4   0.390625



       count        pct
Cdc42                  
0        521  50.878906
1        503  49.121094



         count        pct
Cofilin                  
0          606  59.179688
1          154  15.039062
101        129  12.597656
01          52   5.078125
000001      50   4.882812
100         33   3.222656



         count        pct
Coronin                  
0          690  67.382812
010        185  18.066406
1          115  11.230469
011         34   3.320312



           count        pct
Cortactin                  
0            698  68.164062
100          203  19.824219
1             63   6.152344
110           52   5.078125
10             4   0.390625
1000111        3   0.292969
111001         1   0.097656



         count        pct
Dia1                     
0          565  55.175781
1          347  33.886719
101         49   4.785156
110         41   4.003906
100         14   1.367188
10           4   0.390625
0011110      3   0.292969
100011       1   0.097656



         count        pct
Dia2                     
1          767  74.902344
110        200  19.531250
101         49   4.785156
10           4   0.390625
1011111      3   0.292969
111011       1   0.097656



          count        pct
Ena_Vasp                  
1          1002  97.851562
0            11   1.074219
011           6   0.585938
10            4   0.390625
01            1   0.097656



              count        pct
IRSp53_Cdc42                  
0               521  50.878906
1               503  49.121094



             count        pct
IRSp53_Rac1                  
0              698  68.164062
100            203  19.824219
1               63   6.152344
110             52   5.078125
10               4   0.390625
1000111          3   0.292969
111001           1   0.097656



      count        pct
LIMK                  
1       690  67.382812
101     185  18.066406
0       115  11.230469
100      34   3.320312



         count        pct
PAK                      
1          532  51.953125
0          473  46.191406
110          9   0.878906
100          6   0.585938
1000111      3   0.292969
111001       1   0.097656



      count        pct
PIP2                  
0       513  50.097656
1       511  49.902344



     count        pct
PKD                  
1      690  67.382812
110    185  18.066406
0      115  11.230469
010     34   3.320312



          count        pct
Profilin                  
1           609  59.472656
0           312  30.468750
110          49   4.785156
10           47   4.589844
011           6   0.585938
110001        1   0.097656



      count        pct
ROCK                  
1       690  67.382812
101     185  18.066406
0       115  11.230469
100      34   3.320312



         count        pct
Rac1                     
0          698  68.164062
001        203  19.824219
1           63   6.152344
101         52   5.078125
01           4   0.390625
0001111      3   0.292969
110011       1   0.097656



         count        pct
RhoA                     
1          704  68.750000
011        206  20.117188
0           63   6.152344
001         43   4.199219
01           4   0.390625
0111100      3   0.292969
000111       1   0.097656



     count        pct
SSH                  
0      690  67.382812
100    185  18.066406
1      115  11.230469
110     34   3.320312



          count        pct
Thymosin                  
0           442  43.164062
1           299  29.199219
01          283  27.636719



      count        pct
WASP                  
1       428  41.796875
0       307  29.980469
01      283  27.636719
110       6   0.585938



      count    pct
WAVE              
0      1024  100.0



