                    count        pct
Actin_BR Actin_ST                   
0        1            372  36.328125
         10           169  16.503906
         011110       124  12.109375
         100111111    105  10.253906
                       59   5.761719
0        0             57   5.566406
         010111        44   4.296875
         011           33   3.222656
         111101        21   2.050781
         000111000     19   1.855469
         000111        17   1.660156
         001            4   0.390625



                     count        pct
Rac1      RhoA                       
0         0            509  49.707031
100000    110011       230  22.460938
001111000 111100000    164  16.015625
                        59   5.761719
010       001           41   4.003906
001       100           16   1.562500
0         1              5   0.488281



