          count        pct
ARHGAP22                  
1           542  52.929688
11011       290  28.320312
01011        95   9.277344
0            86   8.398438
              9   0.878906
100           2   0.195312



          count        pct
Actin_BR                  
0          1015  99.121094
              9   0.878906



            count        pct
Actin_ST                    
1             761  74.316406
1111111101    185  18.066406
01111          34   3.320312
011111111      19   1.855469
                9   0.878906
11111110        7   0.683594
101111          5   0.488281
000111100       4   0.390625



        count        pct
Arp2_3                  
0        1015  99.121094
            9   0.878906



    count        pct
CP                  
0    1015  99.121094
        9   0.878906



       count        pct
Cdc42                  
0        513  50.097656
1        502  49.023438
           9   0.878906



           count        pct
Cofilin                    
0            934  91.210938
1             48   4.687500
100000111     10   0.976562
10000010       9   0.878906
               9   0.878906
01101001       8   0.781250
100000         3   0.292969
01111000       3   0.292969



         count        pct
Coronin                  
0          927  90.527344
1           86   8.398438
             9   0.878906
110          2   0.195312



           count        pct
Cortactin                  
0            542  52.929688
00001        290  28.320312
00101         95   9.277344
111110000     33   3.222656
10110100      30   2.929688
00111100      16   1.562500
               9   0.878906
101            4   0.390625
110            3   0.292969
100            2   0.195312



           count        pct
Dia1                       
1            542  52.929688
10111        290  28.320312
10110         95   9.277344
111000011     33   3.222656
11010010      30   2.929688
11110000      16   1.562500
               9   0.878906
011            5   0.488281
110            4   0.390625



           count        pct
Dia2                       
1            973  95.019531
111000011     33   3.222656
               9   0.878906
011            5   0.488281
110            4   0.390625



            count        pct
Ena_Vasp                    
1             758  74.023438
1110111111    143  13.964844
1010111111     42   4.101562
01111          28   2.734375
001111110      19   1.855469
01             12   1.171875
                9   0.878906
10101           6   0.585938
0               5   0.488281
111010          2   0.195312



              count        pct
IRSp53_Cdc42                  
0              1015  99.121094
                  9   0.878906



             count        pct
IRSp53_Rac1                  
0              542  52.929688
00001          290  28.320312
00101           95   9.277344
111110000       33   3.222656
10110100        30   2.929688
00111100        16   1.562500
                 9   0.878906
110              5   0.488281
101              4   0.390625



      count        pct
LIMK                  
1       927  90.527344
0        86   8.398438
          9   0.878906
001       2   0.195312



           count        pct
NET1                       
0            502  49.023438
1            471  45.996094
100000111     33   3.222656
               9   0.878906
100            5   0.488281
001            4   0.390625



           count        pct
PAK                        
1            502  49.023438
0            471  45.996094
111110000     33   3.222656
               9   0.878906
110            5   0.488281
101            4   0.390625



      count        pct
PIP2                  
0       520  50.781250
1       495  48.339844
          9   0.878906



       count        pct
PKD                    
1        542  52.929688
11011    290  28.320312
01011     95   9.277344
0         86   8.398438
           9   0.878906
100        2   0.195312



            count        pct
Profilin                    
1             766  74.804688
1111111011    185  18.066406
11110          34   3.320312
111111110      23   2.246094
                9   0.878906
11111101        7   0.683594



       count        pct
ROCK                   
1        542  52.929688
10111    290  28.320312
10110     95   9.277344
0         86   8.398438
           9   0.878906
001        2   0.195312



           count        pct
ROS                        
0            542  52.929688
00001        290  28.320312
00101         95   9.277344
111110000     33   3.222656
10110100      30   2.929688
00111100      16   1.562500
               9   0.878906
110            5   0.488281
101            4   0.390625



           count        pct
Rac1                       
0            542  52.929688
00010        290  28.320312
01010         95   9.277344
111100001     33   3.222656
01101001      30   2.929688
01111000      16   1.562500
               9   0.878906
101            5   0.488281
011            4   0.390625



           count        pct
RhoA                       
1            542  52.929688
01111        290  28.320312
01101         95   9.277344
110000111     33   3.222656
10100101      30   2.929688
11100001      16   1.562500
               9   0.878906
110            5   0.488281
101            4   0.390625



     count        pct
SSH                  
0      927  90.527344
1       86   8.398438
         9   0.878906
101      2   0.195312



          count        pct
Thymosin                  
0           367  35.839844
1           317  30.957031
01          185  18.066406
10          146  14.257812
              9   0.878906



           count        pct
WASP                       
1            348  33.984375
0            317  30.957031
01           185  18.066406
10           146  14.257812
011111100     19   1.855469
               9   0.878906



           count        pct
WAVE                       
0            542  52.929688
10001        290  28.320312
10111         95   9.277344
111111000     33   3.222656
11111110      30   2.929688
00111110      16   1.562500
1              9   0.878906
               9   0.878906



