                     count        pct
Actin_BR   Actin_ST                  
0          0           468  45.703125
1          0           294  28.710938
01         0           106  10.351562
101        0            52   5.078125
0111111111 0            38   3.710938
1110111010 0            34   3.320312
00011      0            11   1.074219
11011      0             7   0.683594
100        0             6   0.585938
1110111110 0             3   0.292969
10011      0             3   0.292969
1101       0             2   0.195312



             count        pct
Rac1  RhoA                   
0     1        588  57.421875
1     0        131  12.792969
00010 01111     73   7.128906
01010 01101     45   4.394531
00100 11110     34   3.320312
11001 10001     27   2.636719
110   011       27   2.636719
101   110       26   2.539062
10010 01011     26   2.539062
11000 11001     25   2.441406
01110 01100     12   1.171875
110   100        5   0.488281
00110 01110      3   0.292969
1100  1100       2   0.195312



