          count    pct
ARHGAP22              
0          2048  100.0



          count        pct
Actin_BR                  
1           988  48.242188
001         481  23.486328
0           368  17.968750
101         211  10.302734



          count        pct
Actin_ST                  
1          1499  73.193359
0           315  15.380859
101         226  11.035156
01            8   0.390625



        count        pct
Arp2_3                  
1         988  48.242188
010       481  23.486328
0         368  17.968750
011       211  10.302734



    count        pct
CP                  
0    1036  50.585938
1    1007  49.169922
10      5   0.244141



       count        pct
Cdc42                  
0       1039  50.732422
1       1009  49.267578



         count        pct
Cofilin                  
1         1291  63.037109
101        365  17.822266
0          250  12.207031
01         142   6.933594



         count        pct
Coronin                  
1         1716  83.789062
0          204   9.960938
10         128   6.250000



           count        pct
Cortactin                  
1            988  48.242188
100          481  23.486328
0            368  17.968750
110          211  10.302734



      count    pct
Dia1              
0      2048  100.0



      count    pct
Dia2              
1      2048  100.0



          count        pct
Ena_Vasp                  
1          1547  75.537109
011         226  11.035156
0           189   9.228516
10           86   4.199219



              count        pct
IRSp53_Cdc42                  
0              1039  50.732422
1              1009  49.267578



             count        pct
IRSp53_Rac1                  
1              988  48.242188
100            481  23.486328
0              368  17.968750
110            211  10.302734



      count        pct
LIMK                  
0      2001  97.705078
1        24   1.171875
10       23   1.123047



      count        pct
NET1                  
0      1047  51.123047
101     481  23.486328
1       309  15.087891
100     211  10.302734



     count        pct
PAK                  
1     1047  51.123047
100    481  23.486328
0      309  15.087891
110    211  10.302734



      count        pct
PIP2                  
1      1042  50.878906
0      1006  49.121094



     count    pct
PKD              
0     2048  100.0



          count        pct
Profilin                  
1          1499  73.193359
0           315  15.380859
011         226  11.035156
10            8   0.390625



      count    pct
ROCK              
0      2048  100.0



     count        pct
ROS                  
1      988  48.242188
100    481  23.486328
0      368  17.968750
110    211  10.302734



      count        pct
Rac1                  
1       988  48.242188
001     481  23.486328
0       368  17.968750
101     211  10.302734



      count        pct
RhoA                  
0       988  48.242188
1       849  41.455078
110     211  10.302734



     count        pct
SSH                  
1     1716  83.789062
0      204   9.960938
01     128   6.250000



          count        pct
Thymosin                  
0          1693  82.666016
01          204   9.960938
1           151   7.373047



      count        pct
WASP                  
1      1451  70.849609
110     226  11.035156
0       220  10.742188
01      151   7.373047



      count        pct
WAVE                  
1      1199  58.544922
110     481  23.486328
0       368  17.968750



