          count    pct
ARHGAP22              
0          2048  100.0



          count        pct
Actin_BR                  
1          1345  65.673828
101         225  10.986328
110         160   7.812500
001         130   6.347656
010          95   4.638672
0            93   4.541016



          count        pct
Actin_ST                  
1          1602  78.222656
0           173   8.447266
101         130   6.347656
011          95   4.638672
100          48   2.343750



        count        pct
Arp2_3                  
1        1345  65.673828
011       225  10.986328
101       160   7.812500
010       130   6.347656
100        95   4.638672
0          93   4.541016



        count        pct
CP                      
1        1062  51.855469
0         689  33.642578
01        187   9.130859
001000     72   3.515625
001        38   1.855469



       count        pct
Cdc42                  
0       1059  51.708984
1        989  48.291016



         count        pct
Cofilin                  
0         1704  83.203125
010000     183   8.935547
010        161   7.861328



         count    pct
Coronin              
0         2048  100.0



           count        pct
Cortactin                  
1           1345  65.673828
110          225  10.986328
011          160   7.812500
100          130   6.347656
001           95   4.638672
0             93   4.541016



        count        pct
Dia1                    
0        1863  90.966797
110010     72   3.515625
110        65   3.173828
010        48   2.343750



      count        pct
Dia2                  
1      2007  97.998047
101      41   2.001953



          count        pct
Ena_Vasp                  
1          1598  78.027344
01          207  10.107422
111011      160   7.812500
110          47   2.294922
0            36   1.757812



              count        pct
IRSp53_Cdc42                  
0              1059  51.708984
1               989  48.291016



             count        pct
IRSp53_Rac1                  
1             1345  65.673828
110            225  10.986328
011            160   7.812500
100            130   6.347656
001             95   4.638672
0               93   4.541016



      count    pct
LIMK              
1      2048  100.0



      count        pct
NET1                  
0      1398  68.261719
100     206  10.058594
010     160   7.812500
101     108   5.273438
011      95   4.638672
1        81   3.955078



     count        pct
PAK                  
1     1398  68.261719
110    206  10.058594
011    160   7.812500
100    108   5.273438
001     95   4.638672
0       81   3.955078



      count        pct
PIP2                  
0      1028  50.195312
1      1020  49.804688



     count        pct
PKD                  
0     1345  65.673828
1      296  14.453125
101    228  11.132812
110    160   7.812500
100     19   0.927734



          count        pct
Profilin                  
1          1602  78.222656
0           173   8.447266
011         130   6.347656
110          95   4.638672
001          48   2.343750



      count        pct
ROCK                  
0      1345  65.673828
1       296  14.453125
011     228  11.132812
101     160   7.812500
001      19   0.927734



     count        pct
ROS                  
1     1345  65.673828
110    225  10.986328
011    160   7.812500
100    130   6.347656
001     95   4.638672
0       93   4.541016



      count        pct
Rac1                  
1      1345  65.673828
101     225  10.986328
110     160   7.812500
001     130   6.347656
010      95   4.638672
0        93   4.541016



      count        pct
RhoA                  
0      1345  65.673828
1       296  14.453125
110     228  11.132812
011     160   7.812500
010      19   0.927734



     count    pct
SSH              
0     2048  100.0



          count        pct
Thymosin                  
0           862  42.089844
10          625  30.517578
1           306  14.941406
01          255  12.451172



        count        pct
WASP                    
1         795  38.818359
10        625  30.517578
0         306  14.941406
01        160   7.812500
000101     95   4.638672
011        67   3.271484



      count        pct
WAVE                  
1      1730  84.472656
110     130   6.347656
101      95   4.638672
0        93   4.541016



