                    count        pct
Actin_BR Actin_ST                   
1        0            269  26.269531
         1            171  16.699219
100      010          142  13.867188
0        10            82   8.007812
100      1             74   7.226562
011      010           70   6.835938
0        111110000     53   5.175781
011      1             42   4.101562
                       36   3.515625
001      011001        33   3.222656
0        0             29   2.832031
010000   010111        12   1.171875
0        1              5   0.488281
         000001110      5   0.488281
         010            1   0.097656



                     count        pct
Rac1      RhoA                       
1         0            440  42.968750
100       010          217  21.191406
0         0            116  11.328125
011       0            112  10.937500
111000001 100000111     58   5.664062
001       100           45   4.394531
                        36   3.515625



