                     count        pct
Actin_BR   Actin_ST                  
0          0           530  25.878906
1          1           521  25.439453
0          1           412  20.117188
1          11011       163   7.958984
0011010110 11110        94   4.589844
1          01110        69   3.369141
110        1            60   2.929688
11011      11110        45   2.197266
10         10           42   2.050781
00010      00011        32   1.562500
1011110011 11110        29   1.416016
100        110          22   1.074219
11010      01011         9   0.439453
100        1             9   0.439453
110        110           8   0.390625
0          110           2   0.097656
                         1   0.048828



             count        pct
Rac1  RhoA                   
0     1       1111  54.248047
1     0        241  11.767578
00100 11110    228  11.132812
11000 11001    106   5.175781
00001 10111     94   4.589844
01010 01101     85   4.150391
110   011       79   3.857422
10100 11010     45   2.197266
01110 01100     36   1.757812
100   1         22   1.074219
                 1   0.048828



