                       count        pct
Actin_BR   Actin_ST                    
0          0             552  26.953125
1          1             269  13.134766
           01111         246  12.011719
01000      11110         127   6.201172
01         01            122   5.957031
00101      1             111   5.419922
10100      1111011100    101   4.931641
00010      1              80   3.906250
0101100011 11110          79   3.857422
11011      11110          75   3.662109
1          01110          74   3.613281
0          1              56   2.734375
00010      00011          50   2.441406
0111011110 11110          34   1.660156
01011      01101          24   1.171875
1          1111011111     17   0.830078
00101      00011          17   0.830078
                           8   0.390625
1          00010           3   0.146484
11110      00011           2   0.097656
1          0               1   0.048828



             count        pct
Rac1  RhoA                   
0     1        770  37.597656
10000 11011    289  14.111328
01001 10101    262  12.792969
00010 01111    206  10.058594
10100 11010    153   7.470703
01101 10100     78   3.808594
00110 01110     71   3.466797
11001 10001     64   3.125000
11011 00001     46   2.246094
11010 01001     44   2.148438
00011 00111     34   1.660156
10111 00010     14   0.683594
1     0          9   0.439453
                 8   0.390625



