          count        pct
ARHGAP22                  
1           453  44.238281
011110      409  39.941406
0            84   8.203125
100          50   4.882812
             28   2.734375



          count        pct
Actin_BR                  
0           996  97.265625
             28   2.734375



          count        pct
Actin_ST                  
0           516  50.390625
1           202  19.726562
001111      196  19.140625
000011       56   5.468750
             28   2.734375
100110       26   2.539062



        count        pct
Arp2_3                  
0         996  97.265625
           28   2.734375



    count        pct
CP                  
1     501  48.925781
0     495  48.339844
       28   2.734375



       count        pct
Cdc42                  
0        996  97.265625
          28   2.734375



           count        pct
Cofilin                    
0            915  89.355469
1             52   5.078125
              28   2.734375
001111100     19   1.855469
100010         6   0.585938
110            4   0.390625



         count        pct
Coronin                  
0          912  89.062500
1           84   8.203125
            28   2.734375



           count        pct
Cortactin                  
0            505  49.316406
001000       409  39.941406
010           63   6.152344
              28   2.734375
100000111     19   1.855469



           count        pct
Dia1                       
0            501  48.925781
111100       409  39.941406
001           63   6.152344
              28   2.734375
000011110     19   1.855469
1              4   0.390625



           count        pct
Dia2                       
1            505  49.316406
111100       409  39.941406
011           63   6.152344
              28   2.734375
100011111     19   1.855469



          count        pct
Ena_Vasp                  
1           653  63.769531
101111      196  19.140625
001111       56   5.468750
0            55   5.371094
             28   2.734375
010111       20   1.953125
010          10   0.976562
01            6   0.585938



              count        pct
IRSp53_Cdc42                  
0               996  97.265625
                 28   2.734375



             count        pct
IRSp53_Rac1                  
0              505  49.316406
001000         409  39.941406
010             63   6.152344
                28   2.734375
100000111       19   1.855469



        count        pct
LIMK                    
1         503  49.121094
011111    409  39.941406
0          84   8.203125
           28   2.734375



           count        pct
NET1                       
1            505  49.316406
111011       409  39.941406
110           63   6.152344
              28   2.734375
001111100     19   1.855469



           count        pct
PAK                        
0            505  49.316406
001000       409  39.941406
010           63   6.152344
              28   2.734375
100000111     19   1.855469



      count        pct
PIP2                  
0       501  48.925781
1       495  48.339844
         28   2.734375



        count        pct
PKD                     
1         453  44.238281
011110    409  39.941406
0          84   8.203125
100        50   4.882812
           28   2.734375



          count        pct
Profilin                  
0           503  49.121094
1           202  19.726562
011110      196  19.140625
000110       56   5.468750
             28   2.734375
101          26   2.539062
100          13   1.269531



        count        pct
ROCK                    
1         453  44.238281
111100    409  39.941406
0          84   8.203125
001        50   4.882812
           28   2.734375



           count        pct
ROS                        
0            505  49.316406
001000       409  39.941406
010           63   6.152344
              28   2.734375
100000111     19   1.855469



           count        pct
Rac1                       
0            505  49.316406
010000       409  39.941406
100           63   6.152344
              28   2.734375
000001111     19   1.855469



           count        pct
RhoA                       
1            505  49.316406
111001       409  39.941406
010           63   6.152344
              28   2.734375
000111100     19   1.855469



     count        pct
SSH                  
0      912  89.062500
1       84   8.203125
        28   2.734375



          count        pct
Thymosin                  
1           520  50.781250
0           254  24.804688
01          222  21.679688
             28   2.734375



      count        pct
WASP                  
0       572  55.859375
01      222  21.679688
1       202  19.726562
         28   2.734375



           count        pct
WAVE                       
0            505  49.316406
001100       409  39.941406
011           63   6.152344
              28   2.734375
110000111     19   1.855469



