                   count        pct
Actin_BR Actin_ST                  
0        0           516  50.390625
         1           202  19.726562
         001111      196  19.140625
         000011       56   5.468750
                      28   2.734375
0        100110       26   2.539062



                     count        pct
Rac1      RhoA                       
0         1            505  49.316406
010000    111001       409  39.941406
100       010           63   6.152344
                        28   2.734375
000001111 000111100     19   1.855469



