                                         count        pct
cycle_Actin_BR_norm cycle_Actin_ST_norm                  
0                   0                      256  25.000000
1                   1                      182  17.773438
                    0                      125  12.207031
0                   1                      112  10.937500
1                   0001                    47   4.589844
1101                1011                    46   4.492188
0011                1011                    38   3.710938
0100                0001                    26   2.539062
10                  1011                    24   2.343750
1101                10                      22   2.148438
10                  10                      20   1.953125
1                   10                      20   1.953125
0100                1011                    19   1.855469
0011                10                      17   1.660156
110                 0                       14   1.367188
01                  10                      14   1.367188
1101                1                       13   1.269531
                    0                       11   1.074219
                    0001                     9   0.878906
01                  0                        6   0.585938
0100                1100                     3   0.292969



