                   count        pct
Actin_BR Actin_ST                  
0        0           176  17.187500
011      1           173  16.894531
         010         140  13.671875
010      010         103  10.058594
         1            99   9.667969
1        0            91   8.886719
         1            87   8.496094
0        10           69   6.738281
         1            31   3.027344
010      110010       29   2.832031
         101          26   2.539062



           count        pct
Rac1 RhoA                  
011  0       313  30.566406
0    1       231  22.558594
010  001     193  18.847656
1    0       178  17.382812
010  0        64   6.250000
0    0        45   4.394531



