                   count        pct
Actin_BR Actin_ST                  
1        1           480  46.875000
0        0           212  20.703125
010      010011       97   9.472656
         1            69   6.738281
011      1            64   6.250000
010      110          57   5.566406
0        1            31   3.027344
010      0             5   0.488281
0        10            5   0.488281
1        0             2   0.195312
010      100           2   0.195312



           count        pct
Rac1 RhoA                  
1    0       482  47.070312
010  001     230  22.460938
0    1       217  21.191406
011  0        64   6.250000
0    0        31   3.027344



