          count        pct
ARHGAP22                  
0           646  63.085938
111001      196  19.140625
010         146  14.257812
             27   2.636719
1             9   0.878906



          count        pct
Actin_BR                  
1           427  41.699219
0           235  22.949219
010         196  19.140625
001000       94   9.179688
011          45   4.394531
             27   2.636719



           count        pct
Actin_ST                   
1            543  53.027344
010          118  11.523438
011110       109  10.644531
10            68   6.640625
111101        55   5.371094
0             38   3.710938
111010        35   3.417969
              27   2.636719
011           23   2.246094
000011100      8   0.781250



        count        pct
Arp2_3                  
1         427  41.699219
0         235  22.949219
100       196  19.140625
010000     94   9.179688
110        45   4.394531
           27   2.636719



    count        pct
CP                  
0     997  97.363281
       27   2.636719



       count        pct
Cdc42                  
1        518  50.585938
0        479  46.777344
          27   2.636719



         count        pct
Cofilin                  
1          524  51.171875
0          404  39.453125
10          69   6.738281
            27   2.636719



         count        pct
Coronin                  
1          607  59.277344
0          371  36.230469
            27   2.636719
01          19   1.855469



           count        pct
Cortactin                  
0            997  97.363281
              27   2.636719



           count        pct
Dia1                       
0            580  56.640625
100          204  19.921875
110011       196  19.140625
              27   2.636719
1              9   0.878906
001111000      8   0.781250



           count        pct
Dia2                       
1            527  51.464844
100          204  19.921875
110011       196  19.140625
0             62   6.054688
              27   2.636719
001111000      8   0.781250



          count        pct
Ena_Vasp                  
1           649  63.378906
001         117  11.425781
011110      109  10.644531
111110       55   5.371094
011101       28   2.734375
             27   2.636719
110          23   2.246094
0             9   0.878906
01            7   0.683594



              count        pct
IRSp53_Cdc42                  
1               518  50.585938
0               479  46.777344
                 27   2.636719



             count        pct
IRSp53_Rac1                  
1              427  41.699219
001            204  19.921875
100000         196  19.140625
0              117  11.425781
101             45   4.394531
                27   2.636719
000011110        8   0.781250



        count        pct
LIMK                    
0         607  59.277344
111101    196  19.140625
1         175  17.089844
           27   2.636719
10         19   1.855469



           count        pct
NET1                       
0            535  52.246094
011          204  19.921875
101111       196  19.140625
001           45   4.394531
              27   2.636719
1              9   0.878906
111110000      8   0.781250



           count        pct
PAK                        
1            535  52.246094
001          204  19.921875
100000       196  19.140625
101           45   4.394531
              27   2.636719
0              9   0.878906
000011110      8   0.781250



      count        pct
PIP2                  
0       518  50.585938
1       479  46.777344
         27   2.636719



        count        pct
PKD                     
0         646  63.085938
111001    196  19.140625
010       146  14.257812
           27   2.636719
1           9   0.878906



           count        pct
Profilin                   
1            566  55.273438
110          118  11.523438
111100       109  10.644531
110111        90   8.789062
01            68   6.640625
0             38   3.710938
              27   2.636719
100111111      8   0.781250



        count        pct
ROCK                    
0         646  63.085938
110011    196  19.140625
100       146  14.257812
           27   2.636719
1           9   0.878906



           count        pct
ROS                        
1            427  41.699219
001          204  19.921875
100000       196  19.140625
0            117  11.425781
101           45   4.394531
              27   2.636719
000011110      8   0.781250



           count        pct
Rac1                       
1            427  41.699219
010          204  19.921875
000001       196  19.140625
0            117  11.425781
011           45   4.394531
              27   2.636719
000111100      8   0.781250



           count        pct
RhoA                       
0            580  56.640625
001          204  19.921875
100111       196  19.140625
              27   2.636719
1              9   0.878906
011110000      8   0.781250



     count        pct
SSH                  
1      607  59.277344
0      371  36.230469
        27   2.636719
10      19   1.855469



          count        pct
Thymosin                  
0           592  57.812500
1           246  24.023438
10          159  15.527344
             27   2.636719



      count        pct
WASP                  
1       535  52.246094
0       246  24.023438
10      159  15.527344
100      34   3.320312
         27   2.636719
101      23   2.246094



           count        pct
WAVE                       
1            472  46.093750
101          204  19.921875
110000       196  19.140625
0            117  11.425781
              27   2.636719
000011111      8   0.781250



