                    count        pct
Actin_BR Actin_ST                   
1        1            268  26.171875
         0            250  24.414062
011      010          140  13.671875
0        000001111    126  12.304688
         110           63   6.152344
011      1             35   3.417969
         110100        31   3.027344
0        11110111      31   3.027344
101      1             23   2.246094
         001           21   2.050781
00000100 11110111      18   1.757812
001      001011        12   1.171875
         001            3   0.292969
                        3   0.292969



                     count        pct
Rac1      RhoA                       
1         0            518  50.585938
000011111 001111100    126  12.304688
011       001          109  10.644531
110       011          107  10.449219
011       101           97   9.472656
00011110  01111000      31   3.027344
00101101  10110100      18   1.757812
001       101           12   1.171875
          011            3   0.292969
                         3   0.292969



