          count    pct
ARHGAP22              
0          1024  100.0



          count        pct
Actin_BR                  
1           586  57.226562
100         205  20.019531
011         136  13.281250
0            97   9.472656



          count        pct
Actin_ST                  
1           755  73.730469
001         103  10.058594
0            96   9.375000
110          66   6.445312
01            4   0.390625



        count        pct
Arp2_3                  
1         586  57.226562
001       205  20.019531
110       136  13.281250
0          97   9.472656



    count        pct
CP                  
1     527  51.464844
0     461  45.019531
01     36   3.515625



       count      pct
Cdc42                
1        528  51.5625
0        496  48.4375



         count        pct
Cofilin                  
1          706  68.945312
110        172  16.796875
10          92   8.984375
0           54   5.273438



         count        pct
Coronin                  
1          940  91.796875
0           51   4.980469
10          33   3.222656



           count        pct
Cortactin                  
1            586  57.226562
010          205  20.019531
101          136  13.281250
0             97   9.472656



      count        pct
Dia1                  
0       922  90.039062
001     102   9.960938



      count        pct
Dia2                  
1       666  65.039062
101     341  33.300781
0        17   1.660156



          count        pct
Ena_Vasp                  
1           805  78.613281
011         103  10.058594
0            80   7.812500
01           36   3.515625



              count      pct
IRSp53_Cdc42                
1               528  51.5625
0               496  48.4375



             count        pct
IRSp53_Rac1                  
1              586  57.226562
010            205  20.019531
101            136  13.281250
0               97   9.472656



      count    pct
LIMK              
0      1024  100.0



      count        pct
NET1                  
0       603  58.886719
110     205  20.019531
001     136  13.281250
1        80   7.812500



     count        pct
PAK                  
1      603  58.886719
010    205  20.019531
101    136  13.281250
0       80   7.812500



      count        pct
PIP2                  
0       527  51.464844
1       497  48.535156



     count    pct
PKD              
0     1024  100.0



          count        pct
Profilin                  
1           823  80.371094
011         103  10.058594
0            94   9.179688
10            4   0.390625



      count    pct
ROCK              
0      1024  100.0



     count        pct
ROS                  
1      586  57.226562
010    205  20.019531
101    136  13.281250
0       97   9.472656



      count        pct
Rac1                  
1       586  57.226562
100     205  20.019531
011     136  13.281250
0        97   9.472656



      count        pct
RhoA                  
0       739  72.167969
010     205  20.019531
1        80   7.812500



     count        pct
SSH                  
1      940  91.796875
0       51   4.980469
01      33   3.222656



          count        pct
Thymosin                  
0           878  85.742188
10           92   8.984375
1            54   5.273438



      count        pct
WASP                  
1       765  74.707031
110     103  10.058594
0        92   8.984375
10       64   6.250000



      count        pct
WAVE                  
1       722  70.507812
011     205  20.019531
0        97   9.472656



