                   count        pct
Actin_BR Actin_ST                  
1        1           583  56.933594
100      001         103  10.058594
         1           102   9.960938
0        0            93   9.082031
011      1            70   6.835938
         110          66   6.445312
0        01            4   0.390625
1        0             3   0.292969



           count        pct
Rac1 RhoA                  
1    0       586  57.226562
100  010     205  20.019531
011  0       136  13.281250
0    1        80   7.812500
     0        17   1.660156



