                     count        pct
Actin_BR   Actin_ST                  
0          0           495  24.169922
1          1           352  17.187500
           11011       170   8.300781
01         01          130   6.347656
01000      11011       125   6.103516
1001010000 11011        95   4.638672
101        1            94   4.589844
01001      1            89   4.345703
           11011        76   3.710938
           01110        71   3.466797
0          1            70   3.417969
00001      1            70   3.417969
101        110          53   2.587891
00001      00010        44   2.148438
1          11100        39   1.904297
001        001          31   1.513672
01001      00010        24   1.171875
001        110          18   0.878906
1          0             1   0.048828
                         1   0.048828



             count        pct
Rac1  RhoA                   
0     1        769  37.548828
01010 01101    386  18.847656
00010 01111    287  14.013672
00100 11110    220  10.742188
101   100      147   7.177734
1     0        110   5.371094
001   101       49   2.392578
10001 10011     48   2.343750
01110 01100     31   1.513672
                 1   0.048828



