          count        pct
ARHGAP22                  
0           597  58.300781
111100      166  16.210938
100         153  14.941406
001         104  10.156250
1             4   0.390625



          count        pct
Actin_BR                  
1           496  48.437500
100         170  16.601562
000100      166  16.210938
001         104  10.156250
011          70   6.835938
0            18   1.757812



          count        pct
Actin_ST                  
1           620  60.546875
110         108  10.546875
001111       99   9.667969
011101       76   7.421875
111110       38   3.710938
100110       28   2.734375
01           19   1.855469
100          18   1.757812
0            18   1.757812



        count        pct
Arp2_3                  
1         496  48.437500
001       170  16.601562
001000    166  16.210938
010       104  10.156250
110        70   6.835938
0          18   1.757812



    count    pct
CP              
0    1024  100.0



       count        pct
Cdc42                  
1        519  50.683594
0        505  49.316406



         count        pct
Cofilin                  
1          408  39.843750
0          347  33.886719
01         126  12.304688
100         91   8.886719
100000      28   2.734375
010001      14   1.367188
011         10   0.976562



         count    pct
Coronin              
0         1024  100.0



           count        pct
Cortactin                  
1            496  48.437500
010          170  16.601562
010000       166  16.210938
100          104  10.156250
101           70   6.835938
0             18   1.757812



        count        pct
Dia1                    
0         597  58.300781
111001    166  16.210938
001       153  14.941406
010       104  10.156250
1           4   0.390625



        count        pct
Dia2                    
1         523  51.074219
111001    166  16.210938
001       153  14.941406
010       104  10.156250
0          78   7.617188



          count        pct
Ena_Vasp                  
1           742  72.460938
101110      104  10.156250
001111       99   9.667969
011111       38   3.710938
10           19   1.855469
010          18   1.757812
0             4   0.390625



              count        pct
IRSp53_Cdc42                  
1               519  50.683594
0               505  49.316406



             count        pct
IRSp53_Rac1                  
1              496  48.437500
010            170  16.601562
010000         166  16.210938
100            104  10.156250
101             70   6.835938
0               18   1.757812



        count        pct
LIMK                    
0         562  54.882812
1         275  26.855469
111110    166  16.210938
110        17   1.660156
100         4   0.390625



        count        pct
NET1                    
0         531  51.855469
110111    166  16.210938
110       153  14.941406
101       104  10.156250
001        66   6.445312
1           4   0.390625



        count        pct
PAK                     
1         531  51.855469
010000    166  16.210938
010       153  14.941406
100       104  10.156250
101        66   6.445312
0           4   0.390625



      count        pct
PIP2                  
0       513  50.097656
1       511  49.902344



        count        pct
PKD                     
0         597  58.300781
111100    166  16.210938
100       153  14.941406
001       104  10.156250
1           4   0.390625



          count        pct
Profilin                  
1           643  62.792969
101         154  15.039062
111101      114  11.132812
011110       99   9.667969
0            14   1.367188



        count        pct
ROCK                    
0         597  58.300781
111001    166  16.210938
001       153  14.941406
010       104  10.156250
1           4   0.390625



        count        pct
ROS                     
1         496  48.437500
010       170  16.601562
010000    166  16.210938
100       104  10.156250
101        70   6.835938
0          18   1.757812



        count        pct
Rac1                    
1         496  48.437500
100       170  16.601562
100000    166  16.210938
001       104  10.156250
011        70   6.835938
0          18   1.757812



        count        pct
RhoA                    
0         597  58.300781
110011    166  16.210938
010       153  14.941406
100       104  10.156250
1           4   0.390625



     count        pct
SSH                  
1      496  48.437500
0      441  43.066406
101     70   6.835938
010     17   1.660156



          count        pct
Thymosin                  
0           582  56.835938
1           160  15.625000
10          156  15.234375
01          126  12.304688



        count        pct
WASP                    
1         491  47.949219
0         160  15.625000
10        128  12.500000
01        126  12.304688
011        91   8.886719
001010     28   2.734375



        count        pct
WAVE                    
1         566  55.273438
011       170  16.601562
011000    166  16.210938
110       104  10.156250
0          18   1.757812



