          count        pct
ARHGAP22                  
0           977  95.410156
             47   4.589844



          count        pct
Actin_BR                  
1           452  44.140625
100         260  25.390625
0           186  18.164062
011          79   7.714844
             47   4.589844



           count        pct
Actin_ST                   
1            619  60.449219
010          172  16.796875
0            171  16.699219
              47   4.589844
01             9   0.878906
001100000      6   0.585938



        count        pct
Arp2_3                  
1         452  44.140625
001       260  25.390625
0         186  18.164062
110        79   7.714844
           47   4.589844



    count        pct
CP                  
1     527  51.464844
0     450  43.945312
       47   4.589844



       count        pct
Cdc42                  
1        514  50.195312
0        463  45.214844
          47   4.589844



         count        pct
Cofilin                  
1          808  78.906250
0           90   8.789062
01          79   7.714844
            47   4.589844



         count        pct
Coronin                  
1          884  86.328125
0           50   4.882812
            47   4.589844
10          43   4.199219



           count        pct
Cortactin                  
0            977  95.410156
              47   4.589844



           count        pct
Dia1                       
0            829  80.957031
001          142  13.867188
              47   4.589844
110000011      6   0.585938



           count        pct
Dia2                       
1            537  52.441406
101          349  34.082031
0             85   8.300781
              47   4.589844
111100011      6   0.585938



          count        pct
Ena_Vasp                  
1           704  68.750000
010         128  12.500000
0           101   9.863281
             47   4.589844
110          44   4.296875



              count        pct
IRSp53_Cdc42                  
1               514  50.195312
0               463  45.214844
                 47   4.589844



             count        pct
IRSp53_Rac1                  
1              452  44.140625
010            270  26.367188
0              170  16.601562
101             79   7.714844
                47   4.589844
111100000        6   0.585938



      count        pct
LIMK                  
0       955  93.261719
         47   4.589844
10       14   1.367188
1         8   0.781250



           count        pct
NET1                       
0            537  52.441406
110          270  26.367188
1             85   8.300781
001           79   7.714844
              47   4.589844
100001111      6   0.585938



           count        pct
PAK                        
1            537  52.441406
010          270  26.367188
0             85   8.300781
101           79   7.714844
              47   4.589844
111100000      6   0.585938



      count        pct
PIP2                  
0       527  51.464844
1       450  43.945312
         47   4.589844



     count        pct
PKD                  
0      977  95.410156
        47   4.589844



           count        pct
Profilin                   
1            666  65.039062
0            158  15.429688
011          128  12.500000
              47   4.589844
001           10   0.976562
10             9   0.878906
011000000      6   0.585938



      count        pct
ROCK                  
0       977  95.410156
         47   4.589844



           count        pct
ROS                        
1            452  44.140625
010          270  26.367188
0            170  16.601562
101           79   7.714844
              47   4.589844
111100000      6   0.585938



           count        pct
Rac1                       
1            452  44.140625
100          270  26.367188
0            170  16.601562
011           79   7.714844
              47   4.589844
111000001      6   0.585938



           count        pct
RhoA                       
0            616  60.156250
010          270  26.367188
1             85   8.300781
              47   4.589844
100000111      6   0.585938



     count        pct
SSH                  
1      884  86.328125
0       50   4.882812
        47   4.589844
01      43   4.199219



          count        pct
Thymosin                  
0           808  78.906250
1            87   8.496094
01           82   8.007812
             47   4.589844



      count        pct
WASP                  
1       622  60.742188
0       130  12.695312
100     128  12.500000
01       53   5.175781
         47   4.589844
101      44   4.296875



           count        pct
WAVE                       
1            531  51.855469
011          270  26.367188
0            170  16.601562
              47   4.589844
111110000      6   0.585938



