          count        pct
ARHGAP22                  
0          1397  68.212891
1           651  31.787109



          count        pct
Actin_BR                  
1          1151  56.201172
0           651  31.787109
110         110   5.371094
001          87   4.248047
01           49   2.392578



          count    pct
Actin_ST              
0          2048  100.0



        count        pct
Arp2_3                  
1        1151  56.201172
0         651  31.787109
101       110   5.371094
010        87   4.248047
10         49   2.392578



    count        pct
CP                  
1    1040  50.781250
0     938  45.800781
01     70   3.417969



       count        pct
Cdc42                  
0       1057  51.611328
1        991  48.388672



         count        pct
Cofilin                  
1         1236  60.351562
0          384  18.750000
10         355  17.333984
101         73   3.564453



         count        pct
Coronin                  
1         1397  68.212891
10         509  24.853516
0          142   6.933594



           count        pct
Cortactin                  
1           1082  52.832031
0            769  37.548828
011          110   5.371094
100           87   4.248047



      count        pct
Dia1                  
0      1695  82.763672
1       280  13.671875
011      73   3.564453



      count    pct
Dia2              
1      2048  100.0



          count        pct
Ena_Vasp                  
1          1353  66.064453
0           420  20.507812
10          188   9.179688
011          87   4.248047



              count        pct
IRSp53_Cdc42                  
0              1057  51.611328
1               991  48.388672



             count        pct
IRSp53_Rac1                  
1             1082  52.832031
0              769  37.548828
011            110   5.371094
100             87   4.248047



      count        pct
LIMK                  
0      1397  68.212891
01      509  24.853516
1       142   6.933594



      count        pct
NET1                  
0      1227  59.912109
1       624  30.468750
010     110   5.371094
101      87   4.248047



     count        pct
PAK                  
1     1227  59.912109
0      624  30.468750
011    110   5.371094
100     87   4.248047



      count        pct
PIP2                  
0      1038  50.683594
1      1010  49.316406



     count    pct
PKD              
0     2048  100.0



          count    pct
Profilin              
0          2048  100.0



      count        pct
ROCK                  
0      1397  68.212891
1       651  31.787109



     count        pct
ROS                  
1     1082  52.832031
0      769  37.548828
011    110   5.371094
100     87   4.248047



      count        pct
Rac1                  
1      1082  52.832031
0       769  37.548828
110     110   5.371094
001      87   4.248047



      count        pct
RhoA                  
0      1082  52.832031
1       856  41.796875
011     110   5.371094



     count        pct
SSH                  
1     1397  68.212891
01     509  24.853516
0      142   6.933594



          count        pct
Thymosin                  
0          1405  68.603516
10          489  23.876953
1           154   7.519531



      count        pct
WASP                  
1      1200  58.593750
0       439  21.435547
01      322  15.722656
110      87   4.248047



      count        pct
WAVE                  
1      1192  58.203125
0       769  37.548828
110      87   4.248047



