          count        pct
ARHGAP22                  
0           695  67.871094
110011      166  16.210938
100         153  14.941406
1            10   0.976562



          count        pct
Actin_BR                  
1           535  52.246094
100         223  21.777344
010000      166  16.210938
101          77   7.519531
0            23   2.246094



          count        pct
Actin_ST                  
0           539  52.636719
100         300  29.296875
110001      166  16.210938
1            10   0.976562
10            9   0.878906



        count        pct
Arp2_3                  
1         535  52.246094
001       223  21.777344
100000    166  16.210938
011        77   7.519531
0          23   2.246094



        count        pct
CP                      
1         535  52.246094
100       223  21.777344
010000    166  16.210938
101        77   7.519531
0          23   2.246094



       count        pct
Cdc42                  
1        529  51.660156
0        495  48.339844



         count        pct
Cofilin                  
1          682  66.601562
010000     166  16.210938
100        153  14.941406
0           14   1.367188
10           9   0.878906



         count        pct
Coronin                  
1          682  66.601562
0          333  32.519531
10           9   0.878906



           count        pct
Cortactin                  
1            535  52.246094
010          223  21.777344
000001       166  16.210938
110           77   7.519531
0             23   2.246094



        count        pct
Dia1                    
0         625  61.035156
001       223  21.777344
100111    166  16.210938
1          10   0.976562



        count        pct
Dia2                    
1         539  52.636719
001       223  21.777344
100111    166  16.210938
0          96   9.375000



          count        pct
Ena_Vasp                  
1           788  76.953125
111001      166  16.210938
101          70   6.835938



              count        pct
IRSp53_Cdc42                  
1               529  51.660156
0               495  48.339844



             count        pct
IRSp53_Rac1                  
1              535  52.246094
010            223  21.777344
000001         166  16.210938
110             77   7.519531
0               23   2.246094



      count    pct
LIMK              
0      1024  100.0



        count        pct
NET1                    
0         548  53.515625
110       223  21.777344
011111    166  16.210938
100        77   7.519531
1          10   0.976562



        count        pct
PAK                     
1         548  53.515625
010       223  21.777344
000001    166  16.210938
110        77   7.519531
0          10   0.976562



      count    pct
PIP2              
0      1024  100.0



        count        pct
PKD                     
0         695  67.871094
110011    166  16.210938
100       153  14.941406
1          10   0.976562



          count        pct
Profilin                  
1           622  60.742188
101         223  21.777344
110011      166  16.210938
01            9   0.878906
0             4   0.390625



        count        pct
ROCK                    
0         695  67.871094
100111    166  16.210938
001       153  14.941406
1          10   0.976562



        count        pct
ROS                     
1         535  52.246094
010       223  21.777344
000001    166  16.210938
110        77   7.519531
0          23   2.246094



        count        pct
Rac1                    
1         535  52.246094
100       223  21.777344
000010    166  16.210938
101        77   7.519531
0          23   2.246094



        count        pct
RhoA                    
0         625  61.035156
010       223  21.777344
001111    166  16.210938
1          10   0.976562



     count        pct
SSH                  
1      682  66.601562
0      333  32.519531
01       9   0.878906



          count        pct
Thymosin                  
0           835  81.542969
110111      166  16.210938
1            14   1.367188
10            9   0.878906



      count        pct
WASP                  
1       612  59.765625
011     223  21.777344
0       180  17.578125
10        9   0.878906



        count        pct
WAVE                    
1         612  59.765625
011       223  21.777344
100001    166  16.210938
0          23   2.246094



