          count        pct
ARHGAP22                  
1           501  48.925781
11101       168  16.406250
0           159  15.527344
01101        91   8.886719
00111        53   5.175781
00110        44   4.296875
010           8   0.781250



          count        pct
Actin_BR                  
1           550  53.710938
0           437  42.675781
110          37   3.613281



          count        pct
Actin_ST                  
0           550  53.710938
1           437  42.675781
100          37   3.613281



        count        pct
Arp2_3                  
1         550  53.710938
0         437  42.675781
101        37   3.613281



     count        pct
CP                   
1      550  53.710938
0      437  42.675781
110     37   3.613281



       count        pct
Cdc42                  
1        532  51.953125
0        492  48.046875



         count        pct
Cofilin                  
0          631  61.621094
1          223  21.777344
10111       79   7.714844
10101       42   4.101562
11000       29   2.832031
110         20   1.953125



         count        pct
Coronin                  
0          760  74.218750
1          159  15.527344
00010       53   5.175781
00110       44   4.296875
011          8   0.781250



           count        pct
Cortactin                  
0            501  48.925781
10000        168  16.406250
1            130  12.695312
00110         97   9.472656
10100         91   8.886719
110           29   2.832031
010            8   0.781250



      count        pct
Dia1                  
0       550  53.710938
1       437  42.675781
100      37   3.613281



      count        pct
Dia2                  
1       969  94.628906
101      37   3.613281
0        18   1.757812



          count    pct
Ena_Vasp              
0          1024  100.0



              count        pct
IRSp53_Cdc42                  
1               532  51.953125
0               492  48.046875



             count        pct
IRSp53_Rac1                  
0              501  48.925781
10000          168  16.406250
1              130  12.695312
10100           91   8.886719
00110           53   5.175781
01110           44   4.296875
011             37   3.613281



       count        pct
LIMK                   
1        760  74.218750
0        159  15.527344
11101     53   5.175781
11001     44   4.296875
100        8   0.781250



      count        pct
NET1                  
0       550  53.710938
1       437  42.675781
010      37   3.613281



     count        pct
PAK                  
1      550  53.710938
0      437  42.675781
011     37   3.613281



      count        pct
PIP2                  
1       541  52.832031
0       483  47.167969



       count        pct
PKD                    
1        501  48.925781
11101    168  16.406250
0        159  15.527344
01101     91   8.886719
00111     53   5.175781
00110     44   4.296875
010        8   0.781250



          count    pct
Profilin              
1          1024  100.0



       count        pct
ROCK                   
1        501  48.925781
11011    168  16.406250
0        159  15.527344
11010     91   8.886719
01110     53   5.175781
01100     44   4.296875
100        8   0.781250



       count        pct
ROS                    
0        501  48.925781
10000    168  16.406250
1        130  12.695312
10100     91   8.886719
00110     53   5.175781
01110     44   4.296875
011       37   3.613281



       count        pct
Rac1                   
0        501  48.925781
00001    168  16.406250
1        130  12.695312
01001     91   8.886719
01100     53   5.175781
11100     44   4.296875
110       37   3.613281



       count        pct
RhoA                   
1        501  48.925781
10111    168  16.406250
0        130  12.695312
10101     91   8.886719
11100     53   5.175781
11000     44   4.296875
011       37   3.613281



       count        pct
SSH                    
0        760  74.218750
1        159  15.527344
00100     53   5.175781
01100     44   4.296875
110        8   0.781250



          count    pct
Thymosin              
0          1024  100.0



      count        pct
WASP                  
1       814  79.492188
0       206  20.117188
011       4   0.390625



       count        pct
WAVE                   
0        501  48.925781
11000    168  16.406250
1        167  16.308594
11110    135  13.183594
00111     53   5.175781



