                    count        pct
Actin_BR Actin_ST                   
1        0            332  32.421875
         1            239  23.339844
100      100          145  14.160156
         1            105  10.253906
011      100           66   6.445312
         1             61   5.957031
1        10            34   3.320312
0        0             21   2.050781
         000000111     16   1.562500
         10             5   0.488281



                     count        pct
Rac1      RhoA                       
1         0            605  59.082031
100       010          250  24.414062
011       0            127  12.402344
0         0             26   2.539062
000001111 000111100     16   1.562500



