          count    pct
ARHGAP22              
0          1024  100.0



          count        pct
Actin_BR                  
1           552  53.906250
001         221  21.582031
110         170  16.601562
0            81   7.910156



          count        pct
Actin_ST                  
1           631  61.621094
0           147  14.355469
001101      101   9.863281
100          57   5.566406
111110       38   3.710938
110101       34   3.320312
011          16   1.562500



        count        pct
Arp2_3                  
1         552  53.906250
010       221  21.582031
101       170  16.601562
0          81   7.910156



        count        pct
CP                      
1         529  51.660156
0         350  34.179688
000100     50   4.882812
010001     38   3.710938
01         29   2.832031
001        18   1.757812
011        10   0.976562



       count       pct
Cdc42                 
1        520  50.78125
0        504  49.21875



         count        pct
Cofilin                  
0          846  82.617188
100         93   9.082031
010000      85   8.300781



         count    pct
Coronin              
0         1024  100.0



           count        pct
Cortactin                  
1            552  53.906250
100          221  21.582031
011          170  16.601562
0             81   7.910156



      count        pct
Dia1                  
0       925  90.332031
001      50   4.882812
010      49   4.785156



      count        pct
Dia2                  
1       618  60.351562
110     204  19.921875
011     173  16.894531
0        15   1.464844
100      14   1.367188



          count        pct
Ena_Vasp                  
1           661  64.550781
10          122  11.914062
0           120  11.718750
001010       51   4.980469
101          41   4.003906
01           29   2.832031



              count       pct
IRSp53_Cdc42                 
1               520  50.78125
0               504  49.21875



             count        pct
IRSp53_Rac1                  
1              552  53.906250
100            221  21.582031
011            170  16.601562
0               81   7.910156



      count        pct
LIMK                  
1       585  57.128906
010     207  20.214844
101     166  16.210938
0        66   6.445312



      count        pct
NET1                  
0       585  57.128906
101     207  20.214844
010     166  16.210938
1        66   6.445312



     count        pct
PAK                  
1      585  57.128906
100    207  20.214844
011    166  16.210938
0       66   6.445312



      count        pct
PIP2                  
0       521  50.878906
1       503  49.121094



     count    pct
PKD              
0     1024  100.0



          count        pct
Profilin                  
1           705  68.847656
011         172  16.796875
0           129  12.597656
001          18   1.757812



      count    pct
ROCK              
0      1024  100.0



     count        pct
ROS                  
1      552  53.906250
100    221  21.582031
011    170  16.601562
0       81   7.910156



      count        pct
Rac1                  
1       552  53.906250
001     221  21.582031
110     170  16.601562
0        81   7.910156



      count        pct
RhoA                  
0       751  73.339844
100     207  20.214844
1        66   6.445312



     count    pct
SSH              
0     1024  100.0



          count        pct
Thymosin                  
0           426  41.601562
10          241  23.535156
1           184  17.968750
01          173  16.894531



        count        pct
WASP                    
1         385  37.597656
10        241  23.535156
0         184  17.968750
01        122  11.914062
010100     51   4.980469
011        41   4.003906



      count        pct
WAVE                  
1       722  70.507812
110     221  21.582031
0        81   7.910156



