                     count        pct
cycle_Actin_BR_norm                  
1                      442  43.164062
0                      309  30.175781
01                     107  10.449219
1011                    61   5.957031
1001                    45   4.394531
0001                    39   3.808594
011                     21   2.050781



                     count        pct
cycle_Actin_ST_norm                  
0                      733  71.582031
1000                   125  12.207031
10                      85   8.300781
1                       61   5.957031
1101                    14   1.367188
100                      6   0.585938



                   count        pct
cycle_Arp2_3_norm                  
1                    442  43.164062
0                    309  30.175781
10                   107  10.449219
0111                  61   5.957031
0011                  45   4.394531
0010                  39   3.808594
110                   21   2.050781



               count        pct
cycle_CP_norm                  
1                733  71.582031
0                 89   8.691406
01                75   7.324219
1001              45   4.394531
1011              38   3.710938
0001              38   3.710938
110                6   0.585938



                  count        pct
cycle_Cdc42_norm                  
0                   537  52.441406
1                   487  47.558594



                    count        pct
cycle_Cofilin_norm                  
0                     383  37.402344
1                     352  34.375000
10                    182  17.773438
0111                   87   8.496094
0001                   14   1.367188
110                     6   0.585938



                    count        pct
cycle_Coronin_norm                  
0                     654  63.867188
0001                  199  19.433594
1                      95   9.277344
1101                   73   7.128906
10                      3   0.292969



                      count        pct
cycle_Cortactin_norm                  
0                       488  47.656250
0011                    199  19.433594
0010                    156  15.234375
1                        74   7.226562
1101                     73   7.128906
101                      21   2.050781
10                       13   1.269531



                 count        pct
cycle_Dia1_norm                  
0                  811  79.199219
1                   89   8.691406
01                  71   6.933594
10                  23   2.246094
0010                16   1.562500
0111                14   1.367188



                 count        pct
cycle_Dia2_norm                  
1                  562  54.882812
0111               428  41.796875
101                 21   2.050781
10                  13   1.269531



                     count    pct
cycle_Ena_Vasp_norm              
0                     1024  100.0



                   count        pct
cycle_IRSp53_norm                  
1                    536  52.343750
0                    453  44.238281
1011                  35   3.417969



                 count    pct
cycle_LIMK_norm              
0                 1024  100.0



                count        pct
cycle_PAK_norm                  
1                 989  96.582031
1011               35   3.417969



                 count        pct
cycle_PIP2_norm                  
1                  517  50.488281
0                  507  49.511719



                count        pct
cycle_PKD_norm                  
1                 488  47.656250
0011              199  19.433594
0111              156  15.234375
0                  95   9.277344
1000               73   7.128906
01                 13   1.269531



                     count        pct
cycle_Profilin_norm                  
1                      548  53.515625
0                      253  24.707031
10                      98   9.570312
1001                    50   4.882812
1011                    31   3.027344
01                      23   2.246094
0001                    21   2.050781



                 count        pct
cycle_ROCK_norm                  
1                  488  47.656250
0110               199  19.433594
1110               156  15.234375
0                   95   9.277344
0001                73   7.128906
10                  13   1.269531



                  count        pct
cycle_ROCK__norm                  
1                   488  47.656250
0011                199  19.433594
0111                156  15.234375
0                    95   9.277344
1000                 73   7.128906
01                   13   1.269531



                 count        pct
cycle_Rac1_norm                  
0                  488  47.656250
0110               199  19.433594
0100               156  15.234375
1                   74   7.226562
1011                73   7.128906
011                 21   2.050781
01                  13   1.269531



                 count        pct
cycle_RhoA_norm                  
1                  488  47.656250
1100               234  22.851562
1101               156  15.234375
0                   74   7.226562
0010                38   3.710938
010                 21   2.050781
01                  13   1.269531



                count        pct
cycle_SSH_norm                  
0                 654  63.867188
0010              199  19.433594
1                  95   9.277344
1011               73   7.128906
01                  3   0.292969



                     count        pct
cycle_Thymosin_norm                  
0                      463  45.214844
1                      266  25.976562
01                     148  14.453125
10                     147  14.355469



                 count        pct
cycle_WASP_norm                  
1                  463  45.214844
0                  266  25.976562
01                 148  14.453125
10                 147  14.355469



                 count        pct
cycle_WAVE_norm                  
0                  488  47.656250
0011               199  19.433594
0010               156  15.234375
1                   74   7.226562
1101                73   7.128906
101                 21   2.050781
10                  13   1.269531



