                                         count        pct
cycle_Actin_BR_norm cycle_Actin_ST_norm                  
1                   0                      418  40.820312
0                   0                      248  24.218750
01                  10                      61   5.957031
0                   1                       61   5.957031
01                  1000                    43   4.199219
1011                1000                    31   3.027344
1001                1000                    31   3.027344
1011                0                       30   2.929688
1                   10                      24   2.343750
0001                1000                    20   1.953125
011                 0                       15   1.464844
1001                0                       14   1.367188
0001                1101                    14   1.367188
011                 100                      6   0.585938
0001                0                        5   0.488281
01                  0                        3   0.292969



