                   count        pct
Actin_BR Actin_ST                  
1        1           476  46.484375
0        0           183  17.871094
001      1           131  12.792969
         0           124  12.109375
0        1            37   3.613281
011      1            34   3.320312
         011          34   3.320312
0        01            5   0.488281



           count        pct
Rac1 RhoA                  
1    0       476  46.484375
001  0       255  24.902344
0    0       225  21.972656
011  0        68   6.640625



