          count    pct
ARHGAP22              
0          1024  100.0



          count        pct
Actin_BR                  
1           461  45.019531
001         254  24.804688
0           241  23.535156
011          68   6.640625



          count        pct
Actin_ST                  
1           417  40.722656
0           387  37.792969
001         163  15.917969
01           57   5.566406



        count        pct
Arp2_3                  
1         461  45.019531
010       254  24.804688
0         241  23.535156
110        68   6.640625



     count        pct
CP                   
0      627  61.230469
1      232  22.656250
001    124  12.109375
011     39   3.808594
10       2   0.195312



       count       pct
Cdc42                 
0        536  52.34375
1        488  47.65625



         count        pct
Cofilin                  
1          619  60.449219
0          179  17.480469
110        159  15.527344
01          67   6.542969



         count        pct
Coronin                  
1          801  78.222656
0          162  15.820312
01          61   5.957031



           count        pct
Cortactin                  
1            461  45.019531
100          254  24.804688
0            241  23.535156
101           68   6.640625



      count    pct
Dia1              
0      1024  100.0



      count       pct
Dia2                 
0       536  52.34375
1       488  47.65625



          count        pct
Ena_Vasp                  
1           719  70.214844
0           130  12.695312
011         124  12.109375
10           51   4.980469



              count       pct
IRSp53_Cdc42                 
0               536  52.34375
1               488  47.65625



             count        pct
IRSp53_Rac1                  
1              461  45.019531
100            254  24.804688
0              241  23.535156
101             68   6.640625



      count    pct
LIMK              
0      1024  100.0



      count    pct
NET1              
0      1024  100.0



     count        pct
PAK                  
1      493  48.144531
100    254  24.804688
0      209  20.410156
101     68   6.640625



      count        pct
PIP2                  
0       514  50.195312
1       510  49.804688



     count    pct
PKD              
0     1024  100.0



          count        pct
Profilin                  
1           690  67.382812
0           153  14.941406
011         124  12.109375
10           57   5.566406



      count    pct
ROCK              
0      1024  100.0



     count        pct
ROS                  
1      461  45.019531
100    254  24.804688
0      241  23.535156
101     68   6.640625



      count        pct
Rac1                  
1       461  45.019531
001     254  24.804688
0       241  23.535156
011      68   6.640625



      count    pct
RhoA              
0      1024  100.0



     count        pct
SSH                  
1      801  78.222656
0      162  15.820312
10      61   5.957031



          count        pct
Thymosin                  
0           805  78.613281
1           116  11.328125
01          103  10.058594



      count        pct
WASP                  
1       675  65.917969
0       153  14.941406
110     124  12.109375
01       72   7.031250



      count        pct
WAVE                  
1       529  51.660156
110     254  24.804688
0       241  23.535156



