                   count        pct
Actin_BR Actin_ST                  
1        0           234  22.851562
         1           227  22.167969
0        0           153  14.941406
001      1           130  12.695312
         001         124  12.109375
0        01           57   5.566406
011      001          39   3.808594
0        1            31   3.027344
011      1            29   2.832031



           count        pct
Rac1 RhoA                  
1    0       461  45.019531
001  0       254  24.804688
0    0       241  23.535156
011  0        68   6.640625



