          count    pct
ARHGAP22              
0          1024  100.0



          count        pct
Actin_BR                  
1           447  43.652344
0           338  33.007812
100         193  18.847656
101          46   4.492188



          count        pct
Actin_ST                  
1           594  58.007812
0           394  38.476562
001          30   2.929688
10            6   0.585938



        count        pct
Arp2_3                  
1         447  43.652344
0         338  33.007812
001       193  18.847656
011        46   4.492188



    count       pct
CP                 
0     520  50.78125
1     504  49.21875



       count        pct
Cdc42                  
1        529  51.660156
0        495  48.339844



         count        pct
Cofilin                  
1          697  68.066406
0          222  21.679688
01         105  10.253906



         count        pct
Coronin                  
1          783  76.464844
0          177  17.285156
01          64   6.250000



           count    pct
Cortactin              
0           1024  100.0



      count    pct
Dia1              
0      1024  100.0



      count        pct
Dia2                  
1       447  43.652344
0       338  33.007812
010     193  18.847656
110      46   4.492188



          count        pct
Ena_Vasp                  
1           678  66.210938
0           157  15.332031
010          95   9.277344
10           64   6.250000
011          30   2.929688



              count        pct
IRSp53_Cdc42                  
1               529  51.660156
0               495  48.339844



             count        pct
IRSp53_Rac1                  
1              447  43.652344
0              338  33.007812
010            193  18.847656
110             46   4.492188



      count        pct
LIMK                  
0       990  96.679688
1        19   1.855469
10       15   1.464844



      count    pct
NET1              
0      1024  100.0



     count        pct
PAK                  
1      531  51.855469
0      254  24.804688
010    193  18.847656
110     46   4.492188



      count       pct
PIP2                 
1       520  50.78125
0       504  49.21875



     count    pct
PKD              
0     1024  100.0



          count        pct
Profilin                  
1           624  60.937500
0           299  29.199219
011          95   9.277344
01            6   0.585938



      count    pct
ROCK              
0      1024  100.0



     count        pct
ROS                  
1      447  43.652344
0      338  33.007812
010    193  18.847656
110     46   4.492188



      count        pct
Rac1                  
1       447  43.652344
0       338  33.007812
100     193  18.847656
101      46   4.492188



      count    pct
RhoA              
0      1024  100.0



     count        pct
SSH                  
1      783  76.464844
0      177  17.285156
10      64   6.250000



          count        pct
Thymosin                  
0           728  71.093750
1           149  14.550781
01          147  14.355469



      count        pct
WASP                  
1       594  58.007812
0       193  18.847656
01      112  10.937500
100      95   9.277344
110      30   2.929688



      count        pct
WAVE                  
1       493  48.144531
0       338  33.007812
011     193  18.847656



