                   count        pct
Actin_BR Actin_ST                  
1        0           468  45.703125
010      0           205  20.019531
000010   0           177  17.285156
101      0            90   8.789062
001      0            61   5.957031
0        0            23   2.246094



               count        pct
Rac1   RhoA                    
1      0         468  45.703125
010    001       195  19.042969
010000 111001    177  17.285156
101    0          90   8.789062
001    100        61   5.957031
0      0          14   1.367188
010    0          10   0.976562
0      1           9   0.878906



