                   count        pct
Actin_BR Actin_ST                  
0        0           232  22.656250
1        1           222  21.679688
         0           157  15.332031
0        1            93   9.082031
1011     1110         66   6.445312
0110     1110         44   4.296875
0010     0010         39   3.808594
1        0010         29   2.832031
01       10           27   2.636719
0110     10           21   2.050781
01       1110         19   1.855469
1011     10           17   1.660156
0010     1110         17   1.660156
011      0            13   1.269531
1011     0            11   1.074219
         1             7   0.683594
0010     0011          6   0.585938
1        10            4   0.390625



           count        pct
Rac1 RhoA                  
0    1       420  41.015625
0011 0110    246  24.023438
0010 1110    148  14.453125
1    0        72   7.031250
0111 0100     61   5.957031
     0110     38   3.710938
01   01       26   2.539062
011  010      13   1.269531



