          count        pct
ARHGAP22                  
1          1280  62.500000
10111       213  10.400391
10101       165   8.056641
11101        95   4.638672
10010        95   4.638672
01110        66   3.222656
00110        51   2.490234
10011        33   1.611328
00010        30   1.464844
0            14   0.683594
10000         6   0.292969



            count        pct
Actin_BR                    
0            1058  51.660156
1             607  29.638672
01            150   7.324219
1011000110     95   4.638672
11110          65   3.173828
1110011101     33   1.611328
00010          24   1.171875
01011          14   0.683594
10111           2   0.097656



            count        pct
Actin_ST                    
1             719  35.107422
0             716  34.960938
11110         193   9.423828
01            151   7.373047
10000         142   6.933594
10100          68   3.320312
00011          26   1.269531
1101010101     19   0.927734
01101          14   0.683594



            count        pct
Arp2_3                      
0            1058  51.660156
1             607  29.638672
10            150   7.324219
0110001101     95   4.638672
11101          65   3.173828
1100111011     33   1.611328
00100          24   1.171875
10110          14   0.683594
01111           2   0.097656



    count        pct
CP                  
1    1034  50.488281
0    1013  49.462891
10      1   0.048828



       count        pct
Cdc42                  
1       1032  50.390625
0       1016  49.609375



            count        pct
Cofilin                     
0            1475  72.021484
01            153   7.470703
1             141   6.884766
11110         139   6.787109
10110          68   3.320312
0101010100     19   0.927734
00010          19   0.927734
0001000000     16   0.781250
00011          12   0.585938
0100010000      6   0.292969



         count    pct
Coronin              
0         2048  100.0



           count        pct
Cortactin                  
0           1280  62.500000
00010        213  10.400391
10010        165   8.056641
10000         95   4.638672
01011         95   4.638672
01100         66   3.222656
01110         51   2.490234
00011         33   1.611328
01111         30   1.464844
1             14   0.683594
11011          6   0.292969



       count        pct
Dia1                   
0       1043  50.927734
1        556  27.148438
11101    104   5.078125
11011     95   4.638672
01011     49   2.392578
10101     48   2.343750
01100     37   1.806641
00111     33   1.611328
00101     25   1.220703
10010     21   1.025391
11100     16   0.781250
00100     15   0.732422
00001      6   0.292969



      count    pct
Dia2              
0      2048  100.0



          count        pct
Ena_Vasp                  
1          2047  99.951172
10            1   0.048828



              count        pct
IRSp53_Cdc42                  
1              1032  50.390625
0              1016  49.609375



             count        pct
IRSp53_Rac1                  
0             1280  62.500000
00010          213  10.400391
10010          165   8.056641
10000           95   4.638672
01011           95   4.638672
01100           66   3.222656
01110           51   2.490234
00011           33   1.611328
01111           30   1.464844
1               14   0.683594
11011            6   0.292969



       count        pct
LIMK                   
1       1753  85.595703
11011    117   5.712891
11110     77   3.759766
11001     51   2.490234
11000     30   1.464844
0         14   0.683594
00110      6   0.292969



      count        pct
NET1                  
0      1036  50.585938
1      1012  49.414062



     count        pct
PAK                  
1     1036  50.585938
0     1012  49.414062



      count        pct
PIP2                  
0      1034  50.488281
1      1014  49.511719



       count        pct
PKD                    
1       1280  62.500000
10111    213  10.400391
10101    165   8.056641
11101     95   4.638672
10010     95   4.638672
01110     66   3.222656
00110     51   2.490234
10011     33   1.611328
00010     30   1.464844
0         14   0.683594
10000      6   0.292969



          count        pct
Profilin                  
1          1081  52.783203
0           581  28.369141
11101       193   9.423828
10          150   7.324219
00110        26   1.269531
11010        14   0.683594
00010         3   0.146484



       count        pct
ROCK                   
1       1280  62.500000
01111    213  10.400391
01011    165   8.056641
11011     95   4.638672
00101     95   4.638672
11100     66   3.222656
01100     51   2.490234
00111     33   1.611328
00100     30   1.464844
0         14   0.683594
00001      6   0.292969



       count        pct
ROS                    
0       1280  62.500000
00010    213  10.400391
10010    165   8.056641
10000     95   4.638672
01011     95   4.638672
01100     66   3.222656
01110     51   2.490234
00011     33   1.611328
01111     30   1.464844
1         14   0.683594
11011      6   0.292969



       count        pct
Rac1                   
0       1280  62.500000
00100    213  10.400391
00101    165   8.056641
10110     95   4.638672
00001     95   4.638672
11000     66   3.222656
11100     51   2.490234
00110     33   1.611328
11110     30   1.464844
1         14   0.683594
10111      6   0.292969



       count        pct
RhoA                   
1       1280  62.500000
11110    213  10.400391
10110    165   8.056641
10111     95   4.638672
01010     95   4.638672
11001     66   3.222656
11000     51   2.490234
01110     33   1.611328
01000     30   1.464844
0         14   0.683594
00010      6   0.292969



       count        pct
SSH                    
0       1753  85.595703
01000    117   5.712891
00010     77   3.759766
01100     51   2.490234
01110     30   1.464844
1         14   0.683594
10011      6   0.292969



          count        pct
Thymosin                  
0           748  36.523438
1           624  30.468750
10          433  21.142578
01          243  11.865234



      count        pct
WASP                  
1       748  36.523438
0       624  30.468750
10      433  21.142578
01      243  11.865234



       count        pct
WAVE                   
0       1280  62.500000
11011    216  10.546875
00011    213  10.400391
1        145   7.080078
11000     95   4.638672
01110     66   3.222656
10011     33   1.611328



