                       count        pct
Actin_BR   Actin_ST                    
0          0             581  28.369141
           1             477  23.291016
1          1             242  11.816406
01         01            150   7.324219
1          10000         142   6.933594
           0             135   6.591797
1011000110 11110          95   4.638672
1          10100          68   3.320312
11110      11110          65   3.173828
1110011101 11110          33   1.611328
00010      00011          24   1.171875
1          1101010101     19   0.927734
01011      01101          14   0.683594
10111      00011           2   0.097656
1          01              1   0.048828



             count        pct
Rac1  RhoA                   
0     1       1280  62.500000
00100 11110    213  10.400391
00101 10110    165   8.056641
10110 01010     95   4.638672
00001 10111     95   4.638672
11000 11001     66   3.222656
11100 11000     51   2.490234
00110 01110     33   1.611328
11110 01000     30   1.464844
1     0         14   0.683594
10111 00010      6   0.292969



