          count    pct
ARHGAP22              
0          1024  100.0



          count        pct
Actin_BR                  
011         361  35.253906
001         299  29.199219
0           215  20.996094
1           149  14.550781



          count        pct
Actin_ST                  
1           522  50.976562
0           299  29.199219
110         168  16.406250
001          29   2.832031
01            6   0.585938



        count        pct
Arp2_3                  
110       361  35.253906
010       299  29.199219
0         215  20.996094
1         149  14.550781



    count        pct
CP                  
0     515  50.292969
1     509  49.707031



       count        pct
Cdc42                  
0        532  51.953125
1        492  48.046875



         count        pct
Cofilin                  
1          468  45.703125
011        347  33.886719
0          164  16.015625
01          45   4.394531



         count        pct
Coronin                  
1          821  80.175781
0          145  14.160156
01          58   5.664062



           count        pct
Cortactin                  
101          361  35.253906
100          299  29.199219
0            215  20.996094
1            149  14.550781



      count    pct
Dia1              
0      1024  100.0



      count        pct
Dia2                  
101     361  35.253906
100     299  29.199219
0       215  20.996094
1       149  14.550781



          count        pct
Ena_Vasp                  
1           758  74.023438
011         116  11.328125
0           107  10.449219
01           43   4.199219



              count        pct
IRSp53_Cdc42                  
0               532  51.953125
1               492  48.046875



             count    pct
IRSp53_Rac1              
0             1024  100.0



      count        pct
LIMK                  
0       989  96.582031
1        18   1.757812
10       17   1.660156



      count        pct
NET1                  
0       503  49.121094
101     233  22.753906
1       176  17.187500
001     112  10.937500



     count        pct
PAK                  
1      503  49.121094
100    233  22.753906
0      176  17.187500
101    112  10.937500



      count        pct
PIP2                  
1       515  50.292969
0       509  49.707031



     count    pct
PKD              
0     1024  100.0



          count        pct
Profilin                  
1           720  70.312500
0           182  17.773438
011         116  11.328125
10            6   0.585938



      count    pct
ROCK              
0      1024  100.0



     count        pct
ROS                  
101    361  35.253906
100    299  29.199219
0      215  20.996094
1      149  14.550781



      count        pct
Rac1                  
011     361  35.253906
001     299  29.199219
0       215  20.996094
1       149  14.550781



      count    pct
RhoA              
0      1024  100.0



     count        pct
SSH                  
1      821  80.175781
0      145  14.160156
10      58   5.664062



          count        pct
Thymosin                  
0           839  81.933594
1           102   9.960938
01           83   8.105469



      count        pct
WASP                  
1       719  70.214844
0       132  12.890625
110     116  11.328125
10       57   5.566406



      count        pct
WAVE                  
101     361  35.253906
100     299  29.199219
0       215  20.996094
1       149  14.550781



