          count        pct
ARHGAP22                  
1           658  64.257812
11011       103  10.058594
10101        57   5.566406
10111        52   5.078125
11010        37   3.613281
00101        27   2.636719
10011        24   2.343750
11001        19   1.855469
01001        17   1.660156
10001        14   1.367188
10000         9   0.878906
00001         4   0.390625
0             3   0.292969



            count        pct
Actin_BR                    
0             549  53.613281
1             240  23.437500
0100           53   5.175781
1100011010     52   5.078125
01111          40   3.906250
01             39   3.808594
1111001110     19   1.855469
00010          18   1.757812
00101          14   1.367188



            count        pct
Actin_ST                    
1             657  64.160156
0             132  12.890625
0111111111    111  10.839844
01             92   8.984375
10111          32   3.125000



            count        pct
Arp2_3                      
0             549  53.613281
1             240  23.437500
1000           53   5.175781
1000110101     52   5.078125
11110          40   3.906250
10             39   3.808594
1110011101     19   1.855469
00100          18   1.757812
01010          14   1.367188



      count        pct
CP                    
0       800  78.125000
1       132  12.890625
0100     53   5.175781
01       39   3.808594



       count        pct
Cdc42                  
1        514  50.195312
0        510  49.804688



            count        pct
Cofilin                     
0             803  78.417969
0100           53   5.175781
10111          50   4.882812
01             39   3.808594
10110          20   1.953125
01110          16   1.562500
10100          13   1.269531
1              11   1.074219
0001010000      7   0.683594
00110           6   0.585938
00010           4   0.390625
1000000000      2   0.195312



         count    pct
Coronin              
0         1024  100.0



           count        pct
Cortactin                  
0            658  64.257812
00001        103  10.058594
10010         57   5.566406
00010         52   5.078125
01001         37   3.613281
10110         27   2.636719
00011         24   2.343750
10001         19   1.855469
10101         17   1.660156
10011         14   1.367188
11011          9   0.878906
10111          4   0.390625
1              3   0.292969



       count        pct
Dia1                   
1        555  54.199219
0        132  12.890625
1101      53   5.175781
10111     53   5.175781
01111     52   5.078125
01        39   3.808594
11010     37   3.613281
10101     37   3.613281
10011     27   2.636719
10100     14   1.367188
10010     10   0.976562
00011      8   0.781250
00001      5   0.488281
00010      2   0.195312



      count    pct
Dia2              
0      1024  100.0



          count        pct
Ena_Vasp                  
1          1023  99.902344
01            1   0.097656



              count        pct
IRSp53_Cdc42                  
1               514  50.195312
0               510  49.804688



             count        pct
IRSp53_Rac1                  
0              658  64.257812
00001          103  10.058594
10010           57   5.566406
00010           52   5.078125
01001           37   3.613281
10110           27   2.636719
00011           24   2.343750
10001           19   1.855469
10101           17   1.660156
10011           14   1.367188
11011            9   0.878906
10111            4   0.390625
1                3   0.292969



      count    pct
LIMK              
1      1024  100.0



      count        pct
NET1                  
0       515  50.292969
1       509  49.707031



     count        pct
PAK                  
1      515  50.292969
0      509  49.707031



      count        pct
PIP2                  
1       521  50.878906
0       503  49.121094



       count        pct
PKD                    
1        658  64.257812
11011    103  10.058594
10101     57   5.566406
10111     52   5.078125
11010     37   3.613281
00101     27   2.636719
10011     24   2.343750
11001     19   1.855469
01001     17   1.660156
10001     14   1.367188
10000      9   0.878906
00001      4   0.390625
0          3   0.292969



            count        pct
Profilin                    
1             789  77.050781
1111111110    111  10.839844
1110           53   5.175781
10             39   3.808594
01111          32   3.125000



       count        pct
ROCK                   
1        658  64.257812
10111    103  10.058594
01011     57   5.566406
01111     52   5.078125
10101     37   3.613281
01010     27   2.636719
00111     24   2.343750
10011     19   1.855469
10010     17   1.660156
00011     14   1.367188
00001      9   0.878906
00010      4   0.390625
0          3   0.292969



       count        pct
ROS                    
0        658  64.257812
00001    103  10.058594
10010     57   5.566406
00010     52   5.078125
01001     37   3.613281
10110     27   2.636719
00011     24   2.343750
10001     19   1.855469
10101     17   1.660156
10011     14   1.367188
11011      9   0.878906
10111      4   0.390625
1          3   0.292969



       count        pct
Rac1                   
0        658  64.257812
00010    103  10.058594
00101     57   5.566406
00100     52   5.078125
10010     37   3.613281
01101     27   2.636719
00110     24   2.343750
00011     19   1.855469
01011     17   1.660156
00111     14   1.367188
10111      9   0.878906
01111      4   0.390625
1          3   0.292969



       count        pct
RhoA                   
1        658  64.257812
01111    103  10.058594
10110     57   5.566406
11110     52   5.078125
01011     37   3.613281
10100     27   2.636719
01110     24   2.343750
00111     19   1.855469
00101     17   1.660156
00110     14   1.367188
00010      9   0.878906
00100      4   0.390625
0          3   0.292969



     count    pct
SSH              
0     1024  100.0



          count        pct
Thymosin                  
01          368  35.937500
1           346  33.789062
0           310  30.273438



      count        pct
WASP                  
01      368  35.937500
0       346  33.789062
1       310  30.273438



       count        pct
WAVE                   
0        658  64.257812
10001    103  10.058594
11011     68   6.640625
1         60   5.859375
00011     52   5.078125
11101     40   3.906250
10011     24   2.343750
11001     19   1.855469



