                       count        pct
Actin_BR   Actin_ST                    
0          1             549  53.613281
1          0             132  12.890625
           1             108  10.546875
0100       01             53   5.175781
1100011010 0111111111     52   5.078125
01111      0111111111     40   3.906250
01         01             39   3.808594
1111001110 0111111111     19   1.855469
00010      10111          18   1.757812
00101      10111          14   1.367188



             count        pct
Rac1  RhoA                   
0     1        658  64.257812
00010 01111    103  10.058594
00101 10110     57   5.566406
00100 11110     52   5.078125
10010 01011     37   3.613281
01101 10100     27   2.636719
00110 01110     24   2.343750
00011 00111     19   1.855469
01011 00101     17   1.660156
00111 00110     14   1.367188
10111 00010      9   0.878906
01111 00100      4   0.390625
1     0          3   0.292969



