          count        pct
ARHGAP22                  
0           595  58.105469
100         148  14.453125
1           114  11.132812
001          98   9.570312
011110       69   6.738281



          count        pct
Actin_BR                  
1           513  50.097656
100         148  14.453125
0           117  11.425781
001          98   9.570312
000010       69   6.738281
110          60   5.859375
011          19   1.855469



          count    pct
Actin_ST              
0          1024  100.0



        count        pct
Arp2_3                  
1         513  50.097656
001       148  14.453125
0         117  11.425781
010        98   9.570312
000100     69   6.738281
101        60   5.859375
110        19   1.855469



        count        pct
CP                      
1         533  52.050781
0         387  37.792969
001000     69   6.738281
001010     19   1.855469
001        10   0.976562
110         4   0.390625
10          2   0.195312



       count       pct
Cdc42                 
0        520  50.78125
1        504  49.21875



         count        pct
Cofilin                  
1          397  38.769531
0          354  34.570312
01         117  11.425781
100         84   8.203125
010000      29   2.832031
011         24   2.343750
010001      19   1.855469



         count    pct
Coronin              
0         1024  100.0



           count        pct
Cortactin                  
1            513  50.097656
010          148  14.453125
0            117  11.425781
100           98   9.570312
001000        69   6.738281
011           60   5.859375
101           19   1.855469



        count        pct
Dia1                    
0         821  80.175781
111100     69   6.738281
010        69   6.738281
100        61   5.957031
1           4   0.390625



        count        pct
Dia2                    
1         627  61.230469
011       208  20.312500
110       117  11.425781
111100     69   6.738281
0           3   0.292969



          count        pct
Ena_Vasp                  
1           846  82.617188
101110       98   9.570312
101111       33   3.222656
10           21   2.050781
010          13   1.269531
001111        9   0.878906
0             4   0.390625



              count       pct
IRSp53_Cdc42                 
0               520  50.78125
1               504  49.21875



             count        pct
IRSp53_Rac1                  
1              513  50.097656
010            148  14.453125
0              117  11.425781
100             98   9.570312
001000          69   6.738281
011             60   5.859375
101             19   1.855469



        count        pct
LIMK                    
0         592  57.812500
1         363  35.449219
011111     69   6.738281



        count        pct
NET1                    
0         516  50.390625
110       148  14.453125
1         114  11.132812
101        98   9.570312
111011     69   6.738281
010        60   5.859375
001        19   1.855469



        count        pct
PAK                     
1         516  50.390625
010       148  14.453125
0         114  11.132812
100        98   9.570312
001000     69   6.738281
011        60   5.859375
101        19   1.855469



      count        pct
PIP2                  
0       533  52.050781
1       491  47.949219



        count        pct
PKD                     
0         595  58.105469
100       148  14.453125
1         114  11.132812
001        98   9.570312
011110     69   6.738281



          count    pct
Profilin              
0          1024  100.0



        count        pct
ROCK                    
0         595  58.105469
001       148  14.453125
1         114  11.132812
010        98   9.570312
111100     69   6.738281



        count        pct
ROS                     
1         513  50.097656
010       148  14.453125
0         117  11.425781
100        98   9.570312
001000     69   6.738281
011        60   5.859375
101        19   1.855469



        count        pct
Rac1                    
1         513  50.097656
100       148  14.453125
0         117  11.425781
001        98   9.570312
010000     69   6.738281
110        60   5.859375
011        19   1.855469



        count        pct
RhoA                    
0         595  58.105469
010       148  14.453125
1         114  11.132812
100        98   9.570312
111001     69   6.738281



     count        pct
SSH                  
1      513  50.097656
0      432  42.187500
011     60   5.859375
101     19   1.855469



          count        pct
Thymosin                  
0           584  57.031250
01          269  26.269531
1           171  16.699219



        count        pct
WASP                    
1         500  48.828125
01        240  23.437500
0         171  16.699219
011        84   8.203125
000101     29   2.832031



        count        pct
WAVE                    
1         592  57.812500
011       148  14.453125
0         117  11.425781
110        98   9.570312
001100     69   6.738281



