          count        pct
ARHGAP22                  
1           563  54.980469
0           160  15.625000
11110       146  14.257812
11010        72   7.031250
10011        51   4.980469
10001        25   2.441406
100           7   0.683594



          count        pct
Actin_BR                  
1           502  49.023438
0           474  46.289062
011          39   3.808594
010           9   0.878906



          count        pct
Actin_ST                  
1           530  51.757812
0           474  46.289062
010          20   1.953125



        count        pct
Arp2_3                  
1         502  49.023438
0         474  46.289062
110        39   3.808594
100         9   0.878906



     count        pct
CP                   
0      755  73.730469
1      249  24.316406
011     16   1.562500
100      4   0.390625



       count        pct
Cdc42                  
0        519  50.683594
1        505  49.316406



         count        pct
Cofilin                  
0          644  62.890625
1          226  22.070312
10111       78   7.617188
11010       36   3.515625
101         28   2.734375
11000       12   1.171875



         count        pct
Coronin                  
0          781  76.269531
1          160  15.625000
00001       51   4.980469
10001       25   2.441406
110          7   0.683594



           count        pct
Cortactin                  
0            576  56.250000
01000        146  14.257812
1            106  10.351562
00011         76   7.421875
01001         72   7.031250
101           32   3.125000
100           16   1.562500



      count    pct
Dia1              
0      1024  100.0



      count        pct
Dia2                  
1       983  95.996094
110      39   3.808594
0         2   0.195312



          count        pct
Ena_Vasp                  
1          1015  99.121094
101           5   0.488281
0             4   0.390625



              count        pct
IRSp53_Cdc42                  
0               519  50.683594
1               505  49.316406



             count        pct
IRSp53_Rac1                  
0              576  56.250000
01000          146  14.257812
1              106  10.351562
01001           72   7.031250
00011           51   4.980469
101             39   3.808594
10011           25   2.441406
001              9   0.878906



       count        pct
LIMK                   
1        781  76.269531
0        160  15.625000
11110     51   4.980469
01110     25   2.441406
001        7   0.683594



      count        pct
NET1                  
0       507  49.511719
1       469  45.800781
001      39   3.808594
011       9   0.878906



     count        pct
PAK                  
1      507  49.511719
0      469  45.800781
101     39   3.808594
001      9   0.878906



      count        pct
PIP2                  
1       527  51.464844
0       497  48.535156



       count        pct
PKD                    
1        563  54.980469
0        160  15.625000
11110    146  14.257812
11010     72   7.031250
10011     51   4.980469
10001     25   2.441406
100        7   0.683594



          count        pct
Profilin                  
1           795  77.636719
0           225  21.972656
101           4   0.390625



       count        pct
ROCK                   
1        563  54.980469
0        160  15.625000
11101    146  14.257812
10101     72   7.031250
00111     51   4.980469
00011     25   2.441406
001        7   0.683594



       count        pct
ROS                    
0        576  56.250000
01000    146  14.257812
1        106  10.351562
01001     72   7.031250
00011     51   4.980469
101       39   3.808594
10011     25   2.441406
001        9   0.878906



       count        pct
Rac1                   
0        576  56.250000
10000    146  14.257812
1        106  10.351562
10010     72   7.031250
00110     51   4.980469
011       39   3.808594
00111     25   2.441406
010        9   0.878906



       count        pct
RhoA                   
1        585  57.128906
11011    146  14.257812
0        106  10.351562
01011     72   7.031250
01110     51   4.980469
101       39   3.808594
00110     25   2.441406



       count        pct
SSH                    
0        781  76.269531
1        160  15.625000
00010     51   4.980469
00011     25   2.441406
101        7   0.683594



          count    pct
Thymosin              
0          1024  100.0



      count        pct
WASP                  
1       794  77.539062
0       225  21.972656
011       5   0.488281



       count        pct
WAVE                   
0        576  56.250000
01100    146  14.257812
1        145  14.160156
11101     97   9.472656
10011     51   4.980469
101        9   0.878906



