                     count    pct
cycle_Actin_BR_norm              
1                     2579  51.58
0011                  1164  23.28
0111                   849  16.98
010                    123   2.46
01011                  117   2.34
01                      87   1.74
011                     81   1.62



                     count    pct
cycle_Actin_ST_norm              
0                     2395  47.90
0100                  1423  28.46
1001                   629  12.58
1                      143   2.86
011000                 123   2.46
01000                  117   2.34
01                      89   1.78
010                     81   1.62



                   count    pct
cycle_Arp2_3_norm              
1                   2579  51.58
0110                1164  23.28
1110                 849  16.98
100                  123   2.46
10110                117   2.34
10                    87   1.74
110                   81   1.62



               count    pct
cycle_CP_norm              
0               2536  50.72
1               2464  49.28



                  count    pct
cycle_Cdc42_norm              
1                  2503  50.06
0                  2497  49.94



                    count    pct
cycle_Cofilin_norm              
0                    4693  93.86
1                     305   6.10
01                      2   0.04



                    count    pct
cycle_Coronin_norm              
0                    3257  65.14
0010                 1164  23.28
1                     479   9.58
0111                   79   1.58
01                     21   0.42



                      count    pct
cycle_Cortactin_norm              
1                      3713  74.26
1110                   1164  23.28
111101                  123   2.46



                 count    pct
cycle_Dia1_norm              
0                 2485  49.70
1                 1231  24.62
0011               614  12.28
0111               343   6.86
100011             123   2.46
00001              117   2.34
01                  87   1.74



                 count    pct
cycle_Dia2_norm              
1                 2536  50.72
1110              2052  41.04
111011             123   2.46
11101              117   2.34
01                  91   1.82
101                 81   1.62



                     count    pct
cycle_Ena_Vasp_norm              
1                     4837  96.74
111100                 123   2.46
1011                    40   0.80



                   count    pct
cycle_IRSp53_norm              
1                   2620  52.40
0                   2217  44.34
111001               123   2.46
0111                  40   0.80



                 count    pct
cycle_LIMK_norm              
1                 3257  65.14
1101              1164  23.28
0                  479   9.58
1000                79   1.58
10                  21   0.42



                count    pct
cycle_PAK_norm              
1                4837  96.74
111001            123   2.46
0111               40   0.80



                 count    pct
cycle_PIP2_norm              
1                 2536  50.72
0                 2464  49.28



                count    pct
cycle_PKD_norm              
1                2378  47.56
0110             1164  23.28
1110              809  16.18
0                 479   9.58
10                 91   1.82
0010               79   1.58



                     count    pct
cycle_Profilin_norm              
0                     2393  47.86
1000                  1423  28.46
0011                   550  11.00
1                      143   2.86
110000                 123   2.46
10000                  117   2.34
10                      91   1.82
110                     81   1.62
1011                    79   1.58



                 count    pct
cycle_ROCK_norm              
1                 2378  47.56
1100              1164  23.28
1101               809  16.18
0                  479   9.58
01                  91   1.82
0100                79   1.58



                  count    pct
cycle_ROCK__norm              
1                  2378  47.56
0110               1164  23.28
1110                809  16.18
0                   479   9.58
10                   91   1.82
0010                 79   1.58



                 count    pct
cycle_Rac1_norm              
0                 2378  47.56
1100              1164  23.28
1000               809  16.18
1                  158   3.16
110011             123   2.46
11011              117   2.34
10                  91   1.82
011                 81   1.62
1110                79   1.58



                 count    pct
cycle_RhoA_norm              
1                 2378  47.56
1001              1204  24.08
1011               809  16.18
0                  158   3.16
000111             123   2.46
00010              117   2.34
10                  91   1.82
010                 81   1.62
0100                39   0.78



                count    pct
cycle_SSH_norm              
0                3257  65.14
0100             1164  23.28
1                 479   9.58
1110               79   1.58
10                 21   0.42



                     count    pct
cycle_Thymosin_norm              
1                     4693  93.86
0                      305   6.10
01                       2   0.04



                 count    pct
cycle_WASP_norm              
0                 5000  100.0



                 count    pct
cycle_WAVE_norm              
0                 2378  47.56
0110              1164  23.28
0100               809  16.18
1                  158   3.16
111001             123   2.46
11101              117   2.34
01                  91   1.82
101                 81   1.62
0111                79   1.58



