          count    pct
ARHGAP22              
0          1024  100.0



          count        pct
Actin_BR                  
1           468  45.703125
0           236  23.046875
001         233  22.753906
101          87   8.496094



          count        pct
Actin_ST                  
1           424  41.406250
0           375  36.621094
001         165  16.113281
10           60   5.859375



        count        pct
Arp2_3                  
1         468  45.703125
0         236  23.046875
010       233  22.753906
011        87   8.496094



     count        pct
CP                   
0      623  60.839844
1      233  22.753906
001    123  12.011719
101     42   4.101562
10       3   0.292969



       count        pct
Cdc42                  
0        514  50.195312
1        510  49.804688



         count        pct
Cofilin                  
1          648  63.281250
101        155  15.136719
0          121  11.816406
01         100   9.765625



         count        pct
Coronin                  
1          834  81.445312
01         119  11.621094
0           71   6.933594



           count        pct
Cortactin                  
1            468  45.703125
0            236  23.046875
100          233  22.753906
110           87   8.496094



      count    pct
Dia1              
0      1024  100.0



      count        pct
Dia2                  
0       514  50.195312
1       510  49.804688



          count        pct
Ena_Vasp                  
1           745  72.753906
011         123  12.011719
0           113  11.035156
01           43   4.199219



              count        pct
IRSp53_Cdc42                  
0               514  50.195312
1               510  49.804688



             count        pct
IRSp53_Rac1                  
1              468  45.703125
0              236  23.046875
100            233  22.753906
110             87   8.496094



      count        pct
LIMK                  
0       989  96.582031
10       25   2.441406
1        10   0.976562



      count        pct
NET1                  
0       520  50.781250
101     233  22.753906
1       184  17.968750
100      87   8.496094



     count        pct
PAK                  
1      520  50.781250
100    233  22.753906
0      184  17.968750
110     87   8.496094



      count        pct
PIP2                  
1       515  50.292969
0       509  49.707031



     count    pct
PKD              
0     1024  100.0



          count        pct
Profilin                  
1           702  68.554688
0           139  13.574219
011         123  12.011719
01           60   5.859375



      count    pct
ROCK              
0      1024  100.0



     count        pct
ROS                  
1      468  45.703125
0      236  23.046875
100    233  22.753906
110     87   8.496094



      count        pct
Rac1                  
1       468  45.703125
0       236  23.046875
001     233  22.753906
101      87   8.496094



      count    pct
RhoA              
0      1024  100.0



     count        pct
SSH                  
1      834  81.445312
10     119  11.621094
0       71   6.933594



          count        pct
Thymosin                  
0           830  81.054688
01          122  11.914062
1            72   7.031250



      count        pct
WASP                  
1       696  67.968750
0       139  13.574219
110     123  12.011719
10       66   6.445312



      count        pct
WAVE                  
1       555  54.199219
0       236  23.046875
110     233  22.753906



