                   count        pct
Actin_BR Actin_ST                  
1        0           236  23.046875
         1           232  22.656250
0        0           139  13.574219
001      001         123  12.011719
         1           110  10.742188
0        10           60   5.859375
101      1            45   4.394531
         001          42   4.101562
0        1            37   3.613281



           count        pct
Rac1 RhoA                  
1    0       468  45.703125
0    0       236  23.046875
001  0       233  22.753906
101  0        87   8.496094



