          count        pct
ARHGAP22                  
0           756  73.828125
1           268  26.171875



          count        pct
Actin_BR                  
1           685  66.894531
0           212  20.703125
110         102   9.960938
10           25   2.441406



          count    pct
Actin_ST              
0          1024  100.0



        count        pct
Arp2_3                  
1         685  66.894531
0         212  20.703125
101       102   9.960938
01         25   2.441406



     count        pct
CP                   
0      572  55.859375
1      336  32.812500
110     64   6.250000
10      52   5.078125



       count        pct
Cdc42                  
1        540  52.734375
0        484  47.265625



         count        pct
Cofilin                  
1          680  66.406250
0          163  15.917969
10         143  13.964844
101         38   3.710938



         count        pct
Coronin                  
1          756  73.828125
01         212  20.703125
0           56   5.468750



           count        pct
Cortactin                  
1            654  63.867188
0            268  26.171875
011          102   9.960938



      count        pct
Dia1                  
0       680  66.406250
1       223  21.777344
100      64   6.250000
011      38   3.710938
10       19   1.855469



      count        pct
Dia2                  
1       738  72.070312
0       184  17.968750
101     102   9.960938



          count        pct
Ena_Vasp                  
1           825  80.566406
0           112  10.937500
10           87   8.496094



              count        pct
IRSp53_Cdc42                  
1               540  52.734375
0               484  47.265625



             count        pct
IRSp53_Rac1                  
1              654  63.867188
0              268  26.171875
011            102   9.960938



      count        pct
LIMK                  
0       756  73.828125
10      212  20.703125
1        56   5.468750



      count        pct
NET1                  
0       724  70.703125
1       198  19.335938
010     102   9.960938



     count        pct
PAK                  
1      724  70.703125
0      198  19.335938
011    102   9.960938



      count        pct
PIP2                  
0       517  50.488281
1       507  49.511719



     count    pct
PKD              
0     1024  100.0



          count    pct
Profilin              
0          1024  100.0



      count        pct
ROCK                  
0       756  73.828125
1       268  26.171875



     count        pct
ROS                  
1      654  63.867188
0      268  26.171875
011    102   9.960938



      count        pct
Rac1                  
1       654  63.867188
0       268  26.171875
110     102   9.960938



      count        pct
RhoA                  
0       654  63.867188
1       268  26.171875
011     102   9.960938



     count        pct
SSH                  
1      756  73.828125
10     212  20.703125
0       56   5.468750



          count        pct
Thymosin                  
0           752  73.437500
10          206  20.117188
1            66   6.445312



      count       pct
WASP                 
1       752  73.43750
10      152  14.84375
0       120  11.71875



      count        pct
WAVE                  
1       756  73.828125
0       268  26.171875



