          count       pct
Actin_BR                 
1           904  88.28125
1110        120  11.71875



          count    pct
Actin_ST              
0          1024  100.0



        count       pct
Arp2_3                 
1         904  88.28125
1101      120  11.71875



    count     pct
CP               
1     544  53.125
0     480  46.875



       count        pct
Cdc42                  
1        518  50.585938
0        506  49.414062



         count        pct
Cofilin                  
0          727  70.996094
1          119  11.621094
01          64   6.250000
1110        56   5.468750
0010        41   4.003906
1001        17   1.660156



         count        pct
Coronin                  
0          638  62.304688
1000       169  16.503906
0111       121  11.816406
1           92   8.984375
10           4   0.390625



           count        pct
Cortactin                  
1            855  83.496094
1011         169  16.503906



      count        pct
Dia1                  
0       596  58.203125
1       200  19.531250
0011     89   8.691406
1110     79   7.714844
1000     39   3.808594
10       21   2.050781



      count        pct
Dia2                  
1       534  52.148438
0111    450  43.945312
01       40   3.906250



          count        pct
Ena_Vasp                  
1          1009  98.535156
1011         15   1.464844



        count        pct
IRSp53                  
1         566  55.273438
0         406  39.648438
1011       52   5.078125



      count        pct
LIMK                  
1       638  62.304688
0111    169  16.503906
1000    121  11.816406
0        92   8.984375
01        4   0.390625



      count        pct
PAK                   
1       972  94.921875
1011     52   5.078125



      count     pct
PIP2               
0       544  53.125
1       480  46.875



      count        pct
PKD                   
1       442  43.164062
1001    169  16.503906
1011    160  15.625000
0010    121  11.816406
0        92   8.984375
10       40   3.906250



          count    pct
Profilin              
0          1024  100.0



      count        pct
ROCK                  
1       442  43.164062
0011    169  16.503906
0111    160  15.625000
0100    121  11.816406
0        92   8.984375
01       40   3.906250



       count        pct
ROCK_                  
1        442  43.164062
1001     169  16.503906
1011     160  15.625000
0010     121  11.816406
0         92   8.984375
10        40   3.906250



      count        pct
Rac1                  
0       442  43.164062
0011    169  16.503906
0010    160  15.625000
1110    121  11.816406
1        92   8.984375
10       40   3.906250



      count        pct
RhoA                  
1       442  43.164062
0110    221  21.582031
1110    160  15.625000
0        92   8.984375
1000     69   6.738281
10       40   3.906250



      count        pct
SSH                   
0       638  62.304688
0001    169  16.503906
1110    121  11.816406
1        92   8.984375
01        4   0.390625



          count        pct
Thymosin                  
0           475  46.386719
01          246  24.023438
10          184  17.968750
1           119  11.621094



      count        pct
WASP                  
1       475  46.386719
01      246  24.023438
10      184  17.968750
0       119  11.621094



      count        pct
WAVE                  
0       442  43.164062
1001    169  16.503906
0001    160  15.625000
0111    121  11.816406
1        92   8.984375
01       40   3.906250



