                     count        pct
Actin_BR Actin_ST                    
0        1             381  37.207031
         0111111111    264  25.781250
         01111         247  24.121094
         10011          54   5.273438
         10111111       38   3.710938
         1011111011     26   2.539062
         01011111        7   0.683594
         01110101        3   0.292969
         10010010        2   0.195312
         00000111        2   0.195312



                   count        pct
Rac1     RhoA                      
10000    11011       699  68.261719
10100    11010       196  19.140625
00011110 01111000     76   7.421875
00101101 10110100     38   3.710938
0        1            15   1.464844



