          count    pct
ARHGAP22              
0          1024  100.0



          count        pct
Actin_BR                  
1           486  47.460938
001         222  21.679688
0           219  21.386719
110          97   9.472656



          count        pct
Actin_ST                  
0          1013  98.925781
10            9   0.878906
1             2   0.195312



        count        pct
Arp2_3                  
1         486  47.460938
010       222  21.679688
0         219  21.386719
101        97   9.472656



     count        pct
CP                   
1      486  47.460938
001    222  21.679688
0      219  21.386719
110     97   9.472656



       count        pct
Cdc42                  
1        517  50.488281
0        507  49.511719



         count        pct
Cofilin                  
1          656  64.062500
0          169  16.503906
101        129  12.597656
10          70   6.835938



         count        pct
Coronin                  
1          821  80.175781
0          141  13.769531
01          62   6.054688



           count        pct
Cortactin                  
1            486  47.460938
100          222  21.679688
0            219  21.386719
011           97   9.472656



      count    pct
Dia1              
0      1024  100.0



      count        pct
Dia2                  
1       517  50.488281
0       507  49.511719



          count    pct
Ena_Vasp              
0          1024  100.0



              count        pct
IRSp53_Cdc42                  
1               517  50.488281
0               507  49.511719



             count        pct
IRSp53_Rac1                  
1              486  47.460938
100            222  21.679688
0              219  21.386719
011             97   9.472656



      count        pct
LIMK                  
0       993  96.972656
10       18   1.757812
1        13   1.269531



      count        pct
NET1                  
0       525  51.269531
101     222  21.679688
1       180  17.578125
010      97   9.472656



     count        pct
PAK                  
1      525  51.269531
100    222  21.679688
0      180  17.578125
011     97   9.472656



      count        pct
PIP2                  
0       541  52.832031
1       483  47.167969



     count    pct
PKD              
0     1024  100.0



          count        pct
Profilin                  
1           705  68.847656
011         137  13.378906
0           134  13.085938
01           48   4.687500



      count    pct
ROCK              
0      1024  100.0



     count        pct
ROS                  
1      486  47.460938
100    222  21.679688
0      219  21.386719
011     97   9.472656



      count        pct
Rac1                  
1       486  47.460938
001     222  21.679688
0       219  21.386719
110      97   9.472656



      count    pct
RhoA              
0      1024  100.0



     count        pct
SSH                  
1      821  80.175781
0      141  13.769531
10      62   6.054688



          count        pct
Thymosin                  
0           819  79.980469
1           107  10.449219
10           98   9.570312



      count        pct
WASP                  
1       681  66.503906
110     137  13.378906
0       134  13.085938
10       72   7.031250



      count        pct
WAVE                  
1       583  56.933594
110     222  21.679688
0       219  21.386719



