          count        pct
ARHGAP22                  
0           869  84.863281
1           101   9.863281
011110       54   5.273438



          count        pct
Actin_BR                  
1           518  50.585938
100         221  21.582031
0           152  14.843750
011          79   7.714844
000010       54   5.273438



          count        pct
Actin_ST                  
0           797  77.832031
101         118  11.523438
010          38   3.710938
111000       28   2.734375
011110       18   1.757812
10           12   1.171875
001000        8   0.781250
1             5   0.488281



        count        pct
Arp2_3                  
1         518  50.585938
001       221  21.582031
0         152  14.843750
110        79   7.714844
000100     54   5.273438



        count        pct
CP                      
1         787  76.855469
100       118  11.523438
000010     54   5.273438
011        38   3.710938
0          27   2.636719



       count        pct
Cdc42                  
1        526  51.367188
0        498  48.632812



         count        pct
Cofilin                  
1          660  64.453125
110        156  15.234375
0           88   8.593750
10          74   7.226562
000001      28   2.734375
010         18   1.757812



         count        pct
Coronin                  
1          837  81.738281
10          78   7.617188
0           55   5.371094
01          54   5.273438



           count        pct
Cortactin                  
1            518  50.585938
010          221  21.582031
0            152  14.843750
101           79   7.714844
001000        54   5.273438



        count        pct
Dia1                    
0         846  82.617188
001       118  11.523438
111100     54   5.273438
1           6   0.585938



        count        pct
Dia2                    
1         630  61.523438
101       300  29.296875
111100     54   5.273438
0          40   3.906250



          count    pct
Ena_Vasp              
0          1024  100.0



              count        pct
IRSp53_Cdc42                  
1               526  51.367188
0               498  48.632812



             count        pct
IRSp53_Rac1                  
1              518  50.585938
010            221  21.582031
0              152  14.843750
101             79   7.714844
001000          54   5.273438



        count        pct
LIMK                    
0         837  81.738281
01         78   7.617188
1          55   5.371094
001010     54   5.273438



        count        pct
NET1                    
0         558  54.492188
110       221  21.582031
1         112  10.937500
001        79   7.714844
111011     54   5.273438



        count        pct
PAK                     
1         558  54.492188
010       221  21.582031
0         112  10.937500
101        79   7.714844
001000     54   5.273438



      count        pct
PIP2                  
0       534  52.148438
1       490  47.851562



     count    pct
PKD              
0     1024  100.0



          count        pct
Profilin                  
1           737  71.972656
0           141  13.769531
011         103  10.058594
111001       28   2.734375
011000        8   0.781250
10            7   0.683594



        count        pct
ROCK                    
0         869  84.863281
1         101   9.863281
111100     54   5.273438



        count        pct
ROS                     
1         518  50.585938
010       221  21.582031
0         152  14.843750
101        79   7.714844
001000     54   5.273438



        count        pct
Rac1                    
1         518  50.585938
100       221  21.582031
0         152  14.843750
011        79   7.714844
010000     54   5.273438



        count        pct
RhoA                    
0         637  62.207031
010       221  21.582031
1         112  10.937500
111001     54   5.273438



     count        pct
SSH                  
1      837  81.738281
01      78   7.617188
0       55   5.371094
10      54   5.273438



          count        pct
Thymosin                  
0           837  81.738281
10           81   7.910156
1            78   7.617188
01           28   2.734375



      count        pct
WASP                  
1       723  70.605469
0       140  13.671875
110     103  10.058594
10       30   2.929688
01       28   2.734375



        count        pct
WAVE                    
1         597  58.300781
011       221  21.582031
0         152  14.843750
001100     54   5.273438



