                   count        pct
Actin_BR Actin_ST                  
1        0           448  21.875000
0        0           441  21.533203
         1           436  21.289062
1        11101       256  12.500000
         00001       136   6.640625
         10010        73   3.564453
110      110          55   2.685547
1        01110        54   2.636719
         11000        46   2.246094
         1            46   2.246094
110      0            40   1.953125
100      0            17   0.830078



             count        pct
Rac1  RhoA                   
0     1       1016  49.609375
00001 10111    299  14.599609
1     0        272  13.281250
10100 11010    166   8.105469
11000 11001    101   4.931641
110   011       95   4.638672
00111 00110     82   4.003906
100   1         17   0.830078



