          count        pct
ARHGAP22                  
0           908  88.671875
111001      104  10.156250
1            12   1.171875



          count        pct
Actin_BR                  
100         389  37.988281
011         352  34.375000
1           117  11.425781
001000      104  10.156250
0            62   6.054688



           count        pct
Actin_ST                   
1            457  44.628906
001          287  28.027344
0             95   9.277344
101           77   7.519531
111000        65   6.347656
10            16   1.562500
111010        12   1.171875
111001        10   0.976562
000111000      5   0.488281



        count        pct
Arp2_3                  
001       389  37.988281
110       352  34.375000
1         117  11.425781
010000    104  10.156250
0          62   6.054688



        count        pct
CP                      
0         510  49.804688
100       185  18.066406
110       179  17.480469
001000     75   7.324219
1          63   6.152344
10         12   1.171875



       count       pct
Cdc42                 
1        520  50.78125
0        504  49.21875



         count        pct
Cofilin                  
1          476  46.484375
011        377  36.816406
010011      57   5.566406
0           53   5.175781
01          22   2.148438
001000      22   2.148438
001         17   1.660156



         count        pct
Coronin                  
1          886  86.523438
01         104  10.156250
10          22   2.148438
0           12   1.171875



           count        pct
Cortactin                  
010          389  37.988281
101          352  34.375000
1            117  11.425781
100000       104  10.156250
0             57   5.566406
000111100      5   0.488281



           count        pct
Dia1                       
0            683  66.699219
010          220  21.484375
110011       104  10.156250
1             12   1.171875
011110000      5   0.488281



           count        pct
Dia2                       
1            532  51.953125
010          220  21.484375
0            163  15.917969
110011       104  10.156250
011110000      5   0.488281



          count        pct
Ena_Vasp                  
1           802  78.320312
011         108  10.546875
000010       57   5.566406
01           22   2.148438
0            21   2.050781
10           14   1.367188



              count       pct
IRSp53_Cdc42                 
1               520  50.78125
0               504  49.21875



             count    pct
IRSp53_Rac1              
0             1024  100.0



        count        pct
LIMK                    
0         886  86.523438
101000    104  10.156250
01         22   2.148438
1          12   1.171875



           count        pct
NET1                       
0            600  58.593750
101          220  21.484375
101111       104  10.156250
001           83   8.105469
1             12   1.171875
111100001      5   0.488281



           count        pct
PAK                        
1            600  58.593750
100          220  21.484375
100000       104  10.156250
101           83   8.105469
0             12   1.171875
000111100      5   0.488281



      count       pct
PIP2                 
1       520  50.78125
0       504  49.21875



     count    pct
PKD              
0     1024  100.0



           count        pct
Profilin                   
1            788  76.953125
011          108  10.546875
111001        65   6.347656
111101        22   2.148438
0             20   1.953125
01            16   1.562500
001111110      5   0.488281



        count        pct
ROCK                    
0         908  88.671875
110011    104  10.156250
1          12   1.171875



           count        pct
ROS                        
010          389  37.988281
101          352  34.375000
1            117  11.425781
100000       104  10.156250
0             57   5.566406
000111100      5   0.488281



           count        pct
Rac1                       
100          389  37.988281
011          352  34.375000
1            117  11.425781
000001       104  10.156250
0             57   5.566406
001111000      5   0.488281



           count        pct
RhoA                       
0            683  66.699219
100          220  21.484375
100111       104  10.156250
1             12   1.171875
111100000      5   0.488281



     count        pct
SSH                  
1      886  86.523438
10     104  10.156250
01      22   2.148438
0       12   1.171875



          count        pct
Thymosin                  
0           872  85.156250
010100       57   5.566406
1            39   3.808594
01           34   3.320312
10           22   2.148438



        count        pct
WASP                    
1         764  74.609375
110       108  10.546875
000100     57   5.566406
0          41   4.003906
01         32   3.125000
10         22   2.148438



           count        pct
WAVE                       
010          389  37.988281
101          352  34.375000
1            117  11.425781
100000       104  10.156250
0             57   5.566406
000111100      5   0.488281



