          count    pct
ARHGAP22              
0          1024  100.0



          count        pct
Actin_BR                  
1           467  45.605469
0           246  24.023438
100         233  22.753906
011          78   7.617188



          count        pct
Actin_ST                  
1           421  41.113281
0           399  38.964844
001         155  15.136719
10           49   4.785156



        count        pct
Arp2_3                  
1         467  45.605469
0         246  24.023438
001       233  22.753906
110        78   7.617188



     count        pct
CP                   
0      614  59.960938
1      253  24.707031
001    121  11.816406
101     34   3.320312
10       2   0.195312



       count        pct
Cdc42                  
0        529  51.660156
1        495  48.339844



         count        pct
Cofilin                  
1          606  59.179688
0          202  19.726562
110        156  15.234375
01          60   5.859375



         count        pct
Coronin                  
1          797  77.832031
0          169  16.503906
01          58   5.664062



           count        pct
Cortactin                  
1            467  45.605469
0            246  24.023438
010          233  22.753906
101           78   7.617188



      count    pct
Dia1              
0      1024  100.0



      count        pct
Dia2                  
0       529  51.660156
1       495  48.339844



          count        pct
Ena_Vasp                  
1           745  72.753906
011         121  11.816406
0           114  11.132812
01           44   4.296875



              count        pct
IRSp53_Cdc42                  
0               529  51.660156
1               495  48.339844



             count        pct
IRSp53_Rac1                  
1              467  45.605469
0              246  24.023438
010            233  22.753906
101             78   7.617188



      count        pct
LIMK                  
0       995  97.167969
01       16   1.562500
1        13   1.269531



      count    pct
NET1              
0      1024  100.0



     count        pct
PAK                  
1      505  49.316406
010    233  22.753906
0      208  20.312500
101     78   7.617188



      count        pct
PIP2                  
1       513  50.097656
0       511  49.902344



     count    pct
PKD              
0     1024  100.0



          count        pct
Profilin                  
1           710  69.335938
0           144  14.062500
011         121  11.816406
01           49   4.785156



      count    pct
ROCK              
0      1024  100.0



     count        pct
ROS                  
1      467  45.605469
0      246  24.023438
010    233  22.753906
101     78   7.617188



      count        pct
Rac1                  
1       467  45.605469
0       246  24.023438
100     233  22.753906
011      78   7.617188



      count    pct
RhoA              
0      1024  100.0



     count        pct
SSH                  
1      797  77.832031
0      169  16.503906
10      58   5.664062



          count        pct
Thymosin                  
0           814  79.492188
1           123  12.011719
01           87   8.496094



      count        pct
WASP                  
1       690  67.382812
0       144  14.062500
110     121  11.816406
01       69   6.738281



      count        pct
WAVE                  
1       545  53.222656
0       246  24.023438
011     233  22.753906



