                   count        pct
Actin_BR Actin_ST                  
1        0           255  24.902344
         1           212  20.703125
0        0           144  14.062500
100      001         121  11.816406
         1           112  10.937500
0        1            53   5.175781
         10           49   4.785156
011      1            44   4.296875
         001          34   3.320312



           count        pct
Rac1 RhoA                  
1    0       467  45.605469
0    0       246  24.023438
100  0       233  22.753906
011  0        78   7.617188



