                    count        pct
Actin_BR Actin_ST                   
1        1            443  43.261719
0        0            208  20.312500
001      001           99   9.667969
         1             59   5.761719
000100   011110        52   5.078125
001      001101        35   3.417969
000100   1             34   3.320312
110      1             22   2.148438
         001           22   2.148438
                       20   1.953125
000100   000011        18   1.757812
001      0              5   0.488281
0        000000110      3   0.292969
         1              2   0.195312
         01             2   0.195312



                     count        pct
Rac1      RhoA                       
1         0            443  43.261719
001       100          201  19.628906
0         1            120  11.718750
100000    110011       104  10.156250
0         0             89   8.691406
110       0             44   4.296875
                        20   1.953125
000111100 011110000      3   0.292969



