                   count        pct
Actin_BR Actin_ST                  
0        1           460  44.921875
1        1           289  28.222656
         0           233  22.753906
101      001          25   2.441406
         1            17   1.660156



             count        pct
Rac1  RhoA                   
0     1        514  50.195312
00010 01111    170  16.601562
1     0        144  14.062500
10100 11010     80   7.812500
101   110       42   4.101562
00110 01110     40   3.906250
01110 01100     34   3.320312



