          count        pct
Actin_BR                  
101         528  51.562500
001         383  37.402344
1           109  10.644531
0             4   0.390625



          count        pct
Actin_ST                  
0           513  50.097656
001         494  48.242188
1            17   1.660156



        count        pct
Arp2_3                  
011       528  51.562500
010       383  37.402344
1         109  10.644531
0           4   0.390625



    count        pct
CP                  
0     538  52.539062
1     486  47.460938



       count        pct
Cdc42                  
0        538  52.539062
1        486  47.460938



         count        pct
Cofilin                  
0          652  63.671875
1          372  36.328125



         count        pct
Coronin                  
1          775  75.683594
010        249  24.316406



           count        pct
Cortactin                  
1            665  64.941406
110          357  34.863281
0              2   0.195312



      count        pct
Dia1                  
0       890  86.914062
100     134  13.085938



      count        pct
Dia2                  
110     528  51.562500
100     383  37.402344
1       111  10.839844
0         2   0.195312



          count        pct
Ena_Vasp                  
1           520  50.781250
011         394  38.476562
001         108  10.546875
0             2   0.195312



        count        pct
IRSp53                  
1         520  50.781250
100       357  34.863281
101       145  14.160156
0           2   0.195312



      count        pct
LIMK                  
0       775  75.683594
100     249  24.316406



     count        pct
PAK                  
1      520  50.781250
101    394  38.476562
010    108  10.546875
0        2   0.195312



      count        pct
PIP2                  
1       538  52.539062
0       486  47.460938



     count        pct
PKD                  
0      775  75.683594
010    249  24.316406



          count        pct
Profilin                  
0           405  39.550781
010         357  34.863281
011         245  23.925781
1            17   1.660156



      count        pct
ROCK                  
0       775  75.683594
100     249  24.316406



      count        pct
Rac1                  
101     528  51.562500
001     383  37.402344
1       109  10.644531
0         4   0.390625



      count        pct
RhoA                  
0       665  64.941406
001     357  34.863281
1         2   0.195312



     count        pct
SSH                  
1      775  75.683594
100    249  24.316406



          count        pct
Thymosin                  
1           652  63.671875
0           372  36.328125



      count    pct
WASP              
0      1024  100.0



      count        pct
WAVE                  
110     528  51.562500
100     383  37.402344
1       109  10.644531
0         4   0.390625



