                                         count        pct
cycle_Actin_BR_norm cycle_Actin_ST_norm                  
0                   0                      258  25.195312
1                   1                      220  21.484375
                    0                      217  21.191406
0                   1                      110  10.742188
0111                0111                    42   4.101562
01                  01                      26   2.539062
0110                0111                    20   1.953125
0111                1                       19   1.855469
0100                0111                    18   1.757812
0111                0                       17   1.660156
10                  10                      16   1.562500
0100                0010                    16   1.562500
0111                01                      15   1.464844
01                  0111                    15   1.464844
011                 0                       11   1.074219
0100                0110                     4   0.390625



