          count        pct
ARHGAP22                  
0           646  63.085938
100111      237  23.144531
010         131  12.792969
1             6   0.585938
              4   0.390625



          count        pct
Actin_BR                  
0           305  29.785156
010         255  24.902344
1           184  17.968750
101         160  15.625000
000010      116  11.328125
              4   0.390625



           count        pct
Actin_ST                   
1            230  22.460938
001          161  15.722656
0            155  15.136719
10           139  13.574219
110011       138  13.476562
101111        58   5.664062
101           54   5.273438
010000        54   5.273438
000101        29   2.832031
               4   0.390625
000001110      2   0.195312



        count        pct
Arp2_3                  
0         305  29.785156
100       255  24.902344
1         184  17.968750
011       160  15.625000
000100    116  11.328125
            4   0.390625



        count        pct
CP                      
0         604  58.984375
100       115  11.230469
101       114  11.132812
1         104  10.156250
010        54   5.273438
100000     29   2.832031
            4   0.390625



       count        pct
Cdc42                  
0        525  51.269531
1        495  48.339844
           4   0.390625



         count        pct
Cofilin                  
1          393  38.378906
0          366  35.742188
10         109  10.644531
011         75   7.324219
010000      54   5.273438
101000      17   1.660156
001          6   0.585938
             4   0.390625



         count        pct
Coronin                  
1          600  58.593750
0          392  38.281250
10          28   2.734375
             4   0.390625



           count        pct
Cortactin                  
001          273  26.660156
000010       237  23.144531
1            184  17.968750
0            164  16.015625
110          160  15.625000
               4   0.390625
000001111      2   0.195312



           count        pct
Dia1                       
0            559  54.589844
001111       237  23.144531
100          216  21.093750
1              6   0.585938
               4   0.390625
000111100      2   0.195312



           count        pct
Dia2                       
1            501  48.925781
001111       237  23.144531
100          216  21.093750
0             64   6.250000
               4   0.390625
000111100      2   0.195312



          count        pct
Ena_Vasp                  
1           666  65.039062
110011      138  13.476562
101011       83   8.105469
011111       58   5.664062
011          41   4.003906
01           17   1.660156
100          14   1.367188
              4   0.390625
0             3   0.292969



              count        pct
IRSp53_Cdc42                  
0               525  51.269531
1               495  48.339844
                  4   0.390625



             count        pct
IRSp53_Rac1                  
001            273  26.660156
000010         237  23.144531
1              184  17.968750
0              164  16.015625
110            160  15.625000
                 4   0.390625
000001111        2   0.195312



        count        pct
LIMK                    
0         600  58.593750
110111    237  23.144531
1         155  15.136719
01         28   2.734375
            4   0.390625



           count        pct
NET1                       
0            517  50.488281
111110       237  23.144531
011          216  21.093750
010           42   4.101562
1              6   0.585938
               4   0.390625
011111000      2   0.195312



           count        pct
PAK                        
1            517  50.488281
000010       237  23.144531
001          216  21.093750
011           42   4.101562
0              6   0.585938
               4   0.390625
000001111      2   0.195312



      count        pct
PIP2                  
0       518  50.585938
1       502  49.023438
          4   0.390625



        count        pct
PKD                     
0         646  63.085938
100111    237  23.144531
010       131  12.792969
1           6   0.585938
            4   0.390625



           count        pct
Profilin                   
1            502  49.023438
100111       138  13.476562
01           122  11.914062
011111        58   5.664062
110010        54   5.273438
011           47   4.589844
101110        46   4.492188
0             36   3.515625
001           15   1.464844
               4   0.390625
000011110      2   0.195312



        count        pct
ROCK                    
0         646  63.085938
001111    237  23.144531
100       131  12.792969
1           6   0.585938
            4   0.390625



           count        pct
ROS                        
001          273  26.660156
000010       237  23.144531
1            184  17.968750
0            164  16.015625
110          160  15.625000
               4   0.390625
000001111      2   0.195312



           count        pct
Rac1                       
010          273  26.660156
000100       237  23.144531
1            184  17.968750
0            164  16.015625
101          160  15.625000
               4   0.390625
000011110      2   0.195312



           count        pct
RhoA                       
0            559  54.589844
011110       237  23.144531
001          216  21.093750
1              6   0.585938
               4   0.390625
001111000      2   0.195312



     count        pct
SSH                  
1      600  58.593750
0      392  38.281250
01      28   2.734375
         4   0.390625



          count        pct
Thymosin                  
0           543  53.027344
1           196  19.140625
01          158  15.429688
10          123  12.011719
              4   0.390625



        count        pct
WASP                    
1         496  48.437500
10        227  22.167969
0         196  19.140625
000101     54   5.273438
110        47   4.589844
            4   0.390625



      count        pct
WAVE                  
0      1020  99.609375
          4   0.390625



