                    count        pct
Actin_BR Actin_ST                   
0        110011       138  13.476562
         10           122  11.914062
101      001          114  11.132812
1        0            104  10.156250
         1             80   7.812500
000010   101111        58   5.664062
010      1             57   5.566406
         101           54   5.273438
         010000        54   5.273438
         001           47   4.589844
101      1             46   4.492188
000010   1             41   4.003906
0        0             37   3.613281
010      000101        29   2.832031
000010   10            17   1.660156
010      0             14   1.367188
0        1              6   0.585938
                        4   0.390625
0        000001110      2   0.195312



                     count        pct
Rac1      RhoA                       
000100    011110       237  23.144531
010       001          216  21.093750
1         0            184  17.968750
101       0            160  15.625000
0         0            158  15.429688
010       0             57   5.566406
0         1              6   0.585938
                         4   0.390625
000011110 001111000      2   0.195312



