                    count        pct
Actin_BR Actin_ST                   
0        1            259  25.292969
1        0            227  22.167969
                      123  12.011719
1        1            110  10.742188
110      100           72   7.031250
100      101           51   4.980469
110      1             47   4.589844
0        10111110      33   3.222656
00000100 10111110      31   3.027344
01       01            23   2.246094
0        111100000     12   1.171875
0010     10            11   1.074219
0        01111000      10   0.976562
         10010110       9   0.878906
01       1              4   0.390625
001000   101011         1   0.097656
0        100            1   0.097656



                     count        pct
Rac1      RhoA                       
1         0            327  31.933594
0         1            307  29.980469
                       123  12.011719
110       010           66   6.445312
          110           54   5.273438
100       110           51   4.980469
01111000  11100001      43   4.199219
00101101  10110100      40   3.906250
111100001 110000111     12   1.171875
011       101            1   0.097656



