          count        pct
ARHGAP22                  
0           579  56.542969
100         249  24.316406
111100      188  18.359375
1             8   0.781250



          count        pct
Actin_BR                  
1           437  42.675781
100         276  26.953125
000100      188  18.359375
101          49   4.785156
110          45   4.394531
0            29   2.832031



          count        pct
Actin_ST                  
1           326  31.835938
0           261  25.488281
100         180  17.578125
001110       94   9.179688
100101       53   5.175781
100000       45   4.394531
011111       45   4.394531
110          13   1.269531
011110        7   0.683594



        count        pct
Arp2_3                  
1         437  42.675781
001       276  26.953125
001000    188  18.359375
011        49   4.785156
101        45   4.394531
0          29   2.832031



        count        pct
CP                      
0         412  40.234375
1         226  22.070312
100       163  15.917969
000010    147  14.355469
101        30   2.929688
110        26   2.539062
101000     19   1.855469
10          1   0.097656



       count        pct
Cdc42                  
0        537  52.441406
1        487  47.558594



         count    pct
Cofilin              
0         1024  100.0



         count    pct
Coronin              
0         1024  100.0



           count        pct
Cortactin                  
1            437  42.675781
010          276  26.953125
010000       188  18.359375
110           49   4.785156
011           45   4.394531
0             29   2.832031



        count        pct
Dia1                    
0         579  56.542969
001       249  24.316406
111001    188  18.359375
1           8   0.781250



        count        pct
Dia2                    
1         495  48.339844
001       249  24.316406
111001    188  18.359375
0          92   8.984375



          count        pct
Ena_Vasp                  
1           614  59.960938
010         149  14.550781
001111      101   9.863281
111010       53   5.175781
01           48   4.687500
101111       45   4.394531
0            14   1.367188



              count        pct
IRSp53_Cdc42                  
0               537  52.441406
1               487  47.558594



             count        pct
IRSp53_Rac1                  
1              437  42.675781
010            276  26.953125
010000         188  18.359375
110             49   4.785156
011             45   4.394531
0               29   2.832031



        count        pct
LIMK                    
0         523  51.074219
1         278  27.148438
111110    188  18.359375
110        27   2.636719
010         8   0.781250



        count        pct
NET1                    
0         493  48.144531
110       249  24.316406
110111    188  18.359375
010        45   4.394531
100        41   4.003906
1           8   0.781250



        count        pct
PAK                     
1         493  48.144531
010       249  24.316406
010000    188  18.359375
011        45   4.394531
110        41   4.003906
0           8   0.781250



      count       pct
PIP2                 
0       536  52.34375
1       488  47.65625



        count        pct
PKD                     
0         579  56.542969
100       249  24.316406
111100    188  18.359375
1           8   0.781250



          count        pct
Profilin                  
1           628  61.328125
101         176  17.187500
011110      101   9.863281
111110       98   9.570312
0            21   2.050781



        count        pct
ROCK                    
0         579  56.542969
001       249  24.316406
111001    188  18.359375
1           8   0.781250



        count        pct
ROS                     
1         437  42.675781
010       276  26.953125
010000    188  18.359375
110        49   4.785156
011        45   4.394531
0          29   2.832031



        count        pct
Rac1                    
1         437  42.675781
100       276  26.953125
100000    188  18.359375
101        49   4.785156
110        45   4.394531
0          29   2.832031



        count        pct
RhoA                    
0         579  56.542969
010       249  24.316406
110011    188  18.359375
1           8   0.781250



     count        pct
SSH                  
0      466  45.507812
1      437  42.675781
110     49   4.785156
011     45   4.394531
010     27   2.636719



          count        pct
Thymosin                  
0           330  32.226562
1           326  31.835938
01          225  21.972656
10          143  13.964844



      count        pct
WASP                  
1       330  32.226562
0       326  31.835938
01      225  21.972656
10      143  13.964844



        count        pct
WAVE                    
1         531  51.855469
011       276  26.953125
011000    188  18.359375
0          29   2.832031



