                                         count        pct
cycle_Actin_BR_norm cycle_Actin_ST_norm                  
0                   0                      532  51.953125
0001                0001                   183  17.871094
0110                0110                   133  12.988281
                    0001                    86   8.398438
0111                0001                    42   4.101562
01                  01                      25   2.441406
1                   0                       12   1.171875
                    1                       11   1.074219



