                     count        pct
Actin_BR   Actin_ST                  
0          0           295  28.808594
           1           219  21.386719
1          1           162  15.820312
0101000010 01111        68   6.640625
01         01           66   6.445312
1          10111        64   6.250000
011        1            35   3.417969
010        110          26   2.539062
1010100101 10110        25   2.441406
011        110          19   1.855469
00001      0            14   1.367188
1          10011        12   1.171875
01001      0            11   1.074219
                         5   0.488281
0          101           1   0.097656
010        1             1   0.097656
1          0             1   0.097656



                     count        pct
Rac1      RhoA                       
0         1            622  60.742188
00100     11110        107  10.449219
10000     11011         68   6.640625
01010     01101         53   5.175781
011       100           44   4.296875
00110     01110         32   3.125000
01001     10101         25   2.441406
1         0             19   1.855469
010       101           17   1.660156
011       101           12   1.171875
010       1              9   0.878906
                         5   0.488281
01111000  11100001       4   0.390625
00101101  10110100       4   0.390625
111110000 111000011      3   0.292969



