                           count        pct
Actin_BR     Actin_ST                      
1            0               272  26.562500
             1               267  26.074219
110          100             173  16.894531
0            11110111         67   6.542969
                              64   6.250000
110          1                49   4.785156
0            111111000        48   4.687500
110          111110           29   2.832031
00000100     11110111         22   2.148438
0            1                20   1.953125
011010001011 111111111011      5   0.488281
100110       111110            4   0.390625
001          100               1   0.097656
0            111110            1   0.097656
             111100000         1   0.097656
             101               1   0.097656



                           count        pct
Rac1         RhoA                          
1            0               539  52.636719
110          011             255  24.902344
00001111     00111100         66   6.445312
                              64   6.250000
111100001    110000111        49   4.785156
00101101     10110100         24   2.343750
110          100              17   1.660156
011010011111 001001011000      5   0.488281
100111       000110            4   0.390625
001          011               1   0.097656



