                    count        pct
Actin_BR Actin_ST                   
0        0            424  41.406250
         1            292  28.515625
         01           152  14.843750
         111001       106  10.351562
         000011        18   1.757812
         011010        16   1.562500
                       13   1.269531
0        100000001      3   0.292969



                     count        pct
Rac1      RhoA                       
0         0            511  49.902344
          1            237  23.144531
000010    001111       209  20.410156
001       100           23   2.246094
010       001           16   1.562500
000011110 001111000     15   1.464844
                        13   1.269531



