          count    pct
ARHGAP22              
0          1024  100.0



          count        pct
Actin_BR                  
1           483  47.167969
100         231  22.558594
0           231  22.558594
101          79   7.714844



          count        pct
Actin_ST                  
0           417  40.722656
1           412  40.234375
100         145  14.160156
01           50   4.882812



        count        pct
Arp2_3                  
1         483  47.167969
001       231  22.558594
0         231  22.558594
011        79   7.714844



     count        pct
CP                   
0      609  59.472656
1      269  26.269531
100    107  10.449219
101     38   3.710938
10       1   0.097656



       count        pct
Cdc42                  
1        527  51.464844
0        497  48.535156



         count        pct
Cofilin                  
1          616  60.156250
0          186  18.164062
110        165  16.113281
01          57   5.566406



         count        pct
Coronin                  
1          816  79.687500
0          141  13.769531
01          67   6.542969



           count        pct
Cortactin                  
1            483  47.167969
010          231  22.558594
0            231  22.558594
110           79   7.714844



      count    pct
Dia1              
0      1024  100.0



      count        pct
Dia2                  
1       527  51.464844
0       497  48.535156



          count        pct
Ena_Vasp                  
1           772  75.390625
101         107  10.449219
0           107  10.449219
01           38   3.710938



              count        pct
IRSp53_Cdc42                  
1               527  51.464844
0               497  48.535156



             count        pct
IRSp53_Rac1                  
1              483  47.167969
010            231  22.558594
0              231  22.558594
110             79   7.714844



      count        pct
LIMK                  
0       979  95.605469
1        25   2.441406
10       20   1.953125



      count        pct
NET1                  
0       538  52.539062
110     231  22.558594
1       176  17.187500
100      79   7.714844



     count        pct
PAK                  
1      538  52.539062
010    231  22.558594
0      176  17.187500
110     79   7.714844



      count        pct
PIP2                  
1       516  50.390625
0       508  49.609375



     count    pct
PKD              
0     1024  100.0



          count        pct
Profilin                  
1           720  70.312500
0           147  14.355469
101         107  10.449219
10           50   4.882812



      count    pct
ROCK              
0      1024  100.0



     count        pct
ROS                  
1      483  47.167969
010    231  22.558594
0      231  22.558594
110     79   7.714844



      count        pct
Rac1                  
1       483  47.167969
100     231  22.558594
0       231  22.558594
101      79   7.714844



      count    pct
RhoA              
0      1024  100.0



     count        pct
SSH                  
1      816  79.687500
0      141  13.769531
10      67   6.542969



          count        pct
Thymosin                  
0           813  79.394531
1           123  12.011719
01           88   8.593750



      count        pct
WASP                  
1       704  68.750000
0       147  14.355469
011     107  10.449219
01       66   6.445312



      count        pct
WAVE                  
1       562  54.882812
011     231  22.558594
0       231  22.558594



