          count        pct
ARHGAP22                  
0           697  68.066406
001         160  15.625000
1            97   9.472656
111100       70   6.835938



          count        pct
Actin_BR                  
1           558  54.492188
001         210  20.507812
0           104  10.156250
101          82   8.007812
000100       70   6.835938



          count        pct
Actin_ST                  
1           789  77.050781
0           102   9.960938
001          95   9.277344
011          38   3.710938



        count        pct
Arp2_3                  
1         558  54.492188
010       210  20.507812
0         104  10.156250
011        82   8.007812
001000     70   6.835938



    count        pct
CP                  
1     537  52.441406
0     487  47.558594



       count        pct
Cdc42                  
1        551  53.808594
0        473  46.191406



         count        pct
Cofilin                  
1          629  61.425781
001        160  15.625000
0           97   9.472656
000100      70   6.835938
101         68   6.640625



         count        pct
Coronin                  
1          697  68.066406
0          327  31.933594



           count        pct
Cortactin                  
1            558  54.492188
100          210  20.507812
0            104  10.156250
110           82   8.007812
010000        70   6.835938



        count        pct
Dia1                    
0         838  81.835938
100       115  11.230469
111001     70   6.835938
1           1   0.097656



        count        pct
Dia2                    
1         659  64.355469
110       292  28.515625
111001     70   6.835938
0           3   0.292969



          count        pct
Ena_Vasp                  
1           994  97.070312
011          26   2.539062
0             4   0.390625



              count        pct
IRSp53_Cdc42                  
1               551  53.808594
0               473  46.191406



             count        pct
IRSp53_Rac1                  
1              558  54.492188
100            210  20.507812
0              104  10.156250
110             82   8.007812
010000          70   6.835938



      count    pct
LIMK              
0      1024  100.0



        count        pct
NET1                    
0         561  54.785156
101       210  20.507812
1         101   9.863281
100        82   8.007812
110111     70   6.835938



        count        pct
PAK                     
1         561  54.785156
100       210  20.507812
0         101   9.863281
110        82   8.007812
010000     70   6.835938



      count        pct
PIP2                  
0       537  52.441406
1       487  47.558594



        count        pct
PKD                     
0         697  68.066406
001       160  15.625000
1          97   9.472656
111100     70   6.835938



          count        pct
Profilin                  
1           829  80.957031
0           100   9.765625
011          95   9.277344



        count        pct
ROCK                    
0         697  68.066406
010       160  15.625000
1          97   9.472656
111001     70   6.835938



        count        pct
ROS                     
1         558  54.492188
100       210  20.507812
0         104  10.156250
110        82   8.007812
010000     70   6.835938



        count        pct
Rac1                    
1         558  54.492188
001       210  20.507812
0         104  10.156250
101        82   8.007812
100000     70   6.835938



        count        pct
RhoA                    
0         643  62.792969
100       210  20.507812
1         101   9.863281
110011     70   6.835938



     count        pct
SSH                  
1      697  68.066406
0      327  31.933594



          count    pct
Thymosin              
0          1024  100.0



      count        pct
WASP                  
1       829  80.957031
0       100   9.765625
110      95   9.277344



        count        pct
WAVE                    
1         640  62.500000
110       210  20.507812
0         104  10.156250
011000     70   6.835938



