                   count        pct
Actin_BR Actin_ST                  
1        1           558  54.492188
001      1           115  11.230469
0        0           102   9.960938
001      001          95   9.277344
000100   1            70   6.835938
101      1            44   4.296875
         011          38   3.710938
0        1             2   0.195312



               count        pct
Rac1   RhoA                    
1      0         558  54.492188
001    100       210  20.507812
0      1         101   9.863281
101    0          82   8.007812
100000 110011     70   6.835938
0      0           3   0.292969



