                                         count        pct
cycle_Actin_BR_norm cycle_Actin_ST_norm                  
1                   1                      342  33.398438
0                   0                      308  30.078125
                    1                      122  11.914062
0111                1011                    57   5.566406
0011                1011                    53   5.175781
10                  1011                    24   2.343750
                    01                      23   2.246094
01                  01                      18   1.757812
0011                0110                    17   1.660156
0010                1011                    15   1.464844
                    0010                    13   1.269531
0011                0010                    11   1.074219
0111                0110                     8   0.781250
01                  0                        7   0.683594
0111                0010                     6   0.585938



