          count    pct
ARHGAP22              
0          1024  100.0



          count        pct
Actin_BR                  
1           731  71.386719
110         242  23.632812
0            51   4.980469



           count        pct
Actin_ST                   
1            404  39.453125
0            385  37.597656
100          184  17.968750
011110000     18   1.757812
110           17   1.660156
11110111      16   1.562500



        count        pct
Arp2_3                  
1         731  71.386719
101       242  23.632812
0          51   4.980469



     count        pct
CP                   
0      455  44.433594
1      307  29.980469
110    184  17.968750
01      78   7.617188



       count        pct
Cdc42                  
1        515  50.292969
0        509  49.707031



         count        pct
Cofilin                  
1          758  74.023438
10         157  15.332031
011         58   5.664062
0           51   4.980469



         count    pct
Coronin              
1         1024  100.0



           count        pct
Cortactin                  
1            731  71.386719
011          259  25.292969
011111000     18   1.757812
10000111      16   1.562500



           count        pct
Dia1                       
0            731  71.386719
100          184  17.968750
101           75   7.324219
111100001     18   1.757812
00011110      16   1.562500



           count        pct
Dia2                       
1            515  50.292969
101          259  25.292969
0            232  22.656250
111100001     18   1.757812



          count        pct
Ena_Vasp                  
1           911  88.964844
01           78   7.617188
0            35   3.417969



              count        pct
IRSp53_Cdc42                  
1               515  50.292969
0               509  49.707031



             count        pct
IRSp53_Rac1                  
1              731  71.386719
011            259  25.292969
011111000       18   1.757812
10000111        16   1.562500



      count    pct
LIMK              
0      1024  100.0



           count        pct
NET1                       
0            747  72.949219
010          259  25.292969
110000011     18   1.757812



           count        pct
PAK                        
1            747  72.949219
011          259  25.292969
011111000     18   1.757812



      count        pct
PIP2                  
1       533  52.050781
0       491  47.949219



     count    pct
PKD              
0     1024  100.0



           count        pct
Profilin                   
1            990  96.679688
111111110     18   1.757812
11101111      16   1.562500



      count    pct
ROCK              
0      1024  100.0



           count        pct
ROS                        
1            731  71.386719
011          259  25.292969
011111000     18   1.757812
10000111      16   1.562500



           count        pct
Rac1                       
1            731  71.386719
110          259  25.292969
111110000     18   1.757812
00001111      16   1.562500



           count        pct
RhoA                       
0            731  71.386719
011          259  25.292969
111000011     18   1.757812
00111100      16   1.562500



     count    pct
SSH              
1     1024  100.0



          count        pct
Thymosin                  
0           816  79.687500
10          157  15.332031
1            51   4.980469



      count        pct
WASP                  
1       816  79.687500
10      157  15.332031
0        51   4.980469



           count        pct
WAVE                       
1            990  96.679688
011111100     18   1.757812
11000111      16   1.562500



