                    count        pct
Actin_BR Actin_ST                   
1        0            385  37.597656
         1            346  33.789062
110      100          184  17.968750
         1             58   5.664062
0        011110000     18   1.757812
         110           17   1.660156
         11110111      16   1.562500



                     count        pct
Rac1      RhoA                       
1         0            731  71.386719
110       011          259  25.292969
111110000 111000011     18   1.757812
00001111  00111100      16   1.562500



