          count        pct
ARHGAP22                  
0           661  64.550781
011110      194  18.945312
010         115  11.230469
100          46   4.492188
1             8   0.781250



          count        pct
Actin_BR                  
1           264  25.781250
011         226  22.070312
000010      194  18.945312
010         185  18.066406
100         106  10.351562
0            49   4.785156



           count        pct
Actin_ST                   
1            540  52.734375
001111       114  11.132812
010          113  11.035156
111101        83   8.105469
101110        68   6.640625
0             32   3.125000
10            31   3.027344
101           27   2.636719
01             8   0.781250
000011100      8   0.781250



        count        pct
Arp2_3                  
1         264  25.781250
110       226  22.070312
000100    194  18.945312
100       185  18.066406
001       106  10.351562
0          49   4.785156



    count    pct
CP              
0    1024  100.0



       count        pct
Cdc42                  
0        513  50.097656
1        511  49.902344



         count    pct
Cofilin              
0         1024  100.0



         count        pct
Coronin                  
1          636  62.109375
0          382  37.304688
01           6   0.585938



           count        pct
Cortactin                  
1            264  25.781250
101          226  22.070312
001000       194  18.945312
001          185  18.066406
010          106  10.351562
0             41   4.003906
000011110      8   0.781250



           count        pct
Dia1                       
0            588  57.421875
111100       194  18.945312
100          158  15.429688
001           68   6.640625
1              8   0.781250
001111000      8   0.781250



           count        pct
Dia2                       
1            519  50.683594
111100       194  18.945312
100          158  15.429688
0             77   7.519531
001           68   6.640625
001111000      8   0.781250



          count        pct
Ena_Vasp                  
1           638  62.304688
001111      114  11.132812
001          76   7.421875
01           53   5.175781
010111       46   4.492188
111011       45   4.394531
0            45   4.394531
10            7   0.683594



              count        pct
IRSp53_Cdc42                  
0               513  50.097656
1               511  49.902344



             count        pct
IRSp53_Rac1                  
1              264  25.781250
101            226  22.070312
001000         194  18.945312
001            185  18.066406
010            106  10.351562
0               41   4.003906
000011110        8   0.781250



        count        pct
LIMK                    
0         636  62.109375
011111    194  18.945312
1         188  18.359375
10          6   0.585938



           count        pct
NET1                       
0            525  51.269531
111011       194  18.945312
011          158  15.429688
110           68   6.640625
001           63   6.152344
111110000      8   0.781250
1              8   0.781250



           count        pct
PAK                        
1            525  51.269531
001000       194  18.945312
001          158  15.429688
010           68   6.640625
101           63   6.152344
000011110      8   0.781250
0              8   0.781250



      count        pct
PIP2                  
1       542  52.929688
0       482  47.070312



        count        pct
PKD                     
0         661  64.550781
011110    194  18.945312
010       115  11.230469
100        46   4.492188
1           8   0.781250



           count        pct
Profilin                   
1            578  56.445312
111101       151  14.746094
110          140  13.671875
011110       114  11.132812
0             32   3.125000
100111111      8   0.781250
10             1   0.097656



        count        pct
ROCK                    
0         661  64.550781
111100    194  18.945312
100       115  11.230469
001        46   4.492188
1           8   0.781250



           count        pct
ROS                        
1            264  25.781250
101          226  22.070312
001000       194  18.945312
001          185  18.066406
010          106  10.351562
0             41   4.003906
000011110      8   0.781250



           count        pct
Rac1                       
1            264  25.781250
011          226  22.070312
010000       194  18.945312
010          185  18.066406
100          106  10.351562
0             41   4.003906
000111100      8   0.781250



           count        pct
RhoA                       
0            588  57.421875
111001       194  18.945312
001          158  15.429688
010           68   6.640625
1              8   0.781250
011110000      8   0.781250



     count        pct
SSH                  
1      636  62.109375
0      382  37.304688
10       6   0.585938



          count        pct
Thymosin                  
10          345  33.691406
0           338  33.007812
1           300  29.296875
01           41   4.003906



      count        pct
WASP                  
10      345  33.691406
1       338  33.007812
0       300  29.296875
01       41   4.003906



           count        pct
WAVE                       
1            490  47.851562
001100       194  18.945312
101          185  18.066406
011          106  10.351562
0             41   4.003906
000011111      8   0.781250



