                    count        pct
Actin_BR Actin_ST                   
1        1            257  25.097656
011      1            195  19.042969
000010   001111       114  11.132812
010      010          113  11.035156
100      101110        68   6.640625
010      1             45   4.394531
000010   111101        45   4.394531
100      111101        38   3.710938
000010   1             35   3.417969
0        0             32   3.125000
011      10            31   3.027344
010      101           27   2.636719
0        1              8   0.781250
         000011100      8   0.781250
1        01             7   0.683594
0        01             1   0.097656



                     count        pct
Rac1      RhoA                       
1         0            264  25.781250
011       0            226  22.070312
010000    111001       194  18.945312
010       001          158  15.429688
100       010           68   6.640625
          0             38   3.710938
0         0             33   3.222656
010       0             27   2.636719
000111100 011110000      8   0.781250
0         1              8   0.781250



