          count        pct
ARHGAP22                  
0           679  66.308594
010         173  16.894531
110011      163  15.917969
1             9   0.878906



          count        pct
Actin_BR                  
1           524  51.171875
001         235  22.949219
010000      163  15.917969
011          93   9.082031
0             9   0.878906



          count        pct
Actin_ST                  
1           547  53.417969
0           247  24.121094
001         152  14.843750
110001       78   7.617188



        count        pct
Arp2_3                  
1         524  51.171875
010       235  22.949219
100000    163  15.917969
110        93   9.082031
0           9   0.878906



        count        pct
CP                      
0         547  53.417969
1         247  24.121094
001       104  10.156250
010000     78   7.617188
011        48   4.687500



       count        pct
Cdc42                  
0        517  50.488281
1        507  49.511719



         count        pct
Cofilin                  
1          599  58.496094
0          190  18.554688
011         80   7.812500
010000      78   7.617188
001         77   7.519531



         count        pct
Coronin                  
1          679  66.308594
0          345  33.691406



           count        pct
Cortactin                  
1            524  51.171875
100          235  22.949219
000001       163  15.917969
101           93   9.082031
0              9   0.878906



        count        pct
Dia1                    
0         617  60.253906
010       235  22.949219
100111    163  15.917969
1           9   0.878906



      count    pct
Dia2              
0      1024  100.0



          count        pct
Ena_Vasp                  
1           919  89.746094
111001       78   7.617188
011          27   2.636719



              count        pct
IRSp53_Cdc42                  
0               517  50.488281
1               507  49.511719



             count        pct
IRSp53_Rac1                  
1              524  51.171875
100            235  22.949219
000001         163  15.917969
101             93   9.082031
0                9   0.878906



        count        pct
LIMK                    
0         679  66.308594
1         182  17.773438
111011    163  15.917969



        count        pct
NET1                    
0         524  51.171875
101       235  22.949219
011111    163  15.917969
001        93   9.082031
1           9   0.878906



        count        pct
PAK                     
1         524  51.171875
100       235  22.949219
000001    163  15.917969
101        93   9.082031
0           9   0.878906



      count        pct
PIP2                  
1       541  52.832031
0       483  47.167969



        count        pct
PKD                     
0         679  66.308594
010       173  16.894531
110011    163  15.917969
1           9   0.878906



          count        pct
Profilin                  
1           842  82.226562
011         104  10.156250
110011       78   7.617188



        count        pct
ROCK                    
0         679  66.308594
100       173  16.894531
100111    163  15.917969
1           9   0.878906



        count        pct
ROS                     
1         524  51.171875
100       235  22.949219
000001    163  15.917969
101        93   9.082031
0           9   0.878906



        count        pct
Rac1                    
1         524  51.171875
001       235  22.949219
000010    163  15.917969
011        93   9.082031
0           9   0.878906



        count        pct
RhoA                    
0         617  60.253906
100       235  22.949219
001111    163  15.917969
1           9   0.878906



     count        pct
SSH                  
1      679  66.308594
0      345  33.691406



          count    pct
Thymosin              
0          1024  100.0



        count        pct
WASP                    
1         836  81.640625
110       104  10.156250
100001     78   7.617188
0           6   0.585938



        count        pct
WAVE                    
1         617  60.253906
110       235  22.949219
100001    163  15.917969
0           9   0.878906



