                   count        pct
Actin_BR Actin_ST                  
1        1           277  27.050781
         0           247  24.121094
001      1           131  12.792969
         001         104  10.156250
010000   1            85   8.300781
         110001       78   7.617188
011      001          48   4.687500
         1            45   4.394531
0        1             9   0.878906



               count        pct
Rac1   RhoA                    
1      0         524  51.171875
001    100       235  22.949219
000010 001111    163  15.917969
011    0          93   9.082031
0      1           9   0.878906



