                   count        pct
Actin_BR Actin_ST                  
0        1           385  37.597656
         0           253  24.707031
         11111110    129  12.597656
         11111001     70   6.835938
         10           67   6.542969
         11000000     53   5.175781
         11111010     33   3.222656
         1011         26   2.539062
         01001011      8   0.781250



                   count        pct
Rac1     RhoA                      
0        1           500  48.828125
11000011 00001111    333  32.519531
01101001 10100101    191  18.652344



