          count        pct
ARHGAP22                  
1          1401  68.408203
11110       188   9.179688
11010       108   5.273438
10111        86   4.199219
10011        56   2.734375
10110        45   2.197266
01001        38   1.855469
00010        36   1.757812
01010        29   1.416016
00111        23   1.123047
00011        20   0.976562
00110        10   0.488281
0             8   0.390625



            count        pct
Actin_BR                    
0            1143  55.810547
1             501  24.462891
01            187   9.130859
1101011000     86   4.199219
11011          56   2.734375
00010          35   1.708984
1101111001     23   1.123047
01011          17   0.830078



          count        pct
Actin_ST                  
1           804  39.257812
0           676  33.007812
01          187   9.130859
11011       164   8.007812
10111       161   7.861328
00011        36   1.757812
01101        17   0.830078
00001         3   0.146484



            count        pct
Arp2_3                      
0            1143  55.810547
1             501  24.462891
10            187   9.130859
1010110001     86   4.199219
10111          56   2.734375
00100          35   1.708984
1011110011     23   1.123047
10110          17   0.830078



    count        pct
CP                  
1    1065  52.001953
0     983  47.998047



       count        pct
Cdc42                  
0       1075  52.490234
1        973  47.509766



            count        pct
Cofilin                     
0            1600  78.125000
01            187   9.130859
11110          81   3.955078
1              47   2.294922
01011          41   2.001953
01110          29   1.416016
00101          19   0.927734
0000101000     17   0.830078
00001          14   0.683594
01100          10   0.488281
0010000000      3   0.146484



         count    pct
Coronin              
0         2048  100.0



           count        pct
Cortactin                  
0           1401  68.408203
01000        188   9.179688
01001        108   5.273438
00010         86   4.199219
00011         56   2.734375
01010         45   2.197266
10101         38   1.855469
01111         36   1.757812
01101         29   1.416016
00110         23   1.123047
00111         20   0.976562
01110         10   0.488281
1              8   0.390625



       count        pct
Dia1                   
0       1067  52.099609
1        556  27.148438
11101    107   5.224609
01111     86   4.199219
01011     67   3.271484
01101     45   2.197266
00101     31   1.513672
11100     27   1.318359
01110     23   1.123047
00100     19   0.927734
01100     10   0.488281
00011     10   0.488281



       count        pct
Dia2                   
1       1409  68.798828
11101    358  17.480469
01111    172   8.398438
00111     76   3.710938
01110     33   1.611328



          count    pct
Ena_Vasp              
1          2048  100.0



              count        pct
IRSp53_Cdc42                  
0              1075  52.490234
1               973  47.509766



             count        pct
IRSp53_Rac1                  
0             1401  68.408203
01000          188   9.179688
01001          108   5.273438
00010           86   4.199219
00011           56   2.734375
01010           45   2.197266
10101           38   1.855469
01111           36   1.757812
01101           29   1.416016
00110           23   1.123047
00111           20   0.976562
01110           10   0.488281
1                8   0.390625



      count    pct
LIMK              
1      2048  100.0



      count        pct
NET1                  
1      1075  52.490234
0       973  47.509766



     count        pct
PAK                  
0     1075  52.490234
1      973  47.509766



      count        pct
PIP2                  
0      1065  52.001953
1       983  47.998047



       count        pct
PKD                    
1       1401  68.408203
11110    188   9.179688
11010    108   5.273438
10111     86   4.199219
10011     56   2.734375
10110     45   2.197266
01001     38   1.855469
00010     36   1.757812
01010     29   1.416016
00111     23   1.123047
00011     20   0.976562
00110     10   0.488281
0          8   0.390625



          count        pct
Profilin                  
1           965  47.119141
0           676  33.007812
10          187   9.130859
10111       164   8.007812
00110        36   1.757812
11010        17   0.830078
00010         3   0.146484



       count        pct
ROCK                   
1       1401  68.408203
11101    188   9.179688
10101    108   5.273438
01111     86   4.199219
00111     56   2.734375
01101     45   2.197266
10010     38   1.855469
00100     36   1.757812
10100     29   1.416016
01110     23   1.123047
00110     20   0.976562
01100     10   0.488281
0          8   0.390625



       count        pct
ROS                    
0       1401  68.408203
01000    188   9.179688
01001    108   5.273438
00010     86   4.199219
00011     56   2.734375
01010     45   2.197266
10101     38   1.855469
01111     36   1.757812
01101     29   1.416016
00110     23   1.123047
00111     20   0.976562
01110     10   0.488281
1          8   0.390625



       count        pct
Rac1                   
0       1401  68.408203
10000    188   9.179688
10010    108   5.273438
00100     86   4.199219
00110     56   2.734375
10100     45   2.197266
01011     38   1.855469
11110     36   1.757812
11010     29   1.416016
01100     23   1.123047
01110     20   0.976562
11100     10   0.488281
1          8   0.390625



       count        pct
RhoA                   
1       1401  68.408203
11011    188   9.179688
01011    108   5.273438
11110     86   4.199219
01110     56   2.734375
11010     45   2.197266
00101     38   1.855469
01000     36   1.757812
01001     29   1.416016
11100     23   1.123047
01100     20   0.976562
11000     10   0.488281
0          8   0.390625



     count    pct
SSH              
0     2048  100.0



          count        pct
Thymosin                  
1           732  35.742188
01          687  33.544922
0           629  30.712891



      count        pct
WASP                  
0       732  35.742188
01      687  33.544922
1       629  30.712891



       count        pct
WAVE                   
0       1401  68.408203
01100    188   9.179688
11101    128   6.250000
1        111   5.419922
00011     86   4.199219
10011     56   2.734375
01111     55   2.685547
00111     23   1.123047



