          count    pct
ARHGAP22              
0          1024  100.0



          count        pct
Actin_BR                  
001         345  33.691406
011         295  28.808594
0           204  19.921875
1           180  17.578125



          count        pct
Actin_ST                  
1           441  43.066406
010         261  25.488281
0           237  23.144531
01           45   4.394531
101          40   3.906250



        count        pct
Arp2_3                  
010       345  33.691406
110       295  28.808594
0         204  19.921875
1         180  17.578125



     count        pct
CP                   
0      617  60.253906
001    171  16.699219
011    130  12.695312
1      102   9.960938
10       4   0.390625



       count        pct
Cdc42                  
1        521  50.878906
0        503  49.121094



         count        pct
Cofilin                  
1          482  47.070312
101        339  33.105469
0          156  15.234375
01          47   4.589844



         count        pct
Coronin                  
1          832  81.250000
0          140  13.671875
01          52   5.078125



           count        pct
Cortactin                  
100          345  33.691406
101          295  28.808594
0            204  19.921875
1            180  17.578125



      count    pct
Dia1              
0      1024  100.0



      count        pct
Dia2                  
1       521  50.878906
0       503  49.121094



          count        pct
Ena_Vasp                  
1           740  72.265625
011         131  12.792969
0           110  10.742188
10           43   4.199219



              count        pct
IRSp53_Cdc42                  
1               521  50.878906
0               503  49.121094



             count    pct
IRSp53_Rac1              
0             1024  100.0



      count        pct
LIMK                  
0       998  97.460938
1        15   1.464844
10       11   1.074219



      count    pct
NET1              
0      1024  100.0



     count        pct
PAK                  
1      527  51.464844
100    258  25.195312
0      175  17.089844
101     64   6.250000



      count        pct
PIP2                  
1       516  50.390625
0       508  49.609375



     count    pct
PKD              
0     1024  100.0



          count        pct
Profilin                  
1           717  70.019531
011         131  12.792969
0           131  12.792969
10           45   4.394531



      count    pct
ROCK              
0      1024  100.0



     count        pct
ROS                  
100    345  33.691406
101    295  28.808594
0      204  19.921875
1      180  17.578125



      count        pct
Rac1                  
001     345  33.691406
011     295  28.808594
0       204  19.921875
1       180  17.578125



      count    pct
RhoA              
0      1024  100.0



     count        pct
SSH                  
1      832  81.250000
0      140  13.671875
10      52   5.078125



          count        pct
Thymosin                  
0           846  82.617188
1           104  10.156250
01           74   7.226562



      count        pct
WASP                  
1       711  69.433594
110     131  12.792969
0       131  12.792969
01       51   4.980469



      count        pct
WAVE                  
100     345  33.691406
101     295  28.808594
0       204  19.921875
1       180  17.578125



