                   count        pct
Actin_BR Actin_ST                  
001      1           174  16.992188
011      1           165  16.113281
001      010         131  12.792969
0        0           131  12.792969
011      010         130  12.695312
1        0           106  10.351562
         1            74   7.226562
0        01           45   4.394531
001      101          40   3.906250
0        1            28   2.734375



           count        pct
Rac1 RhoA                  
001  0       345  33.691406
011  0       295  28.808594
0    0       204  19.921875
1    0       180  17.578125



