                   count        pct
Actin_BR Actin_ST                  
1        1           573  55.957031
011      101          81   7.910156
100      110100       78   7.617188
001      100          72   7.031250
101      011111       49   4.785156
0        0            49   4.785156
011      1            40   3.906250
001      1            37   3.613281
1        0            27   2.636719
011      0             9   0.878906
001      0             9   0.878906



           count        pct
Rac1 RhoA                  
1    0       600  58.593750
011  0       130  12.695312
001  100     118  11.523438
100  010      78   7.617188
101  0        49   4.785156
0    1        44   4.296875
     0         5   0.488281



