                       count        pct
Actin_BR   Actin_ST                    
1          1             697  34.033203
0          0             517  25.244141
           1             219  10.693359
101        1             181   8.837891
0          01            110   5.371094
01         01             80   3.906250
100        110            73   3.564453
101        100            55   2.685547
010        111011         50   2.441406
                          28   1.367188
01         1              27   1.318359
0110010010 0011000001     11   0.537109



                       count        pct
Rac1       RhoA                        
0          1             970  47.363281
1          0             680  33.203125
101        100           166   8.105469
100        1              71   3.466797
010        101            50   2.441406
101        101            45   2.197266
                          28   1.367188
101        110            25   1.220703
0110010011 1011011111     11   0.537109
100        110             2   0.097656



