          count    pct
ARHGAP22              
0          2048  100.0



          count        pct
Actin_BR                  
1          1405  68.603516
101         284  13.867188
100         236  11.523438
0           123   6.005859



          count        pct
Actin_ST                  
1          1564  76.367188
110         236  11.523438
0           212  10.351562
010          36   1.757812



        count        pct
Arp2_3                  
1        1405  68.603516
011       284  13.867188
001       236  11.523438
0         123   6.005859



        count        pct
CP                      
1        1054  51.464844
0         708  34.570312
10        184   8.984375
000101     76   3.710938
101        26   1.269531



       count        pct
Cdc42                  
0       1029  50.244141
1       1019  49.755859



         count        pct
Cofilin                  
1         1010  49.316406
01         431  21.044922
101        283  13.818359
0          248  12.109375
101000      76   3.710938



         count    pct
Coronin              
0         2048  100.0



           count        pct
Cortactin                  
1           1405  68.603516
110          284  13.867188
010          236  11.523438
0            123   6.005859



        count        pct
Dia1                    
0        1889  92.236328
011001     76   3.710938
110        47   2.294922
001        36   1.757812



      count        pct
Dia2                  
1      2038  99.511719
110      10   0.488281



          count        pct
Ena_Vasp                  
1          1365  66.650391
101         236  11.523438
0           187   9.130859
10          184   8.984375
01           76   3.710938



              count        pct
IRSp53_Cdc42                  
0              1029  50.244141
1              1019  49.755859



             count        pct
IRSp53_Rac1                  
1             1405  68.603516
110            284  13.867188
010            236  11.523438
0              123   6.005859



      count        pct
LIMK                  
0      2033  99.267578
100      10   0.488281
1         5   0.244141



      count        pct
NET1                  
0      1420  69.335938
100     274  13.378906
110     236  11.523438
1       118   5.761719



     count        pct
PAK                  
1     1420  69.335938
110    274  13.378906
010    236  11.523438
0      118   5.761719



      count        pct
PIP2                  
1      1037  50.634766
0      1011  49.365234



     count    pct
PKD              
0     2048  100.0



          count        pct
Profilin                  
1          1564  76.367188
101         236  11.523438
0           212  10.351562
100          36   1.757812



      count    pct
ROCK              
0      2048  100.0



     count        pct
ROS                  
1     1405  68.603516
110    284  13.867188
010    236  11.523438
0      123   6.005859



      count        pct
Rac1                  
1      1405  68.603516
101     284  13.867188
100     236  11.523438
0       123   6.005859



      count        pct
RhoA                  
0      1405  68.603516
1       359  17.529297
110     274  13.378906
100      10   0.488281



     count        pct
SSH                  
1     1405  68.603516
110    284  13.867188
010    236  11.523438
0      123   6.005859



          count        pct
Thymosin                  
0          1293  63.134766
01          431  21.044922
1           248  12.109375
10           76   3.710938



      count        pct
WASP                  
1      1057  51.611328
01      431  21.044922
0       248  12.109375
011     236  11.523438
10       76   3.710938



      count        pct
WAVE                  
1      1689  82.470703
011     236  11.523438
0       123   6.005859



