                   count        pct
Actin_BR Actin_ST                  
0        0           955  93.261719
010      010          31   3.027344
110      010          22   2.148438
010      110           8   0.781250
110      1             6   0.585938
1        0             2   0.195312



           count        pct
Rac1 RhoA                  
0    1       955  93.261719
110  010      21   2.050781
010  1        21   2.050781
     110      18   1.757812
110  110       7   0.683594
1    0         2   0.195312



