          count        pct
ARHGAP22                  
1          1018  49.707031
0           362  17.675781
11110       318  15.527344
11010       138   6.738281
01110       132   6.445312
10001        65   3.173828
100          15   0.732422



          count        pct
Actin_BR                  
1          1039  50.732422
0           900  43.945312
110          68   3.320312
100          41   2.001953



          count        pct
Actin_ST                  
0           897  43.798828
11110       456  22.265625
1           442  21.582031
01110       197   9.619141
101          56   2.734375



        count        pct
Arp2_3                  
1        1039  50.732422
0         900  43.945312
101        68   3.320312
001        41   2.001953



    count    pct
CP              
1    2048  100.0



       count        pct
Cdc42                  
1       1026  50.097656
0       1022  49.902344



         count        pct
Cofilin                  
0          887  43.310547
1          705  34.423828
11011      318  15.527344
01011      138   6.738281



         count        pct
Coronin                  
0         1474  71.972656
1          362  17.675781
00100      132   6.445312
10001       65   3.173828
110         15   0.732422



           count        pct
Cortactin                  
0           1031  50.341797
01000        318  15.527344
1            255  12.451172
01100        197   9.619141
01001        138   6.738281
100           56   2.734375
011           53   2.587891



      count    pct
Dia1              
0      2048  100.0



       count        pct
Dia2                   
1       1395  68.115234
11101    456  22.265625
11100    197   9.619141



          count        pct
Ena_Vasp                  
1          1982  96.777344
011          56   2.734375
0            10   0.488281



              count        pct
IRSp53_Cdc42                  
1              1026  50.097656
0              1022  49.902344



             count        pct
IRSp53_Rac1                  
0             1031  50.341797
01000          318  15.527344
1              255  12.451172
01001          138   6.738281
01100          132   6.445312
011             68   3.320312
10011           65   3.173828
010             41   2.001953



       count        pct
LIMK                   
1       1474  71.972656
0        362  17.675781
11011    132   6.445312
01110     65   3.173828
001       15   0.732422



      count        pct
NET1                  
0      1042  50.878906
1       897  43.798828
010      68   3.320312
110      41   2.001953



     count        pct
PAK                  
1     1042  50.878906
0      897  43.798828
011     68   3.320312
010     41   2.001953



      count    pct
PIP2              
0      2048  100.0



       count        pct
PKD                    
1       1018  49.707031
0        362  17.675781
11110    318  15.527344
11010    138   6.738281
01110    132   6.445312
10001     65   3.173828
100       15   0.732422



          count        pct
Profilin                  
1          1110  54.199219
0           897  43.798828
101          41   2.001953



       count        pct
ROCK                   
1       1018  49.707031
0        362  17.675781
11101    318  15.527344
10101    138   6.738281
11100    132   6.445312
00011     65   3.173828
001       15   0.732422



       count        pct
ROS                    
0       1031  50.341797
01000    318  15.527344
1        255  12.451172
01001    138   6.738281
01100    132   6.445312
011       68   3.320312
10011     65   3.173828
010       41   2.001953



       count        pct
Rac1                   
0       1031  50.341797
10000    318  15.527344
1        255  12.451172
10010    138   6.738281
11000    132   6.445312
110       68   3.320312
00111     65   3.173828
100       41   2.001953



       count        pct
RhoA                   
1       1072  52.343750
11011    318  15.527344
0        255  12.451172
01011    138   6.738281
11001    132   6.445312
011       68   3.320312
00110     65   3.173828



       count        pct
SSH                    
0       1474  71.972656
1        362  17.675781
01000    132   6.445312
00011     65   3.173828
101       15   0.732422



          count    pct
Thymosin              
0          2048  100.0



      count        pct
WASP                  
1      1095  53.466797
0       897  43.798828
110      56   2.734375



       count        pct
WAVE                   
0       1031  50.341797
1        323  15.771484
01100    318  15.527344
11101    203   9.912109
01110    132   6.445312
011       41   2.001953



