                   count        pct
Actin_BR Actin_ST                  
0        0           897  43.798828
1        11110       456  22.265625
         1           386  18.847656
         01110       197   9.619141
110      1            53   2.587891
100      101          41   2.001953
110      101          15   0.732422
0        1             3   0.146484



             count        pct
Rac1  RhoA                   
0     1       1031  50.341797
10000 11011    318  15.527344
1     0        255  12.451172
10010 01011    138   6.738281
11000 11001    132   6.445312
110   011       68   3.320312
00111 00110     65   3.173828
100   1         41   2.001953



