          count        pct
Actin_BR                  
1           385  37.597656
0           356  34.765625
1110        102   9.960938
01           73   7.128906
1100         56   5.468750
1000         38   3.710938
011          14   1.367188



          count        pct
Actin_ST                  
1           430  41.992188
1101        243  23.730469
0           242  23.632812
01           68   6.640625
0100         20   1.953125
110          14   1.367188
1001          7   0.683594



        count        pct
Arp2_3                  
1         385  37.597656
0         356  34.765625
1101      102   9.960938
10         73   7.128906
1001       56   5.468750
0001       38   3.710938
110        14   1.367188



    count      pct
CP                
0     528  51.5625
1     496  48.4375



       count        pct
Cdc42                  
0        518  50.585938
1        506  49.414062



         count        pct
Cofilin                  
0          654  63.867188
1          174  16.992188
01         114  11.132812
1101        61   5.957031
1000        21   2.050781



         count        pct
Coronin                  
0          625  61.035156
0001       195  19.042969
1011       100   9.765625
1           99   9.667969
01           5   0.488281



           count        pct
Cortactin                  
0            451  44.042969
0011         195  19.042969
0001         140  13.671875
1011         100   9.765625
1             85   8.300781
10            39   3.808594
101           14   1.367188



      count        pct
Dia1                  
0       553  54.003906
1       223  21.777344
0110    109  10.644531
1110     59   5.761719
1000     45   4.394531
10       35   3.417969



      count        pct
Dia2                  
1       536  52.343750
0111    435  42.480469
10       39   3.808594
101      14   1.367188



          count        pct
Ena_Vasp                  
1          1013  98.925781
1011         11   1.074219



        count        pct
IRSp53                  
1         557  54.394531
0         425  41.503906
1011       42   4.101562



      count        pct
LIMK                  
1       625  61.035156
1110    195  19.042969
0100    100   9.765625
0        99   9.667969
10        5   0.488281



      count        pct
PAK                   
1       982  95.898438
1011     42   4.101562



      count      pct
PIP2                
1       528  51.5625
0       496  48.4375



      count        pct
PKD                   
1       451  44.042969
0011    195  19.042969
1011    140  13.671875
0001    100   9.765625
0        99   9.667969
01       39   3.808594



          count        pct
Profilin                  
1           540  52.734375
0           242  23.632812
1011        168  16.406250
10           47   4.589844
1000         20   1.953125
0011          7   0.683594



      count        pct
ROCK                  
1       451  44.042969
0110    195  19.042969
0111    140  13.671875
0010    100   9.765625
0        99   9.667969
10       39   3.808594



       count        pct
ROCK_                  
1        451  44.042969
0011     195  19.042969
1011     140  13.671875
0001     100   9.765625
0         99   9.667969
01        39   3.808594



      count        pct
Rac1                  
0       451  44.042969
0110    195  19.042969
0010    140  13.671875
0111    100   9.765625
1        85   8.300781
01       39   3.808594
011      14   1.367188



      count        pct
RhoA                  
1       451  44.042969
1100    237  23.144531
1110    140  13.671875
0        85   8.300781
0100     58   5.664062
01       39   3.808594
010      14   1.367188



      count        pct
SSH                   
0       625  61.035156
0010    195  19.042969
0111    100   9.765625
1        99   9.667969
10        5   0.488281



          count        pct
Thymosin                  
0           395  38.574219
01          354  34.570312
1           275  26.855469



      count        pct
WASP                  
1       395  38.574219
01      354  34.570312
0       275  26.855469



      count        pct
WAVE                  
0       451  44.042969
0011    195  19.042969
0001    140  13.671875
1011    100   9.765625
1        85   8.300781
10       39   3.808594
101      14   1.367188



