                                         count        pct
cycle_Actin_BR_norm cycle_Actin_ST_norm                  
1                   1                      311  30.371094
0                   0                      258  25.195312
                    1                      116  11.328125
1                   1011                    93   9.082031
1110                1011                    69   6.738281
1100                1011                    40   3.906250
10                  10                      38   3.710938
0100                0100                    27   2.636719
011                 110                     18   1.757812
10                  1011                    16   1.562500
0100                1011                    16   1.562500
1110                1                       10   0.976562
1100                10                       7   0.683594
1                   10                       2   0.195312
0100                1001                     2   0.195312
1                   0                        1   0.097656



