          count        pct
ARHGAP22                  
0           650  63.476562
1           126  12.304688
010         126  12.304688
001111      122  11.914062



          count        pct
Actin_BR                  
101         258  25.195312
0           207  20.214844
1           173  16.894531
100         171  16.699219
000001      122  11.914062
010          93   9.082031



          count        pct
Actin_ST                  
1           451  44.042969
0           219  21.386719
101         110  10.742188
001          80   7.812500
100111       64   6.250000
010001       53   5.175781
001000       40   3.906250
10            7   0.683594



        count        pct
Arp2_3                  
011       258  25.195312
0         207  20.214844
1         173  16.894531
001       171  16.699219
000010    122  11.914062
100        93   9.082031



        count        pct
CP                      
1         493  48.144531
0         488  47.656250
010000     40   3.906250
001         2   0.195312
10          1   0.097656



       count        pct
Cdc42                  
0        523  51.074219
1        501  48.925781



         count        pct
Cofilin                  
0          373  36.425781
1          370  36.132812
101        210  20.507812
010000      53   5.175781
10          14   1.367188
100          4   0.390625



         count        pct
Coronin                  
1          612  59.765625
0          391  38.183594
01          21   2.050781



           count        pct
Cortactin                  
110          258  25.195312
0            197  19.238281
010          175  17.089844
1            173  16.894531
000100       122  11.914062
001           93   9.082031
000001111      6   0.585938



           count        pct
Dia1                       
0            778  75.976562
011110       122  11.914062
001           77   7.519531
100           40   3.906250
000111100      6   0.585938
1              1   0.097656



           count        pct
Dia2                       
110          378  36.914062
1            313  30.566406
011110       122  11.914062
101           93   9.082031
0             57   5.566406
010           55   5.371094
000111111      6   0.585938



          count        pct
Ena_Vasp                  
1           786  76.757812
011101       93   9.082031
101111       64   6.250000
011          39   3.808594
0            24   2.343750
100111       15   1.464844
100           2   0.195312
10            1   0.097656



              count        pct
IRSp53_Cdc42                  
0               523  51.074219
1               501  48.925781



             count        pct
IRSp53_Rac1                  
110            258  25.195312
0              197  19.238281
010            175  17.089844
1              173  16.894531
000100         122  11.914062
001             93   9.082031
000001111        6   0.585938



        count        pct
LIMK                    
0         612  59.765625
1         269  26.269531
101111    122  11.914062
10         21   2.050781



           count        pct
NET1                       
0            506  49.414062
1            140  13.671875
111101       122  11.914062
101          120  11.718750
011           93   9.082031
100           37   3.613281
011111000      6   0.585938



           count        pct
PAK                        
1            506  49.414062
0            140  13.671875
000100       122  11.914062
100          120  11.718750
001           93   9.082031
110           37   3.613281
000001111      6   0.585938



      count        pct
PIP2                  
1       531  51.855469
0       493  48.144531



        count        pct
PKD                     
0         650  63.476562
1         126  12.304688
010       126  12.304688
001111    122  11.914062



          count        pct
Profilin                  
1           598  58.398438
0           219  21.386719
001111       64   6.250000
100010       53   5.175781
011          43   4.199219
010          40   3.906250
01            7   0.683594



        count        pct
ROCK                    
0         650  63.476562
100       126  12.304688
1         126  12.304688
011110    122  11.914062



           count        pct
ROS                        
110          258  25.195312
0            197  19.238281
010          175  17.089844
1            173  16.894531
000100       122  11.914062
001           93   9.082031
000001111      6   0.585938



           count        pct
Rac1                       
101          258  25.195312
0            197  19.238281
100          175  17.089844
1            173  16.894531
001000       122  11.914062
010           93   9.082031
000011110      6   0.585938



           count        pct
RhoA                       
0            543  53.027344
1            140  13.671875
111100       122  11.914062
100          120  11.718750
001           93   9.082031
001111000      6   0.585938



     count        pct
SSH                  
1      612  59.765625
0      391  38.183594
10      21   2.050781



          count        pct
Thymosin                  
0           654  63.867188
1           194  18.945312
10          157  15.332031
01           19   1.855469



        count        pct
WASP                    
1         597  58.300781
0         208  20.312500
10        104  10.156250
000101     53   5.175781
110        43   4.199219
01         19   1.855469



      count    pct
WAVE              
0      1024  100.0



