          count        pct
ARHGAP22                  
0           693  67.675781
010         149  14.550781
1           102   9.960938
001111       80   7.812500



          count        pct
Actin_BR                  
1           504  49.218750
010         237  23.144531
0           133  12.988281
000001       80   7.812500
011          70   6.835938



          count        pct
Actin_ST                  
0           817  79.785156
010         122  11.914062
000111       39   3.808594
011110       33   3.222656
010000        8   0.781250
1             5   0.488281



        count        pct
Arp2_3                  
1         504  49.218750
100       237  23.144531
0         133  12.988281
000010     80   7.812500
110        70   6.835938



        count        pct
CP                      
1         766  74.804688
010       128  12.500000
000001     80   7.812500
101        33   3.222656
0          17   1.660156



       count        pct
Cdc42                  
1        518  50.585938
0        506  49.414062



         count        pct
Cofilin                  
1          554  54.101562
0          291  28.417969
011         83   8.105469
010000      62   6.054688
10          31   3.027344
010          3   0.292969



         count        pct
Coronin                  
1          668  65.234375
0          350  34.179688
01           6   0.585938



           count        pct
Cortactin                  
1            504  49.218750
001          237  23.144531
0            133  12.988281
000100        80   7.812500
101           70   6.835938



        count        pct
Dia1                    
0         810  79.101562
100       128  12.500000
011110     80   7.812500
1           6   0.585938



      count    pct
Dia2              
0      1024  100.0



          count    pct
Ena_Vasp              
0          1024  100.0



              count        pct
IRSp53_Cdc42                  
1               518  50.585938
0               506  49.414062



             count        pct
IRSp53_Rac1                  
1              504  49.218750
001            237  23.144531
0              133  12.988281
000100          80   7.812500
101             70   6.835938



        count        pct
LIMK                    
0         668  65.234375
1         270  26.367188
101111     80   7.812500
10          6   0.585938



        count        pct
NET1                    
0         530  51.757812
011       237  23.144531
1         107  10.449219
111101     80   7.812500
001        70   6.835938



        count        pct
PAK                     
1         530  51.757812
001       237  23.144531
0         107  10.449219
000100     80   7.812500
101        70   6.835938



      count       pct
PIP2                 
1       520  50.78125
0       504  49.21875



        count        pct
PKD                     
0         693  67.675781
010       149  14.550781
1         102   9.960938
001111     80   7.812500



          count        pct
Profilin                  
1           693  67.675781
0           128  12.500000
110         102   9.960938
011          47   4.589844
001111       39   3.808594
110000        8   0.781250
010           6   0.585938
01            1   0.097656



        count        pct
ROCK                    
0         693  67.675781
100       149  14.550781
1         102   9.960938
011110     80   7.812500



        count        pct
ROS                     
1         504  49.218750
001       237  23.144531
0         133  12.988281
000100     80   7.812500
101        70   6.835938



        count        pct
Rac1                    
1         504  49.218750
010       237  23.144531
0         133  12.988281
001000     80   7.812500
011        70   6.835938



        count        pct
RhoA                    
0         600  58.593750
001       237  23.144531
1         107  10.449219
111100     80   7.812500



     count        pct
SSH                  
1      668  65.234375
0      350  34.179688
10       6   0.585938



          count        pct
Thymosin                  
0           705  68.847656
01          141  13.769531
1           140  13.671875
10           38   3.710938



        count        pct
WASP                    
1         659  64.355469
0         145  14.160156
01         79   7.714844
000101     62   6.054688
110        41   4.003906
10         38   3.710938



        count        pct
WAVE                    
1         574  56.054688
101       237  23.144531
0         133  12.988281
000110     80   7.812500



