                   count        pct
Actin_BR Actin_ST                  
1        0           504  49.218750
0        0           128  12.500000
010      010         122  11.914062
         0           115  11.230469
011      0            70   6.835938
000001   000111       39   3.808594
         011110       33   3.222656
         010000        8   0.781250
0        1             5   0.488281



               count        pct
Rac1   RhoA                    
1      0         504  49.218750
010    001       237  23.144531
0      1         107  10.449219
001000 111100     80   7.812500
011    0          70   6.835938
0      0          26   2.539062



