          count        pct
ARHGAP22                  
0           610  59.570312
111100      226  22.070312
001         156  15.234375
             27   2.636719
1             5   0.488281



          count        pct
Actin_BR                  
0           543  53.027344
1           189  18.457031
001         165  16.113281
000001       87   8.496094
             27   2.636719
101          13   1.269531



           count        pct
Actin_ST                   
10           248  24.218750
1            182  17.773438
0            165  16.113281
011110       145  14.160156
001           99   9.667969
000001110     54   5.273438
101111        53   5.175781
011001        45   4.394531
              27   2.636719
010111         6   0.585938



        count        pct
Arp2_3                  
0         543  53.027344
1         189  18.457031
010       165  16.113281
000010     87   8.496094
           27   2.636719
011        13   1.269531



        count        pct
CP                      
0         779  76.074219
1          97   9.472656
001        76   7.421875
001000     45   4.394531
           27   2.636719



       count        pct
Cdc42                  
1        502  49.023438
0        495  48.339844
          27   2.636719



         count        pct
Cofilin                  
0          997  97.363281
            27   2.636719



         count        pct
Coronin                  
1          551  53.808594
0          415  40.527344
10          31   3.027344
            27   2.636719



           count        pct
Cortactin                  
0            997  97.363281
              27   2.636719



           count        pct
Dia1                       
0            518  50.585938
111001       226  22.070312
010          194  18.945312
000111100     54   5.273438
              27   2.636719
1              5   0.488281



           count        pct
Dia2                       
1            507  49.511719
111001       226  22.070312
010          194  18.945312
000111100     54   5.273438
              27   2.636719
0             16   1.562500



          count        pct
Ena_Vasp                  
1           595  58.105469
011110      145  14.160156
0            77   7.519531
100          76   7.421875
110111       53   5.175781
101110       45   4.394531
             27   2.636719
10            6   0.585938



              count        pct
IRSp53_Cdc42                  
1               502  49.023438
0               495  48.339844
                 27   2.636719



             count        pct
IRSp53_Rac1                  
0              321  31.347656
010000         226  22.070312
100            194  18.945312
1              189  18.457031
000001111       54   5.273438
                27   2.636719
110             13   1.269531



        count        pct
LIMK                    
0         551  53.808594
111110    226  22.070312
1         189  18.457031
01         31   3.027344
           27   2.636719



           count        pct
NET1                       
0            505  49.316406
110111       226  22.070312
101          194  18.945312
011111000     54   5.273438
              27   2.636719
100           13   1.269531
1              5   0.488281



           count        pct
PAK                        
1            505  49.316406
010000       226  22.070312
100          194  18.945312
000001111     54   5.273438
              27   2.636719
110           13   1.269531
0              5   0.488281



      count        pct
PIP2                  
0       520  50.781250
1       477  46.582031
         27   2.636719



        count        pct
PKD                     
0         610  59.570312
111100    226  22.070312
001       156  15.234375
           27   2.636719
1           5   0.488281



           count        pct
Profilin                   
1            279  27.246094
01           248  24.218750
111100       145  14.160156
011111       104  10.156250
011           99   9.667969
0             68   6.640625
110011111     54   5.273438
              27   2.636719



        count        pct
ROCK                    
0         610  59.570312
111001    226  22.070312
010       156  15.234375
           27   2.636719
1           5   0.488281



           count        pct
ROS                        
0            321  31.347656
010000       226  22.070312
100          194  18.945312
1            189  18.457031
000001111     54   5.273438
              27   2.636719
110           13   1.269531



           count        pct
Rac1                       
0            321  31.347656
100000       226  22.070312
001          194  18.945312
1            189  18.457031
000011110     54   5.273438
              27   2.636719
101           13   1.269531



           count        pct
RhoA                       
0            518  50.585938
110011       226  22.070312
100          194  18.945312
001111000     54   5.273438
              27   2.636719
1              5   0.488281



     count        pct
SSH                  
1      551  53.808594
0      415  40.527344
01      31   3.027344
        27   2.636719



          count        pct
Thymosin                  
1           369  36.035156
10          352  34.375000
0           276  26.953125
             27   2.636719



      count        pct
WASP                  
0       369  36.035156
10      352  34.375000
1       276  26.953125
         27   2.636719



           count        pct
WAVE                       
0            321  31.347656
011000       226  22.070312
1            202  19.726562
110          194  18.945312
100001111     54   5.273438
              27   2.636719



