          count    pct
ARHGAP22              
0          1024  100.0



          count        pct
Actin_BR                  
001         297  29.003906
1           246  24.023438
0           245  23.925781
011         216  21.093750
110          20   1.953125



          count        pct
Actin_ST                  
0           407  39.746094
1           280  27.343750
010         103  10.058594
010001       67   6.542969
10           52   5.078125
010000       47   4.589844
101111       31   3.027344
100101       28   2.734375
101           9   0.878906



        count        pct
Arp2_3                  
010       297  29.003906
1         246  24.023438
0         245  23.925781
110       216  21.093750
101        20   1.953125



        count        pct
CP                      
0         535  52.246094
1         137  13.378906
001       118  11.523438
011       108  10.546875
001000     67   6.542969
100        28   2.734375
101000     24   2.343750
101         5   0.488281
10          2   0.195312



       count        pct
Cdc42                  
1        537  52.441406
0        487  47.558594



         count    pct
Cofilin              
0         1024  100.0



         count       pct
Coronin                 
1          808  78.90625
0          152  14.84375
01          64   6.25000



           count        pct
Cortactin                  
100          297  29.003906
1            246  24.023438
0            245  23.925781
101          216  21.093750
011           20   1.953125



      count    pct
Dia1              
0      1024  100.0



      count        pct
Dia2                  
1       537  52.441406
0       487  47.558594



          count        pct
Ena_Vasp                  
1           640  62.500000
0           217  21.191406
10          114  11.132812
01           53   5.175781



              count        pct
IRSp53_Cdc42                  
1               537  52.441406
0               487  47.558594



             count        pct
IRSp53_Rac1                  
100            297  29.003906
1              246  24.023438
0              245  23.925781
101            216  21.093750
011             20   1.953125



      count        pct
LIMK                  
0       982  95.898438
1        26   2.539062
01       16   1.562500



      count    pct
NET1              
0      1024  100.0



     count        pct
PAK                  
1      552  53.906250
100    216  21.093750
0      189  18.457031
101     47   4.589844
011     20   1.953125



      count        pct
PIP2                  
1       524  51.171875
0       500  48.828125



     count    pct
PKD              
0     1024  100.0



          count        pct
Profilin                  
1           556  54.296875
0           163  15.917969
011         127  12.402344
011111      126  12.304688
01           52   5.078125



      count    pct
ROCK              
0      1024  100.0



     count        pct
ROS                  
100    297  29.003906
1      246  24.023438
0      245  23.925781
101    216  21.093750
011     20   1.953125



      count        pct
Rac1                  
001     297  29.003906
1       246  24.023438
0       245  23.925781
011     216  21.093750
110      20   1.953125



      count    pct
RhoA              
0      1024  100.0



     count       pct
SSH                 
1      808  78.90625
0      152  14.84375
10      64   6.25000



          count        pct
Thymosin                  
10          342  33.398438
0           295  28.808594
1           290  28.320312
01           97   9.472656



      count        pct
WASP                  
10      342  33.398438
1       295  28.808594
0       290  28.320312
01       97   9.472656



      count        pct
WAVE                  
1       482  47.070312
110     297  29.003906
0       245  23.925781



