                   count        pct
Actin_BR Actin_ST                  
1        0           247  24.121094
         1           235  22.949219
011      010          76   7.421875
         1            61   5.957031
010000   011101       58   5.664062
         1            45   4.394531
010      1            41   4.003906
100110   010          30   2.929688
1        10           26   2.539062
010000   111101       26   2.539062
010      101          25   2.441406
001010   001010       23   2.246094
010      011          18   1.757812
100110   1            17   1.660156
0        0            17   1.660156
010      111101       14   1.367188
001010   111101       12   1.171875
0        1            11   1.074219
100110   011           8   0.781250
001010   1             7   0.683594
10       0             6   0.585938
0        10            6   0.585938
10       10            5   0.488281
001010   011           3   0.292969
1000     1011          3   0.292969
10       1             2   0.195312
001010   100101        2   0.195312



               count        pct
Rac1   RhoA                    
1      0         508  49.609375
011    100       137  13.378906
000010 101111    129  12.597656
010    101        84   8.203125
110100 011001     55   5.371094
010001 110101     47   4.589844
0      0          24   2.343750
01     01         16   1.562500
110    001        14   1.367188
0      1          10   0.976562



