          count        pct
ARHGAP22                  
0           517  50.488281
1            98   9.570312
011          97   9.472656
110          96   9.375000
111011       72   7.031250
001011       46   4.492188
100          38   3.710938
101110       29   2.832031
001          27   2.636719
10            4   0.390625



          count        pct
Actin_BR                  
1           495  48.339844
0           112  10.937500
010         105  10.253906
100          96   9.375000
010000       72   7.031250
010011       46   4.492188
101          38   3.710938
000101       29   2.832031
011          27   2.636719
01            4   0.390625



          count        pct
Actin_ST                  
1           662  64.648438
0           135  13.183594
100110       66   6.445312
011          66   6.445312
110111       57   5.566406
000110       16   1.562500
010          15   1.464844
100111        5   0.488281
01            1   0.097656
000111        1   0.097656



        count        pct
Arp2_3                  
1         495  48.339844
0         112  10.937500
100       105  10.253906
001        96   9.375000
100000     72   7.031250
100110     46   4.492188
011        38   3.710938
001010     29   2.832031
110        27   2.636719
10          4   0.390625



        count        pct
CP                      
1         522  50.976562
0         461  45.019531
001000     33   3.222656
100         6   0.585938
01          2   0.195312



       count        pct
Cdc42                  
0        517  50.488281
1        507  49.511719



         count        pct
Cofilin                  
0          874  85.351562
100000      80   7.812500
001         70   6.835938



         count    pct
Coronin              
0         1024  100.0



           count        pct
Cortactin                  
1            495  48.339844
0            112  10.937500
001          105  10.253906
010           96   9.375000
000001        72   7.031250
001101        46   4.492188
110           38   3.710938
010100        29   2.832031
101           27   2.636719
01             4   0.390625



        count        pct
Dia1                    
0         772  75.390625
110111     72   7.031250
101        69   6.738281
010110     46   4.492188
011101     29   2.832031
001        17   1.660156
010        13   1.269531
01          4   0.390625
1           2   0.195312



        count        pct
Dia2                    
1         851  83.105469
011111    118  11.523438
011101     29   2.832031
0          14   1.367188
001         8   0.781250
01          4   0.390625



          count        pct
Ena_Vasp                  
1           811  79.199219
011111      137  13.378906
101110       41   4.003906
101          17   1.660156
010           7   0.683594
010110        6   0.585938
01            3   0.292969
0             2   0.195312



              count        pct
IRSp53_Cdc42                  
0               517  50.488281
1               507  49.511719



             count        pct
IRSp53_Rac1                  
1              495  48.339844
0              112  10.937500
001            105  10.253906
010             96   9.375000
000001          72   7.031250
001101          46   4.492188
110             38   3.710938
010100          29   2.832031
101             27   2.636719
01               4   0.390625



        count        pct
LIMK                    
1         978  95.507812
101111     46   4.492188



        count        pct
NET1                    
0         517  50.488281
1          98   9.570312
011        97   9.472656
110        96   9.375000
011111     72   7.031250
011001     46   4.492188
100        38   3.710938
110101     29   2.832031
001        27   2.636719
01          4   0.390625



        count        pct
PAK                     
1         517  50.488281
0          98   9.570312
001        97   9.472656
010        96   9.375000
000001     72   7.031250
001101     46   4.492188
110        38   3.710938
010100     29   2.832031
101        27   2.636719
01          4   0.390625



      count        pct
PIP2                  
0       522  50.976562
1       502  49.023438



        count        pct
PKD                     
0         517  50.488281
1          98   9.570312
011        97   9.472656
110        96   9.375000
111011     72   7.031250
001011     46   4.492188
100        38   3.710938
101110     29   2.832031
001        27   2.636719
10          4   0.390625



          count        pct
Profilin                  
1           677  66.113281
0           135  13.183594
110          66   6.445312
101          66   6.445312
101111       48   4.687500
001100       16   1.562500
100          15   1.464844
001110        1   0.097656



        count        pct
ROCK                    
0         517  50.488281
1          98   9.570312
110        97   9.472656
101        96   9.375000
110111     72   7.031250
010110     46   4.492188
001        38   3.710938
011101     29   2.832031
010        27   2.636719
01          4   0.390625



     count    pct
ROS              
0     1024  100.0



        count        pct
Rac1                    
1         495  48.339844
0         112  10.937500
010       105  10.253906
100        96   9.375000
000010     72   7.031250
011010     46   4.492188
101        38   3.710938
101000     29   2.832031
011        27   2.636719
10          4   0.390625



        count        pct
RhoA                    
0         517  50.488281
1          98   9.570312
101        97   9.472656
011        96   9.375000
101111     72   7.031250
101100     46   4.492188
010        38   3.710938
111010     29   2.832031
100        27   2.636719
10          4   0.390625



     count    pct
SSH              
0     1024  100.0



          count        pct
Thymosin                  
0           409  39.941406
01          237  23.144531
10          192  18.750000
1           186  18.164062



        count        pct
WASP                    
01        363  35.449219
1         359  35.058594
0         186  18.164062
001010     66   6.445312
101        50   4.882812



        count        pct
WAVE                    
1         564  55.078125
0         112  10.937500
101       105  10.253906
011        96   9.375000
100001     72   7.031250
101111     46   4.492188
011110     29   2.832031



