          count        pct
ARHGAP22                  
100         291  28.417969
011110      267  26.074219
010         260  25.390625
0           200  19.531250
1             6   0.585938



          count        pct
Actin_BR                  
100         291  28.417969
000010      267  26.074219
010         260  25.390625
011         119  11.621094
101          66   6.445312
1            15   1.464844
0             6   0.585938



          count        pct
Actin_ST                  
010         371  36.230469
1           209  20.410156
010110      137  13.378906
001110      131  12.792969
011111       68   6.640625
000001       66   6.445312
001111       26   2.539062
0            16   1.562500



        count        pct
Arp2_3                  
001       291  28.417969
000100    267  26.074219
100       260  25.390625
110       119  11.621094
011        66   6.445312
1          15   1.464844
0           6   0.585938



        count        pct
CP                      
010       308  30.078125
0         303  29.589844
000010    268  26.171875
011        71   6.933594
001010     36   3.515625
101        30   2.929688
1           7   0.683594
10          1   0.097656



       count    pct
Cdc42              
0       1024  100.0



         count        pct
Cofilin                  
0          685  66.894531
010        186  18.164062
010000     153  14.941406



         count    pct
Coronin              
0         1024  100.0



           count        pct
Cortactin                  
010          291  28.417969
001000       267  26.074219
001          260  25.390625
101          119  11.621094
110           66   6.445312
1             15   1.464844
0              6   0.585938



        count        pct
Dia1                    
001       291  28.417969
111100    267  26.074219
100       260  25.390625
0         200  19.531250
1           6   0.585938



        count        pct
Dia2                    
001       291  28.417969
111100    267  26.074219
100       260  25.390625
0         200  19.531250
1           6   0.585938



          count        pct
Ena_Vasp                  
1           399  38.964844
101011      260  25.390625
001111      157  15.332031
10           70   6.835938
101111       68   6.640625
001          62   6.054688
0             8   0.781250



              count    pct
IRSp53_Cdc42              
0              1024  100.0



             count        pct
IRSp53_Rac1                  
010            291  28.417969
001000         267  26.074219
001            260  25.390625
101            119  11.621094
110             66   6.445312
1               15   1.464844
0                6   0.585938



        count        pct
LIMK                    
1         572  55.859375
011111    267  26.074219
110       119  11.621094
011        66   6.445312



        count        pct
NET1                    
110       291  28.417969
111011    267  26.074219
011       260  25.390625
001       119  11.621094
100        66   6.445312
0          15   1.464844
1           6   0.585938



        count        pct
PAK                     
010       291  28.417969
001000    267  26.074219
001       260  25.390625
101       119  11.621094
110        66   6.445312
1          15   1.464844
0           6   0.585938



      count       pct
PIP2                 
0       520  50.78125
1       504  49.21875



        count        pct
PKD                     
100       291  28.417969
011110    267  26.074219
010       260  25.390625
0         200  19.531250
1           6   0.585938



          count        pct
Profilin                  
1           354  34.570312
110         308  30.078125
111110      205  20.019531
011110      157  15.332031



        count        pct
ROCK                    
001       291  28.417969
111100    267  26.074219
100       260  25.390625
0         200  19.531250
1           6   0.585938



        count        pct
ROS                     
010       291  28.417969
001000    267  26.074219
001       260  25.390625
101       119  11.621094
110        66   6.445312
1          15   1.464844
0           6   0.585938



        count        pct
Rac1                    
100       291  28.417969
010000    267  26.074219
010       260  25.390625
011       119  11.621094
101        66   6.445312
1          15   1.464844
0           6   0.585938



        count        pct
RhoA                    
010       291  28.417969
111001    267  26.074219
001       260  25.390625
0         200  19.531250
1           6   0.585938



     count    pct
SSH              
0     1024  100.0



          count        pct
Thymosin                  
01          401  39.160156
0           394  38.476562
1           229  22.363281



        count        pct
WASP                    
01        278  27.148438
1         271  26.464844
0         229  22.363281
101       123  12.011719
000101    123  12.011719



        count        pct
WAVE                    
011       291  28.417969
001100    267  26.074219
101       260  25.390625
1         200  19.531250
0           6   0.585938



