                     count        pct
cycle_Actin_BR_norm                  
0                      447  43.652344
1                      375  36.621094
1000                    45   4.394531
011                     37   3.613281
01                      36   3.515625
0111                    33   3.222656
0011                    30   2.929688
10                      21   2.050781



                     count        pct
cycle_Actin_ST_norm                  
0                      447  43.652344
1011                   327  31.933594
01                     101   9.863281
1                       68   6.640625
110                     37   3.613281
10                      27   2.636719
0100                    17   1.660156



                   count        pct
cycle_Arp2_3_norm                  
0                    447  43.652344
1                    375  36.621094
0001                  45   4.394531
110                   37   3.613281
10                    36   3.515625
1110                  33   3.222656
0110                  30   2.929688
01                    21   2.050781



               count    pct
cycle_CP_norm              
1               1024  100.0



                  count      pct
cycle_Cdc42_norm                
0                   528  51.5625
1                   496  48.4375



                    count        pct
cycle_Cofilin_norm                  
0                     464  45.312500
1                     445  43.457031
0010                   58   5.664062
01                     36   3.515625
10                     21   2.050781



                    count        pct
cycle_Coronin_norm                  
0                     649  63.378906
0001                  219  21.386719
1                      94   9.179688
1101                   57   5.566406
01                      5   0.488281



                      count    pct
cycle_Cortactin_norm              
0                      1024  100.0



                 count    pct
cycle_Dia1_norm              
0                 1024  100.0



                 count        pct
cycle_Dia2_norm                  
1                  529  51.660156
0111               445  43.457031
101                 37   3.613281
01                  13   1.269531



                     count    pct
cycle_Ena_Vasp_norm              
1                     1024  100.0



                   count        pct
cycle_IRSp53_norm                  
1                    545  53.222656
0                    446  43.554688
1101                  33   3.222656



                 count        pct
cycle_LIMK_norm                  
1                  649  63.378906
1110               219  21.386719
0                   94   9.179688
0010                57   5.566406
10                   5   0.488281



                count        pct
cycle_PAK_norm                  
1                 991  96.777344
1101               33   3.222656



                 count    pct
cycle_PIP2_norm              
0                 1024  100.0



                count        pct
cycle_PKD_norm                  
1                 472  46.093750
0011              219  21.386719
1011              169  16.503906
0                  94   9.179688
1000               57   5.566406
10                 13   1.269531



                     count        pct
cycle_Profilin_norm                  
0                      447  43.652344
1                      445  43.457031
0111                    58   5.664062
10                      36   3.515625
01                      21   2.050781
1000                    17   1.660156



                 count        pct
cycle_ROCK_norm                  
1                  472  46.093750
0110               219  21.386719
0111               169  16.503906
0                   94   9.179688
0001                57   5.566406
01                  13   1.269531



                  count        pct
cycle_ROCK__norm                  
1                   472  46.093750
0011                219  21.386719
1011                169  16.503906
0                    94   9.179688
1000                 57   5.566406
10                   13   1.269531



                 count        pct
cycle_Rac1_norm                  
0                  472  46.093750
0110               219  21.386719
0010               169  16.503906
1011                57   5.566406
1                   57   5.566406
011                 37   3.613281
10                  13   1.269531



                 count        pct
cycle_RhoA_norm                  
1                  472  46.093750
1100               252  24.609375
1110               169  16.503906
0                   57   5.566406
010                 37   3.613281
0010                24   2.343750
10                  13   1.269531



                count        pct
cycle_SSH_norm                  
0                 649  63.378906
0010              219  21.386719
1                  94   9.179688
1011               57   5.566406
10                  5   0.488281



                     count        pct
cycle_Thymosin_norm                  
1                      464  45.312500
0                      445  43.457031
01                     101   9.863281
10                      14   1.367188



                 count        pct
cycle_WASP_norm                  
0                  464  45.312500
1                  445  43.457031
01                 101   9.863281
10                  14   1.367188



                 count        pct
cycle_WAVE_norm                  
0                  472  46.093750
0011               219  21.386719
0001               169  16.503906
1101                57   5.566406
1                   57   5.566406
101                 37   3.613281
01                  13   1.269531



