          count        pct
ARHGAP22                  
1          1301  63.525391
10101       170   8.300781
11110       165   8.056641
01110       111   5.419922
01010       103   5.029297
11101        90   4.394531
01100        36   1.757812
00100        23   1.123047
00010        23   1.123047
10001        15   0.732422
0            11   0.537109



            count        pct
Actin_BR                    
0            1049  51.220703
1             563  27.490234
01            213  10.400391
1011101110     90   4.394531
1111111110     66   3.222656
1101110111     29   1.416016
00110          19   0.927734
01111          11   0.537109
11001           8   0.390625



          count    pct
Actin_ST              
0          2048  100.0



            count        pct
Arp2_3                      
0            1049  51.220703
1             563  27.490234
10            213  10.400391
0111011101     90   4.394531
1111111101     66   3.222656
1011101111     29   1.416016
01100          19   0.927734
11110          11   0.537109
10011           8   0.390625



    count        pct
CP                  
1    1036  50.585938
0    1012  49.414062



       count        pct
Cdc42                  
1       1037  50.634766
0       1011  49.365234



            count        pct
Cofilin                     
0            1572  76.757812
01            188   9.179688
11011          76   3.710938
10110          61   2.978516
11001          35   1.708984
01001          33   1.611328
1              24   1.171875
10001          22   1.074219
0000001010     18   0.878906
10000          13   0.634766
0001000000      6   0.292969



         count    pct
Coronin              
0         2048  100.0



           count        pct
Cortactin                  
0           1301  63.525391
10010        170   8.300781
01000        165   8.056641
01100        111   5.419922
01101        103   5.029297
10000         90   4.394531
11100         36   1.757812
11110         23   1.123047
01111         23   1.123047
10011         15   0.732422
1             11   0.537109



       count        pct
Dia1                   
0       1042  50.878906
1        537  26.220703
11011     90   4.394531
11101     89   4.345703
10101     58   2.832031
01011     51   2.490234
01110     47   2.294922
10010     32   1.562500
11100     29   1.416016
00011     29   1.416016
10100     17   0.830078
01000     17   0.830078
00100     10   0.488281



       count        pct
Dia2                   
1       1312  64.062500
11101    375  18.310547
11011    199   9.716797
11100    162   7.910156



          count        pct
Ena_Vasp                  
1          2046  99.902344
10            2   0.097656



              count        pct
IRSp53_Cdc42                  
1              1037  50.634766
0              1011  49.365234



             count        pct
IRSp53_Rac1                  
0             1301  63.525391
10010          170   8.300781
01000          165   8.056641
01100          111   5.419922
01101          103   5.029297
10000           90   4.394531
11100           36   1.757812
11110           23   1.123047
01111           23   1.123047
10011           15   0.732422
1               11   0.537109



      count    pct
LIMK              
1      2048  100.0



      count        pct
NET1                  
0      1043  50.927734
1      1005  49.072266



     count        pct
PAK                  
1     1043  50.927734
0     1005  49.072266



      count        pct
PIP2                  
0      1036  50.585938
1      1012  49.414062



       count        pct
PKD                    
1       1301  63.525391
10101    170   8.300781
11110    165   8.056641
01110    111   5.419922
01010    103   5.029297
11101     90   4.394531
01100     36   1.757812
00100     23   1.123047
00010     23   1.123047
10001     15   0.732422
0         11   0.537109



          count    pct
Profilin              
0          2048  100.0



       count        pct
ROCK                   
1       1301  63.525391
01011    170   8.300781
11101    165   8.056641
11100    111   5.419922
10100    103   5.029297
11011     90   4.394531
11000     36   1.757812
01000     23   1.123047
00100     23   1.123047
00011     15   0.732422
0         11   0.537109



       count        pct
ROS                    
0       1301  63.525391
10010    170   8.300781
01000    165   8.056641
01100    111   5.419922
01101    103   5.029297
10000     90   4.394531
11100     36   1.757812
11110     23   1.123047
01111     23   1.123047
10011     15   0.732422
1         11   0.537109



       count        pct
Rac1                   
0       1301  63.525391
00101    170   8.300781
10000    165   8.056641
11000    111   5.419922
11010    103   5.029297
00001     90   4.394531
11001     36   1.757812
11110     23   1.123047
11101     23   1.123047
00111     15   0.732422
1         11   0.537109



       count        pct
RhoA                   
1       1301  63.525391
10110    170   8.300781
11011    165   8.056641
11001    111   5.419922
01001    103   5.029297
10111     90   4.394531
10001     36   1.757812
10000     23   1.123047
01000     23   1.123047
00110     15   0.732422
0         11   0.537109



     count    pct
SSH              
0     2048  100.0



          count        pct
Thymosin                  
10          704  34.375000
0           693  33.837891
1           651  31.787109



      count        pct
WASP                  
10      704  34.375000
1       693  33.837891
0       651  31.787109



       count        pct
WAVE                   
0       1301  63.525391
11011    221  10.791016
01100    165   8.056641
1        160   7.812500
01110    111   5.419922
11000     90   4.394531



