                     count        pct
cycle_Actin_BR_norm                  
0                      454  44.335938
1100                   205  20.019531
1000                   170  16.601562
1110                    91   8.886719
1                       68   6.640625
01                      27   2.636719
101                      9   0.878906



                     count        pct
cycle_Actin_ST_norm                  
1                      296  28.906250
1000                   226  22.070312
0                      226  22.070312
1110                   215  20.996094
01                      27   2.636719
1100                    25   2.441406
001                      9   0.878906



                   count        pct
cycle_Arp2_3_norm                  
0                    454  44.335938
1001                 205  20.019531
0001                 170  16.601562
1101                  91   8.886719
1                     68   6.640625
10                    27   2.636719
011                    9   0.878906



               count        pct
cycle_CP_norm                  
0                513  50.097656
1                511  49.902344



                  count        pct
cycle_Cdc42_norm                  
1                   525  51.269531
0                   499  48.730469



                    count        pct
cycle_Cofilin_norm                  
0                     621  60.644531
1100                  133  12.988281
1                     102   9.960938
0100                   93   9.082031
10                     75   7.324219



                    count        pct
cycle_Coronin_norm                  
0                     642  62.695312
0001                  205  20.019531
1011                   91   8.886719
1                      77   7.519531
10                      9   0.878906



                      count        pct
cycle_Cortactin_norm                  
0                       454  44.335938
0011                    205  20.019531
0010                    170  16.601562
1011                     91   8.886719
1                        68   6.640625
01                       27   2.636719
110                       9   0.878906



                 count        pct
cycle_Dia1_norm                  
0                  554  54.101562
1                  228  22.265625
0110                96   9.375000
1110                77   7.519531
0010                42   4.101562
01                  27   2.636719



                 count        pct
cycle_Dia2_norm                  
1                  522  50.976562
1011               466  45.507812
01                  27   2.636719
110                  9   0.878906



                     count        pct
cycle_Ena_Vasp_norm                  
1                      975  95.214844
1101                    49   4.785156



                   count        pct
cycle_IRSp53_norm                  
1                    560  54.687500
0                    415  40.527344
1011                  49   4.785156



                 count        pct
cycle_LIMK_norm                  
1                  642  62.695312
1110               205  20.019531
0100                91   8.886719
0                   77   7.519531
01                   9   0.878906



                count        pct
cycle_PAK_norm                  
1                 975  95.214844
1011               49   4.785156



                 count        pct
cycle_PIP2_norm                  
1                  513  50.097656
0                  511  49.902344



                count        pct
cycle_PKD_norm                  
1                 454  44.335938
0011              205  20.019531
0111              170  16.601562
0001               91   8.886719
0                  77   7.519531
10                 27   2.636719



                     count        pct
cycle_Profilin_norm                  
1                      296  28.906250
1101                   240  23.437500
0                      226  22.070312
1001                   133  12.988281
1000                    93   9.082031
10                      27   2.636719
011                      9   0.878906



                 count        pct
cycle_ROCK_norm                  
1                  454  44.335938
0110               205  20.019531
1110               170  16.601562
0010                91   8.886719
0                   77   7.519531
01                  27   2.636719



                  count        pct
cycle_ROCK__norm                  
1                   454  44.335938
0011                205  20.019531
0111                170  16.601562
0001                 91   8.886719
0                    77   7.519531
10                   27   2.636719



                 count        pct
cycle_Rac1_norm                  
0                  454  44.335938
0110               205  20.019531
0100               170  16.601562
0111                91   8.886719
1                   68   6.640625
10                  27   2.636719
101                  9   0.878906



                 count        pct
cycle_RhoA_norm                  
1                  454  44.335938
1100               254  24.804688
1101               170  16.601562
0                   68   6.640625
0100                42   4.101562
10                  27   2.636719
001                  9   0.878906



                count        pct
cycle_SSH_norm                  
0                 642  62.695312
0010              205  20.019531
0111               91   8.886719
1                  77   7.519531
01                  9   0.878906



                     count    pct
cycle_Thymosin_norm              
0                     1024  100.0



                 count    pct
cycle_WASP_norm              
0                 1024  100.0



                 count        pct
cycle_WAVE_norm                  
0                  454  44.335938
0011               205  20.019531
0010               170  16.601562
1011                91   8.886719
1                   68   6.640625
01                  27   2.636719
110                  9   0.878906



