                                         count        pct
cycle_Actin_BR_norm cycle_Actin_ST_norm                  
0                   0                      286  27.929688
                    1                      241  23.535156
1                   1011                   196  19.140625
                    1                      123  12.011719
01                  10                      50   4.882812
1101                1011                    33   3.222656
01                  1011                    27   2.636719
0110                1011                    19   1.855469
1000                1011                    16   1.562500
1                   10                      13   1.269531
0110                0001                     8   0.781250
1000                0001                     7   0.683594
1101                0001                     4   0.390625
1                   0                        1   0.097656



