          count        pct
ARHGAP22                  
0           657  64.160156
1           269  26.269531
010          98   9.570312



          count        pct
Actin_BR                  
0           365  35.644531
110         229  22.363281
1           205  20.019531
100         161  15.722656
010          64   6.250000



          count        pct
Actin_ST                  
1           417  40.722656
0           344  33.593750
101         117  11.425781
001          82   8.007812
010001       53   5.175781
01           11   1.074219



        count        pct
Arp2_3                  
0         365  35.644531
101       229  22.363281
1         205  20.019531
001       161  15.722656
100        64   6.250000



        count        pct
CP                      
1         519  50.683594
0         492  48.046875
000010     11   1.074219
010         2   0.195312



       count        pct
Cdc42                  
1        524  51.171875
0        500  48.828125



         count        pct
Cofilin                  
1          394  38.476562
0          371  36.230469
110        162  15.820312
010000      53   5.175781
01          39   3.808594
100          5   0.488281



         count        pct
Coronin                  
1          599  58.496094
0          402  39.257812
01          23   2.246094



           count        pct
Cortactin                  
0            365  35.644531
011          229  22.363281
1            205  20.019531
010          161  15.722656
001           64   6.250000



      count    pct
Dia1              
0      1024  100.0



      count        pct
Dia2                  
1       495  48.339844
011     337  32.910156
0        75   7.324219
101      64   6.250000
010      53   5.175781



          count        pct
Ena_Vasp                  
1           904  88.281250
101011       64   6.250000
011          34   3.320312
0            15   1.464844
100           4   0.390625
10            3   0.292969



              count        pct
IRSp53_Cdc42                  
1               524  51.171875
0               500  48.828125



             count        pct
IRSp53_Rac1                  
0              365  35.644531
011            229  22.363281
1              205  20.019531
010            161  15.722656
001             64   6.250000



      count        pct
LIMK                  
0       599  58.496094
1       402  39.257812
10       23   2.246094



      count        pct
NET1                  
0       529  51.660156
1       290  28.320312
110     108  10.546875
011      64   6.250000
100      33   3.222656



     count        pct
PAK                  
1      529  51.660156
0      290  28.320312
010    108  10.546875
001     64   6.250000
110     33   3.222656



      count        pct
PIP2                  
0       519  50.683594
1       505  49.316406



     count        pct
PKD                  
0      657  64.160156
1      269  26.269531
010     98   9.570312



          count        pct
Profilin                  
1           578  56.445312
0           343  33.496094
100010       53   5.175781
011          39   3.808594
10           11   1.074219



      count        pct
ROCK                  
0       657  64.160156
1       269  26.269531
100      98   9.570312



     count        pct
ROS                  
0      365  35.644531
011    229  22.363281
1      205  20.019531
010    161  15.722656
001     64   6.250000



      count        pct
Rac1                  
0       365  35.644531
110     229  22.363281
1       205  20.019531
100     161  15.722656
010      64   6.250000



      count        pct
RhoA                  
0       562  54.882812
1       290  28.320312
010     108  10.546875
001      64   6.250000



     count        pct
SSH                  
1      599  58.496094
0      402  39.257812
10      23   2.246094



          count        pct
Thymosin                  
0           628  61.328125
1           209  20.410156
01          187  18.261719



        count        pct
WASP                    
1         578  56.445312
0         220  21.484375
01        134  13.085938
000101     53   5.175781
110        39   3.808594



      count    pct
WAVE              
0      1024  100.0



