                   count        pct
Actin_BR Actin_ST                  
0        0           307  29.980469
1        1           183  17.871094
110      101         117  11.425781
         1           112  10.937500
100      001          82   8.007812
         1            75   7.324219
010      010001       53   5.175781
0        1            47   4.589844
1        0            22   2.148438
010      0            11   1.074219
0        01           11   1.074219
100      0             4   0.390625



           count        pct
Rac1 RhoA                  
0    1       290  28.320312
110  0       229  22.363281
1    0       205  20.019531
100  010     108  10.546875
0    0        75   7.324219
010  001      64   6.250000
100  0        53   5.175781



