                                         count        pct
cycle_Actin_BR_norm cycle_Actin_ST_norm                  
0                   0                      466  45.507812
                    1                      211  20.605469
                    1101                   192  18.750000
                    10                      56   5.468750
                    10110                   46   4.492188
                    0011                    30   2.929688
                    0100                    23   2.246094



