                     count        pct
cycle_Actin_BR_norm                  
1                      749  73.144531
0                      202  19.726562
1101                    59   5.761719
011                     14   1.367188



                     count        pct
cycle_Actin_ST_norm                  
1                      672  65.625000
0                      202  19.726562
1101                   133  12.988281
110                     14   1.367188
10                       3   0.292969



                   count        pct
cycle_Arp2_3_norm                  
1                    749  73.144531
0                    202  19.726562
1011                  59   5.761719
110                   14   1.367188



               count       pct
cycle_CP_norm                 
0                536  52.34375
1                488  47.65625



                  count        pct
cycle_Cdc42_norm                  
0                   535  52.246094
1                   489  47.753906



                    count        pct
cycle_Cofilin_norm                  
0                     613  59.863281
1                     248  24.218750
1101                  120  11.718750
01                     43   4.199219



                    count        pct
cycle_Coronin_norm                  
0                     650  63.476562
1000                  151  14.746094
0111                  123  12.011719
1                      90   8.789062
01                     10   0.976562



                      count        pct
cycle_Cortactin_norm                  
0                       466  45.507812
0100                    161  15.722656
1001                    151  14.746094
0111                    123  12.011719
1                        76   7.421875
01                       33   3.222656
101                      14   1.367188



                 count        pct
cycle_Dia1_norm                  
0                  536  52.343750
1                  242  23.632812
0110                99   9.667969
1110                83   8.105469
0100                42   4.101562
10                  22   2.148438



                 count        pct
cycle_Dia2_norm                  
1                  542  52.929688
1101               435  42.480469
01                  33   3.222656
101                 14   1.367188



                     count    pct
cycle_Ena_Vasp_norm              
1                     1024  100.0



                   count    pct
cycle_IRSp53_norm              
0                   1024  100.0



                 count        pct
cycle_LIMK_norm                  
1                  650  63.476562
0111               151  14.746094
1000               123  12.011719
0                   90   8.789062
10                  10   0.976562



                count        pct
cycle_PAK_norm                  
1                 965  94.238281
0111               59   5.761719



                 count       pct
cycle_PIP2_norm                 
1                  536  52.34375
0                  488  47.65625



                count        pct
cycle_PKD_norm                  
1                 466  45.507812
1110              161  15.722656
1001              151  14.746094
0010              123  12.011719
0                  90   8.789062
10                 33   3.222656



                     count        pct
cycle_Profilin_norm                  
1                      822  80.273438
0                      202  19.726562



                 count        pct
cycle_ROCK_norm                  
1                  466  45.507812
1101               161  15.722656
0011               151  14.746094
0100               123  12.011719
0                   90   8.789062
01                  33   3.222656



                  count        pct
cycle_ROCK__norm                  
1                   466  45.507812
1110                161  15.722656
1001                151  14.746094
0010                123  12.011719
0                    90   8.789062
10                   33   3.222656



                 count        pct
cycle_Rac1_norm                  
0                  466  45.507812
1000               161  15.722656
0011               151  14.746094
1110               123  12.011719
1                   76   7.421875
10                  33   3.222656
011                 14   1.367188



                 count        pct
cycle_RhoA_norm                  
1                  466  45.507812
0110               210  20.507812
1011               161  15.722656
0                   76   7.421875
0100                64   6.250000
10                  33   3.222656
010                 14   1.367188



                count        pct
cycle_SSH_norm                  
0                 650  63.476562
0001              151  14.746094
1110              123  12.011719
1                  90   8.789062
10                 10   0.976562



                     count    pct
cycle_Thymosin_norm              
0                     1024  100.0



                 count        pct
cycle_WASP_norm                  
1                  822  80.273438
0                  202  19.726562



                 count        pct
cycle_WAVE_norm                  
0                  466  45.507812
0100               161  15.722656
1001               151  14.746094
0111               123  12.011719
1                   76   7.421875
01                  33   3.222656
101                 14   1.367188



