          count        pct
ARHGAP22                  
0           613  59.863281
1           174  16.992188
001         104  10.156250
100111      101   9.863281
             32   3.125000



          count        pct
Actin_BR                  
0           545  53.222656
1           184  17.968750
001         142  13.867188
100000      101   9.863281
             32   3.125000
101          20   1.953125



           count        pct
Actin_ST                   
0            425  41.503906
1            278  27.148438
10           122  11.914062
101001        61   5.957031
001111        61   5.957031
              32   3.125000
101           17   1.660156
100           13   1.269531
001100        10   0.976562
000000011      5   0.488281



        count        pct
Arp2_3                  
0         545  53.222656
1         184  17.968750
010       142  13.867188
000001    101   9.863281
           32   3.125000
011        20   1.953125



        count        pct
CP                      
1         493  48.144531
0         431  42.089844
000001     61   5.957031
           32   3.125000
001         7   0.683594



       count        pct
Cdc42                  
0        498  48.632812
1        494  48.242188
          32   3.125000



         count     pct
Cofilin               
0          992  96.875
            32   3.125



         count        pct
Coronin                  
1          583  56.933594
0          392  38.281250
            32   3.125000
10          17   1.660156



           count     pct
Cortactin               
0            992  96.875
              32   3.125



           count        pct
Dia1                       
0            773  75.488281
010          113  11.035156
001111       101   9.863281
              32   3.125000
000111100      5   0.488281



           count        pct
Dia2                       
1            426  41.601562
0            297  29.003906
110          146  14.257812
001111       101   9.863281
              32   3.125000
100           17   1.660156
000111111      5   0.488281



          count        pct
Ena_Vasp                  
1           766  74.804688
0            74   7.226562
011111       61   5.957031
110101       47   4.589844
             32   3.125000
010          20   1.953125
01           14   1.367188
111100       10   0.976562



              count        pct
IRSp53_Cdc42                  
0               498  48.632812
1               494  48.242188
                 32   3.125000



             count        pct
IRSp53_Rac1                  
0              539  52.636719
1              184  17.968750
100            143  13.964844
000010         101   9.863281
                32   3.125000
110             20   1.953125
000001111        5   0.488281



        count        pct
LIMK                    
0         583  56.933594
1         291  28.417969
110111    101   9.863281
           32   3.125000
01         17   1.660156



           count        pct
NET1                       
0            498  48.632812
1            242  23.632812
101          126  12.304688
111110       101   9.863281
              32   3.125000
100           20   1.953125
011111000      5   0.488281



           count        pct
PAK                        
1            498  48.632812
0            242  23.632812
100          126  12.304688
000010       101   9.863281
              32   3.125000
110           20   1.953125
000001111      5   0.488281



      count        pct
PIP2                  
1       499  48.730469
0       493  48.144531
         32   3.125000



        count        pct
PKD                     
0         613  59.863281
1         174  16.992188
001       104  10.156250
100111    101   9.863281
           32   3.125000



           count        pct
Profilin                   
0            417  40.722656
1            278  27.148438
01           122  11.914062
011           78   7.617188
011110        61   5.957031
              32   3.125000
101           13   1.269531
011000        10   0.976562
001            8   0.781250
000000110      5   0.488281



        count        pct
ROCK                    
0         613  59.863281
1         174  16.992188
010       104  10.156250
001111    101   9.863281
           32   3.125000



           count        pct
ROS                        
0            539  52.636719
1            184  17.968750
100          143  13.964844
000010       101   9.863281
              32   3.125000
110           20   1.953125
000001111      5   0.488281



           count        pct
Rac1                       
0            539  52.636719
1            184  17.968750
001          143  13.964844
000100       101   9.863281
              32   3.125000
101           20   1.953125
000011110      5   0.488281



           count        pct
RhoA                       
0            518  50.585938
1            242  23.632812
100          126  12.304688
011110       101   9.863281
              32   3.125000
001111000      5   0.488281



     count        pct
SSH                  
1      583  56.933594
0      392  38.281250
        32   3.125000
01      17   1.660156



          count        pct
Thymosin                  
10          371  36.230469
1           343  33.496094
0           278  27.148438
             32   3.125000



      count        pct
WASP                  
10      371  36.230469
0       343  33.496094
1       278  27.148438
         32   3.125000



           count        pct
WAVE                       
0            539  52.636719
1            204  19.921875
110          143  13.964844
000011       101   9.863281
              32   3.125000
100001111      5   0.488281



