                    count        pct
Actin_BR Actin_ST                   
0        0            418  40.820312
1        1            184  17.968750
0        10           122  11.914062
100000   001111        61   5.957031
001      101001        61   5.957031
         1             44   4.296875
                       32   3.125000
100000   1             30   2.929688
101      1             20   1.953125
001      101           17   1.660156
         100           13   1.269531
100000   001100        10   0.976562
001      0              7   0.683594
0        000000011      5   0.488281



                     count        pct
Rac1      RhoA                       
0         0            297  29.003906
          1            242  23.632812
1         0            184  17.968750
001       100          126  12.304688
000100    011110       101   9.863281
                        32   3.125000
101       0             20   1.953125
001       0             17   1.660156
000011110 001111000      5   0.488281



