                     count        pct
cycle_Actin_BR_norm                  
0                      412  40.234375
1                      394  38.476562
0011                    67   6.542969
0111                    66   6.445312
01                      54   5.273438
0001                    31   3.027344



                     count        pct
cycle_Actin_ST_norm                  
1                      421  41.113281
0                      286  27.929688
0111                   235  22.949219
10                      37   3.613281
0001                    29   2.832031
0110                     8   0.781250
01                       8   0.781250



                   count        pct
cycle_Arp2_3_norm                  
0                    412  40.234375
1                    394  38.476562
0110                  67   6.542969
1110                  66   6.445312
10                    54   5.273438
0010                  31   3.027344



               count        pct
cycle_CP_norm                  
0                522  50.976562
1                502  49.023438



                  count        pct
cycle_Cdc42_norm                  
0                   514  50.195312
1                   510  49.804688



                    count        pct
cycle_Cofilin_norm                  
0                     764  74.609375
1                     121  11.816406
01                     56   5.468750
0001                   46   4.492188
1101                   37   3.613281



                    count    pct
cycle_Coronin_norm              
0                    1024  100.0



                      count        pct
cycle_Cortactin_norm                  
0                       541  52.832031
1100                    194  18.945312
0100                    163  15.917969
0111                     74   7.226562
01                       32   3.125000
1                        20   1.953125



                 count        pct
cycle_Dia1_norm                  
0                  515  50.292969
1                  277  27.050781
1001                86   8.398438
1101                81   7.910156
0100                45   4.394531
01                  20   1.953125



                 count        pct
cycle_Dia2_norm                  
1                  561  54.785156
1101               431  42.089844
01                  32   3.125000



                     count    pct
cycle_Ena_Vasp_norm              
1                     1024  100.0



                   count        pct
cycle_IRSp53_norm                  
1                    518  50.585938
0                    506  49.414062



                 count        pct
cycle_LIMK_norm                  
1                  736  71.875000
1011               194  18.945312
1100                74   7.226562
0                   20   1.953125



                count    pct
cycle_PAK_norm              
1                1024  100.0



                 count        pct
cycle_PIP2_norm                  
1                  522  50.976562
0                  502  49.023438



                count        pct
cycle_PKD_norm                  
1                 541  52.832031
1100              194  18.945312
1110              163  15.917969
0010               74   7.226562
10                 32   3.125000
0                  20   1.953125



                     count        pct
cycle_Profilin_norm                  
1                      520  50.781250
0                      286  27.929688
1110                   151  14.746094
0010                    29   2.832031
01                      22   2.148438
1100                     8   0.781250
10                       8   0.781250



                 count        pct
cycle_ROCK_norm                  
1                  541  52.832031
1001               194  18.945312
1101               163  15.917969
0100                74   7.226562
01                  32   3.125000
0                   20   1.953125



                  count        pct
cycle_ROCK__norm                  
1                   541  52.832031
1100                194  18.945312
1110                163  15.917969
0010                 74   7.226562
10                   32   3.125000
0                    20   1.953125



                 count        pct
cycle_Rac1_norm                  
0                  541  52.832031
1001               194  18.945312
1000               163  15.917969
1110                74   7.226562
10                  32   3.125000
1                   20   1.953125



                 count        pct
cycle_RhoA_norm                  
1                  541  52.832031
0011               194  18.945312
1011               163  15.917969
1000                74   7.226562
10                  32   3.125000
0                   20   1.953125



                count        pct
cycle_SSH_norm                  
0                 736  71.875000
1000              194  18.945312
0110               74   7.226562
1                  20   1.953125



                     count        pct
cycle_Thymosin_norm                  
0                      388  37.890625
1                      324  31.640625
01                     312  30.468750



                 count        pct
cycle_WASP_norm                  
1                  388  37.890625
0                  324  31.640625
01                 312  30.468750



                 count        pct
cycle_WAVE_norm                  
0                  541  52.832031
1100               194  18.945312
0100               163  15.917969
0111                74   7.226562
01                  32   3.125000
1                   20   1.953125



