          count        pct
ARHGAP22                  
1           647  63.183594
0           164  16.015625
11101        91   8.886719
10101        55   5.371094
00111        36   3.515625
01100        22   2.148438
010           9   0.878906



          count        pct
Actin_BR                  
0           461  45.019531
1           373  36.425781
0100         79   7.714844
011          56   5.468750
01           55   5.371094



          count        pct
Actin_ST                  
1           461  45.019531
0           373  36.425781
01          134  13.085938
010          56   5.468750



        count        pct
Arp2_3                  
0         461  45.019531
1         373  36.425781
1000       79   7.714844
110        56   5.468750
10         55   5.371094



      count        pct
CP                    
0       461  45.019531
1       373  36.425781
0100     79   7.714844
011      56   5.468750
01       55   5.371094



       count        pct
Cdc42                  
1        534  52.148438
0        490  47.851562



         count        pct
Cofilin                  
0          461  45.019531
1          283  27.636719
10111       91   8.886719
0100        79   7.714844
10110       55   5.371094
01          55   5.371094



         count        pct
Coronin                  
0          793  77.441406
1          164  16.015625
00010       36   3.515625
01100       22   2.148438
011          9   0.878906



           count        pct
Cortactin                  
0            647  63.183594
1            117  11.425781
10000         91   8.886719
11000         58   5.664062
10010         55   5.371094
101           47   4.589844
010            9   0.878906



      count        pct
Dia1                  
1       461  45.019531
0       373  36.425781
1101     79   7.714844
010      56   5.468750
01       55   5.371094



      count        pct
Dia2                  
1       951  92.871094
110      56   5.468750
0        17   1.660156



          count    pct
Ena_Vasp              
0          1024  100.0



              count        pct
IRSp53_Cdc42                  
1               534  52.148438
0               490  47.851562



             count        pct
IRSp53_Rac1                  
0              647  63.183594
1              117  11.425781
10000           91   8.886719
101             56   5.468750
10010           55   5.371094
00110           36   3.515625
11100           22   2.148438



       count        pct
LIMK                   
1        793  77.441406
0        164  16.015625
11101     36   3.515625
10011     22   2.148438
100        9   0.878906



      count        pct
NET1                  
0       551  53.808594
1       417  40.722656
001      56   5.468750



     count        pct
PAK                  
1      551  53.808594
0      417  40.722656
101     56   5.468750



      count    pct
PIP2              
0      1024  100.0



       count        pct
PKD                    
1        647  63.183594
0        164  16.015625
11101     91   8.886719
10101     55   5.371094
00111     36   3.515625
01100     22   2.148438
010        9   0.878906



          count        pct
Profilin                  
1           890  86.914062
1110         79   7.714844
10           55   5.371094



       count        pct
ROCK                   
1        647  63.183594
0        164  16.015625
11011     91   8.886719
01011     55   5.371094
01110     36   3.515625
11000     22   2.148438
100        9   0.878906



       count        pct
ROS                    
0        647  63.183594
1        117  11.425781
10000     91   8.886719
101       56   5.468750
10010     55   5.371094
00110     36   3.515625
11100     22   2.148438



       count        pct
Rac1                   
0        647  63.183594
1        117  11.425781
00001     91   8.886719
011       56   5.468750
00101     55   5.371094
01100     36   3.515625
11001     22   2.148438



       count        pct
RhoA                   
1        647  63.183594
0        117  11.425781
10111     91   8.886719
101       56   5.468750
10110     55   5.371094
11100     36   3.515625
10001     22   2.148438



       count        pct
SSH                    
0        793  77.441406
1        164  16.015625
00100     36   3.515625
11000     22   2.148438
110        9   0.878906



          count        pct
Thymosin                  
1           451  44.042969
0           429  41.894531
01          144  14.062500



      count        pct
WASP                  
0       451  44.042969
1       420  41.015625
01      144  14.062500
011       9   0.878906



       count        pct
WAVE                   
0        647  63.183594
1        173  16.894531
11000     91   8.886719
11011     77   7.519531
00111     36   3.515625



