          count        pct
ARHGAP22                  
1           479  46.777344
0           198  19.335938
01111        89   8.691406
11101        74   7.226562
10110        61   5.957031
01011        36   3.515625
01110        30   2.929688
11000        28   2.734375
00111        22   2.148438
001           6   0.585938
010           1   0.097656



            count        pct
Actin_BR                    
0             457  44.628906
1             373  36.425781
0011010110     74   7.226562
11101          36   3.515625
011            31   3.027344
1101111001     22   2.148438
00001          19   1.855469
10010          11   1.074219
100             1   0.097656



            count        pct
Actin_ST                    
1             850  83.007812
1111011111    132  12.890625
10111          30   2.929688
10              6   0.585938
011             4   0.390625
111110          1   0.097656
000111100       1   0.097656



            count        pct
Arp2_3                      
0             457  44.628906
1             373  36.425781
0110101100     74   7.226562
11011          36   3.515625
110            31   3.027344
1011110011     22   2.148438
00010          19   1.855469
00101          11   1.074219
001             1   0.097656



    count    pct
CP              
0    1024  100.0



       count        pct
Cdc42                  
1        514  50.195312
0        510  49.804688



            count        pct
Cofilin                     
0             643  62.792969
1             219  21.386719
11101          40   3.906250
0101000001     40   3.906250
11010          32   3.125000
101            13   1.269531
01100          13   1.269531
01             13   1.269531
0101010001     10   0.976562
100000          1   0.097656



         count        pct
Coronin                  
0          739  72.167969
1          198  19.335938
00100       30   2.929688
11000       28   2.734375
00010       22   2.148438
101          6   0.585938
011          1   0.097656



           count        pct
Cortactin                  
0            479  46.777344
1            172  16.796875
00100         89   8.691406
10000         74   7.226562
01010         61   5.957031
10001         58   5.664062
00101         36   3.515625
110           25   2.441406
00110         22   2.148438
001            6   0.585938
010            1   0.097656
000111110      1   0.097656



           count        pct
Dia1                       
1            479  46.777344
0            172  16.796875
11110         89   8.691406
11011         74   7.226562
01101         61   5.957031
10110         36   3.515625
110           31   3.027344
11100         30   2.929688
10001         28   2.734375
01110         22   2.148438
101            1   0.097656
011111000      1   0.097656



      count    pct
Dia2              
0      1024  100.0



          count        pct
Ena_Vasp                  
1          1012  98.828125
01            6   0.585938
110           4   0.390625
011101        1   0.097656
0             1   0.097656



              count        pct
IRSp53_Cdc42                  
1               514  50.195312
0               510  49.804688



             count        pct
IRSp53_Rac1                  
0              479  46.777344
1              172  16.796875
00100           89   8.691406
10000           74   7.226562
01010           61   5.957031
00101           36   3.515625
101             31   3.027344
01100           30   2.929688
11001           28   2.734375
00110           22   2.148438
011              1   0.097656
000111110        1   0.097656



       count        pct
LIMK                   
1        739  72.167969
0        198  19.335938
11011     30   2.929688
00111     28   2.734375
11101     22   2.148438
010        6   0.585938
100        1   0.097656



           count        pct
NET1                       
0            561  54.785156
1            430  41.992188
001           31   3.027344
111100000      1   0.097656
010            1   0.097656



           count        pct
PAK                        
1            561  54.785156
0            430  41.992188
101           31   3.027344
011            1   0.097656
000111110      1   0.097656



      count        pct
PIP2                  
0       526  51.367188
1       498  48.632812



       count        pct
PKD                    
1        479  46.777344
0        198  19.335938
01111     89   8.691406
11101     74   7.226562
10110     61   5.957031
01011     36   3.515625
01110     30   2.929688
11000     28   2.734375
00111     22   2.148438
001        6   0.585938
010        1   0.097656



            count        pct
Profilin                    
1             861  84.082031
1110111111    132  12.890625
01111          30   2.929688
101111111       1   0.097656



       count        pct
ROCK                   
1        479  46.777344
0        198  19.335938
11110     89   8.691406
11011     74   7.226562
01101     61   5.957031
10110     36   3.515625
11100     30   2.929688
10001     28   2.734375
01110     22   2.148438
010        6   0.585938
100        1   0.097656



           count        pct
ROS                        
0            479  46.777344
1            172  16.796875
00100         89   8.691406
10000         74   7.226562
01010         61   5.957031
00101         36   3.515625
101           31   3.027344
01100         30   2.929688
11001         28   2.734375
00110         22   2.148438
011            1   0.097656
000111110      1   0.097656



           count        pct
Rac1                       
0            479  46.777344
1            172  16.796875
01000         89   8.691406
00001         74   7.226562
10100         61   5.957031
01010         36   3.515625
011           31   3.027344
11000         30   2.929688
10011         28   2.734375
01100         22   2.148438
110            1   0.097656
001111100      1   0.097656



           count        pct
RhoA                       
1            479  46.777344
0            172  16.796875
11101         89   8.691406
10111         74   7.226562
11010         61   5.957031
01101         36   3.515625
101           31   3.027344
11001         30   2.929688
00011         28   2.734375
11100         22   2.148438
111110000      1   0.097656
011            1   0.097656



       count        pct
SSH                    
0        739  72.167969
1        198  19.335938
01000     30   2.929688
10001     28   2.734375
00100     22   2.148438
011        6   0.585938
110        1   0.097656



          count        pct
Thymosin                  
0           482  47.070312
1           280  27.343750
01          261  25.488281
10            1   0.097656



      count        pct
WASP                  
1       478  46.679688
0       280  27.343750
01      261  25.488281
101       4   0.390625
10        1   0.097656



           count        pct
WAVE                       
0            479  46.777344
1            204  19.921875
01111         89   8.691406
00110         89   8.691406
11000         74   7.226562
10111         36   3.515625
01110         30   2.929688
00111         22   2.148438
000111111      1   0.097656



