          count        pct
ARHGAP22                  
0           682  66.601562
100         164  16.015625
1           102   9.960938
110011       76   7.421875



          count        pct
Actin_BR                  
1           531  51.855469
001         233  22.753906
0           106  10.351562
011          78   7.617188
010000       76   7.421875



          count        pct
Actin_ST                  
0           711  69.433594
100         123  12.011719
011         111  10.839844
110011       76   7.421875
1             3   0.292969



        count        pct
Arp2_3                  
1         531  51.855469
010       233  22.753906
0         106  10.351562
110        78   7.617188
100000     76   7.421875



        count        pct
CP                      
1         790  77.148438
001       111  10.839844
010000     76   7.421875
011        44   4.296875
0           3   0.292969



       count        pct
Cdc42                  
1        519  50.683594
0        505  49.316406



         count        pct
Cofilin                  
1          612  59.765625
0          263  25.683594
100         79   7.714844
101         70   6.835938



         count        pct
Coronin                  
1          682  66.601562
0          342  33.398438



           count        pct
Cortactin                  
1            531  51.855469
100          233  22.753906
0            106  10.351562
101           78   7.617188
000001        76   7.421875



        count        pct
Dia1                    
0         834  81.445312
010       111  10.839844
100111     76   7.421875
1           3   0.292969



        count        pct
Dia2                    
1         637  62.207031
110       311  30.371094
100111     76   7.421875



          count    pct
Ena_Vasp              
0          1024  100.0



              count        pct
IRSp53_Cdc42                  
1               519  50.683594
0               505  49.316406



             count        pct
IRSp53_Rac1                  
1              531  51.855469
100            233  22.753906
0              106  10.351562
101             78   7.617188
000001          76   7.421875



        count        pct
LIMK                    
0         682  66.601562
1         266  25.976562
111011     76   7.421875



        count        pct
NET1                    
0         531  51.855469
101       233  22.753906
1         106  10.351562
001        78   7.617188
011111     76   7.421875



        count        pct
PAK                     
1         531  51.855469
100       233  22.753906
0         106  10.351562
101        78   7.617188
000001     76   7.421875



      count        pct
PIP2                  
0       525  51.269531
1       499  48.730469



        count        pct
PKD                     
0         682  66.601562
100       164  16.015625
1         102   9.960938
110011     76   7.421875



          count        pct
Profilin                  
1           799  78.027344
011         122  11.914062
0           103  10.058594



        count        pct
ROCK                    
0         682  66.601562
001       164  16.015625
1         102   9.960938
100111     76   7.421875



        count        pct
ROS                     
1         531  51.855469
100       233  22.753906
0         106  10.351562
101        78   7.617188
000001     76   7.421875



        count        pct
Rac1                    
1         531  51.855469
001       233  22.753906
0         106  10.351562
011        78   7.617188
000010     76   7.421875



        count        pct
RhoA                    
0         609  59.472656
100       233  22.753906
1         106  10.351562
001111     76   7.421875



     count        pct
SSH                  
1      682  66.601562
0      342  33.398438



          count    pct
Thymosin              
0          1024  100.0



      count        pct
WASP                  
1       799  78.027344
110     122  11.914062
0       103  10.058594



        count        pct
WAVE                    
1         609  59.472656
110       233  22.753906
0         106  10.351562
100001     76   7.421875



