          count        pct
ARHGAP22                  
1           612  59.765625
0           137  13.378906
11101       126  12.304688
01111        55   5.371094
10110        37   3.613281
00011        21   2.050781
01011        17   1.660156
11100        13   1.269531
100           6   0.585938



            count        pct
Actin_BR                    
0             530  51.757812
1             285  27.832031
101            59   5.761719
0000100101     55   5.371094
0100           47   4.589844
00001          21   2.050781
01001          17   1.660156
100             5   0.488281
01010           3   0.292969
01              1   0.097656
001             1   0.097656



            count        pct
Actin_ST                    
1             647  63.183594
0             191  18.652344
1111110111     55   5.371094
01             47   4.589844
010            30   2.929688
10111          21   2.050781
1111101101     17   1.660156
101             5   0.488281
10              3   0.292969
01010           3   0.292969
111100000       2   0.195312
10011111        2   0.195312
111101          1   0.097656



            count        pct
Arp2_3                      
0             530  51.757812
1             285  27.832031
011            59   5.761719
0001001010     55   5.371094
1000           47   4.589844
00010          21   2.050781
10010          17   1.660156
001             5   0.488281
10100           3   0.292969
10              1   0.097656
010             1   0.097656



            count        pct
CP                          
0             728  71.093750
1             185  18.066406
0100           47   4.589844
011            30   2.929688
0000100000     17   1.660156
01              9   0.878906
100             5   0.488281
01000           3   0.292969



       count        pct
Cdc42                  
0        527  51.464844
1        497  48.535156



         count        pct
Cofilin                  
0          682  66.601562
1          152  14.843750
10111       73   7.128906
0100        47   4.589844
101         29   2.832031
11010       21   2.050781
10001       10   0.976562
10           9   0.878906
000001       1   0.097656



         count        pct
Coronin                  
0          847  82.714844
1          137  13.378906
00011       21   2.050781
01000       13   1.269531
110          6   0.585938



           count        pct
Cortactin                  
0            612  59.765625
10000        126  12.304688
1             74   7.226562
00100         55   5.371094
101           54   5.273438
01010         37   3.613281
00110         34   3.320312
00101         17   1.660156
100           11   1.074219
111110000      2   0.195312
00011110       2   0.195312



            count        pct
Dia1                        
1             531  51.855469
0             229  22.363281
11110         108  10.546875
1101           47   4.589844
010            44   4.296875
1011000110     17   1.660156
01101          13   1.269531
00110          13   1.269531
011            11   1.074219
00111           6   0.585938
111000011       2   0.195312
01111000        2   0.195312
01              1   0.097656



           count        pct
Dia2                       
1            974  95.117188
011           31   3.027344
0             17   1.660156
111000011      2   0.195312



            count        pct
Ena_Vasp                    
1             911  88.964844
1011111111     55   5.371094
10111          21   2.050781
1010111111     17   1.660156
01              8   0.781250
101             4   0.390625
0               4   0.390625
01101           3   0.292969
111010          1   0.097656



              count    pct
IRSp53_Cdc42              
0              1024  100.0



             count    pct
IRSp53_Rac1              
0             1024  100.0



       count        pct
LIMK                   
1        847  82.714844
0        137  13.378906
11100     21   2.050781
10111     13   1.269531
001        6   0.585938



           count        pct
NET1                       
0            514  50.195312
1            477  46.582031
100           31   3.027344
100000111      2   0.195312



           count        pct
PAK                        
1            514  50.195312
0            477  46.582031
110           31   3.027344
111110000      2   0.195312



      count        pct
PIP2                  
0       525  51.269531
1       499  48.730469



       count        pct
PKD                    
1        612  59.765625
0        137  13.378906
11101    126  12.304688
01111     55   5.371094
10110     37   3.613281
00011     21   2.050781
01011     17   1.660156
11100     13   1.269531
100        6   0.585938



            count        pct
Profilin                    
1             876  85.546875
1111101111     72   7.031250
1110           47   4.589844
01111          21   2.050781
11100           3   0.292969
111111001       2   0.195312
00111111        2   0.195312
10              1   0.097656



       count        pct
ROCK                   
1        612  59.765625
0        137  13.378906
11011    126  12.304688
11110     55   5.371094
01101     37   3.613281
00110     21   2.050781
10110     17   1.660156
11001     13   1.269531
001        6   0.585938



           count        pct
ROS                        
0            612  59.765625
10000        126  12.304688
1             74   7.226562
110           60   5.859375
00100         55   5.371094
01010         37   3.613281
00111         21   2.050781
00101         17   1.660156
11000         13   1.269531
010            5   0.488281
111110000      2   0.195312
00011110       2   0.195312



           count        pct
Rac1                       
0            612  59.765625
00001        126  12.304688
1             74   7.226562
101           60   5.859375
01000         55   5.371094
10100         37   3.613281
01110         21   2.050781
01010         17   1.660156
10001         13   1.269531
100            5   0.488281
111100001      2   0.195312
00111100       2   0.195312



           count        pct
RhoA                       
1            612  59.765625
10111        126  12.304688
0             74   7.226562
11101         55   5.371094
11010         37   3.613281
110           36   3.515625
010           29   2.832031
01100         21   2.050781
01101         17   1.660156
10011         13   1.269531
11110000       2   0.195312
110000111      2   0.195312



       count        pct
SSH                    
0        847  82.714844
1        137  13.378906
00110     21   2.050781
10000     13   1.269531
101        6   0.585938



          count        pct
Thymosin                  
0           436  42.578125
1           320  31.250000
10          148  14.453125
01          120  11.718750



      count        pct
WASP                  
1       432  42.187500
0       320  31.250000
10      148  14.453125
01      120  11.718750
011       4   0.390625



           count        pct
WAVE                       
0            612  59.765625
10000        126  12.304688
1             74   7.226562
110           60   5.859375
00100         55   5.371094
01010         37   3.613281
00111         21   2.050781
00101         17   1.660156
11000         13   1.269531
010            5   0.488281
111110000      2   0.195312
00011110       2   0.195312



