                                         count        pct
cycle_Actin_BR_norm cycle_Actin_ST_norm                  
110                 1                      206  20.117188
                    101                    180  17.578125
100                 1                      174  16.992188
1                   1                      150  14.648438
0                   0                      138  13.476562
100                 0                      116  11.328125
                    001                     43   4.199219
0                   1                       11   1.074219
                    01                       6   0.585938



