                   count        pct
Actin_BR Actin_ST                  
1        0           293  28.613281
         1           239  23.339844
010      1           122  11.914062
         010         109  10.644531
010000   1            87   8.496094
         011100       75   7.324219
011      1            46   4.492188
         010          44   4.296875
0        1             9   0.878906



               count        pct
Rac1   RhoA                    
1      0         532  51.953125
010    001       231  22.558594
000010 001111    162  15.820312
011    0          90   8.789062
0      1           8   0.781250
       0           1   0.097656



