          count        pct
ARHGAP22                  
0           655  63.964844
1           205  20.019531
010         164  16.015625



          count        pct
Actin_BR                  
1           503  49.121094
0           236  23.046875
010         234  22.851562
011          51   4.980469



          count    pct
Actin_ST              
0          1024  100.0



        count        pct
Arp2_3                  
1         503  49.121094
0         236  23.046875
100       234  22.851562
110        51   4.980469



        count        pct
CP                      
0         619  60.449219
1         227  22.167969
010        69   6.738281
001        45   4.394531
010000     38   3.710938
011        24   2.343750
01          2   0.195312



       count        pct
Cdc42                  
1        522  50.976562
0        502  49.023438



         count        pct
Cofilin                  
1          449  43.847656
0          324  31.640625
01         112  10.937500
010000      69   6.738281
110         65   6.347656
001          5   0.488281



         count        pct
Coronin                  
1          630  61.523438
0          388  37.890625
10           6   0.585938



           count        pct
Cortactin                  
1            503  49.121094
0            236  23.046875
001          234  22.851562
101           51   4.980469



      count    pct
Dia1              
0      1024  100.0



      count        pct
Dia2                  
1       732  71.484375
100     234  22.851562
0        58   5.664062



          count        pct
Ena_Vasp                  
1           870  84.960938
101011      107  10.449219
011          32   3.125000
001           8   0.781250
01            4   0.390625
0             3   0.292969



              count        pct
IRSp53_Cdc42                  
1               522  50.976562
0               502  49.023438



             count        pct
IRSp53_Rac1                  
1              503  49.121094
0              236  23.046875
001            234  22.851562
101             51   4.980469



      count        pct
LIMK                  
0       630  61.523438
1       388  37.890625
01        6   0.585938



      count        pct
NET1                  
0       529  51.660156
011     234  22.851562
1       210  20.507812
001      51   4.980469



     count        pct
PAK                  
1      529  51.660156
001    234  22.851562
0      210  20.507812
101     51   4.980469



      count        pct
PIP2                  
1       548  53.515625
0       476  46.484375



     count        pct
PKD                  
0      655  63.964844
1      205  20.019531
010    164  16.015625



          count    pct
Profilin              
0          1024  100.0



      count        pct
ROCK                  
0       655  63.964844
1       205  20.019531
100     164  16.015625



     count        pct
ROS                  
1      503  49.121094
0      236  23.046875
001    234  22.851562
101     51   4.980469



      count        pct
Rac1                  
1       503  49.121094
0       236  23.046875
010     234  22.851562
011      51   4.980469



      count        pct
RhoA                  
0       580  56.640625
001     234  22.851562
1       210  20.507812



     count        pct
SSH                  
1      630  61.523438
0      388  37.890625
01       6   0.585938



          count        pct
Thymosin                  
0           598  58.398438
01          272  26.562500
1           154  15.039062



        count        pct
WASP                    
1         560  54.687500
01        165  16.113281
0         155  15.136719
000101     69   6.738281
10         38   3.710938
110        37   3.613281



      count        pct
WAVE                  
1       554  54.101562
0       236  23.046875
101     234  22.851562



