                   count        pct
Actin_BR Actin_ST                  
1        1           498  24.316406
0        0           389  18.994141
110      1           330  16.113281
001      0           261  12.744141
         000101      120   5.859375
         1            96   4.687500
110      111101       82   4.003906
011      1            70   3.417969
001      101          67   3.271484
0        1            57   2.783203
001      111101       45   2.197266
011      0            19   0.927734
0        01            9   0.439453
1        0             5   0.244141



           count        pct
Rac1 RhoA                  
001  0       589  28.759766
1    0       503  24.560547
0    0       455  22.216797
110  0       412  20.117188
011  0        89   4.345703



