          count    pct
ARHGAP22              
0          1024  100.0



          count        pct
Actin_BR                  
1           523  51.074219
001         222  21.679688
0           145  14.160156
011         134  13.085938



          count        pct
Actin_ST                  
1           453  44.238281
0           362  35.351562
001         179  17.480469
10           30   2.929688



        count        pct
Arp2_3                  
1         523  51.074219
010       222  21.679688
0         145  14.160156
110       134  13.085938



     count        pct
CP                   
0      576  56.250000
1      261  25.488281
001    108  10.546875
011     71   6.933594
10       8   0.781250



       count        pct
Cdc42                  
1        524  51.171875
0        500  48.828125



         count        pct
Cofilin                  
1          678  66.210938
101        177  17.285156
0          111  10.839844
10          58   5.664062



         count        pct
Coronin                  
1          901  87.988281
0           81   7.910156
10          42   4.101562



           count        pct
Cortactin                  
1            523  51.074219
100          222  21.679688
0            145  14.160156
101          134  13.085938



      count    pct
Dia1              
0      1024  100.0



      count        pct
Dia2                  
1       524  51.171875
0       500  48.828125



          count        pct
Ena_Vasp                  
1           810  79.101562
011         108  10.546875
0            72   7.031250
10           34   3.320312



              count        pct
IRSp53_Cdc42                  
1               524  51.171875
0               500  48.828125



             count        pct
IRSp53_Rac1                  
1              523  51.074219
100            222  21.679688
0              145  14.160156
101            134  13.085938



      count        pct
LIMK                  
0      1008  98.437500
01       11   1.074219
1         5   0.488281



      count    pct
NET1              
0      1024  100.0



     count        pct
PAK                  
1      550  53.710938
100    222  21.679688
101    134  13.085938
0      118  11.523438



      count       pct
PIP2                 
1       520  50.78125
0       504  49.21875



     count    pct
PKD              
0     1024  100.0



          count        pct
Profilin                  
1           793  77.441406
011         108  10.546875
0            93   9.082031
01           30   2.929688



      count    pct
ROCK              
0      1024  100.0



     count        pct
ROS                  
1      523  51.074219
100    222  21.679688
0      145  14.160156
101    134  13.085938



      count        pct
Rac1                  
1       523  51.074219
001     222  21.679688
0       145  14.160156
011     134  13.085938



      count    pct
RhoA              
0      1024  100.0



     count        pct
SSH                  
1      901  87.988281
0       81   7.910156
01      42   4.101562



          count        pct
Thymosin                  
0           874  85.351562
10           78   7.617188
1            72   7.031250



      count        pct
WASP                  
1       762  74.414062
110     108  10.546875
0        93   9.082031
01       61   5.957031



      count        pct
WAVE                  
1       657  64.160156
110     222  21.679688
0       145  14.160156



