                   count        pct
Actin_BR Actin_ST                  
1        0           269  26.269531
         1           254  24.804688
001      1           114  11.132812
         001         108  10.546875
0        0            93   9.082031
011      001          71   6.933594
         1            63   6.152344
0        10           30   2.929688
         1            22   2.148438



           count        pct
Rac1 RhoA                  
1    0       523  51.074219
001  0       222  21.679688
0    0       145  14.160156
011  0       134  13.085938



