          count        pct
ARHGAP22                  
0           705  68.847656
1           319  31.152344



          count        pct
Actin_BR                  
1           607  59.277344
0           276  26.953125
110          81   7.910156
10           35   3.417969
0010         25   2.441406



           count        pct
Actin_ST                   
1            603  58.886719
0            282  27.539062
100           59   5.761719
10            54   5.273438
11011111      17   1.660156
111100000      7   0.683594
011            2   0.195312



        count        pct
Arp2_3                  
1         607  59.277344
0         276  26.953125
101        81   7.910156
01         35   3.417969
0100       25   2.441406



      count        pct
CP                    
0       629  61.425781
1       259  25.292969
110      59   5.761719
01       52   5.078125
0010     25   2.441406



       count        pct
Cdc42                  
1        532  51.953125
0        492  48.046875



         count        pct
Cofilin                  
1          636  62.109375
0          221  21.582031
10         120  11.718750
0010        25   2.441406
011         22   2.148438



         count        pct
Coronin                  
1          705  68.847656
01         255  24.902344
0           64   6.250000



           count        pct
Cortactin                  
1            598  58.398438
0            319  31.152344
011           83   8.105469
00011110      17   1.660156
111110000      7   0.683594



           count        pct
Dia1                       
0            599  58.496094
1            264  25.781250
100           59   5.761719
10            29   2.832031
1110          25   2.441406
110           24   2.343750
01111000      17   1.660156
111000011      7   0.683594



           count        pct
Dia2                       
1            761  74.316406
0            173  16.894531
101           83   8.105469
111000011      7   0.683594



          count        pct
Ena_Vasp                  
1           802  78.320312
0           140  13.671875
01           82   8.007812



              count        pct
IRSp53_Cdc42                  
1               532  51.953125
0               492  48.046875



             count        pct
IRSp53_Rac1                  
1              598  58.398438
0              319  31.152344
011             83   8.105469
00011110        17   1.660156
111110000        7   0.683594



      count        pct
LIMK                  
0       705  68.847656
10      255  24.902344
1        64   6.250000



           count        pct
NET1                       
0            705  68.847656
1            229  22.363281
010           83   8.105469
100000111      7   0.683594



           count        pct
PAK                        
1            705  68.847656
0            229  22.363281
011           83   8.105469
111110000      7   0.683594



      count        pct
PIP2                  
1       525  51.269531
0       499  48.730469



     count    pct
PKD              
0     1024  100.0



           count        pct
Profilin                   
1            974  95.117188
0111          25   2.441406
10111111      17   1.660156
111111101      7   0.683594
10             1   0.097656



      count        pct
ROCK                  
0       705  68.847656
1       319  31.152344



           count        pct
ROS                        
1            598  58.398438
0            319  31.152344
011           83   8.105469
00011110      17   1.660156
111110000      7   0.683594



           count        pct
Rac1                       
1            598  58.398438
0            319  31.152344
110           83   8.105469
00111100      17   1.660156
111100001      7   0.683594



           count        pct
RhoA                       
0            598  58.398438
1            319  31.152344
011           83   8.105469
11110000      17   1.660156
110000111      7   0.683594



     count        pct
SSH                  
1      705  68.847656
10     255  24.902344
0       64   6.250000



          count        pct
Thymosin                  
0           711  69.433594
10          207  20.214844
1           106  10.351562



      count        pct
WASP                  
1       711  69.433594
0       165  16.113281
10      148  14.453125



           count        pct
WAVE                       
1            681  66.503906
0            319  31.152344
00011111      17   1.660156
111111000      7   0.683594



