                    count        pct
Actin_BR Actin_ST                   
1        1            325  31.738281
         0            282  27.539062
0        1            250  24.414062
110      100           59   5.761719
10       10            29   2.832031
0010     10            25   2.441406
110      1             22   2.148438
0        11011111      17   1.660156
         111100000      7   0.683594
10       1              6   0.585938
0        011            2   0.195312



                     count        pct
Rac1      RhoA                       
1         0            598  58.398438
0         1            319  31.152344
110       011           83   8.105469
00111100  11110000      17   1.660156
111100001 110000111      7   0.683594



