                   count        pct
Actin_BR Actin_ST                  
1        0           278  27.148438
         1           231  22.558594
001      100         116  11.328125
000100   011100      103  10.058594
100      100101       68   6.640625
001      1            42   4.101562
000100   101111       40   3.906250
         1            31   3.027344
101      100          28   2.734375
         1            20   1.953125
110      100000       19   1.855469
001      101          17   1.660156
0        0            12   1.171875
000100   011110        9   0.878906
0        1             9   0.878906
101      0             1   0.097656



               count        pct
Rac1   RhoA                    
1      0         509  49.707031
100000 110011    183  17.871094
001    100       158  15.429688
100    010        68   6.640625
101    0          49   4.785156
110    0          19   1.855469
001    0          17   1.660156
0      0          12   1.171875
       1           9   0.878906



