                    count        pct
Actin_BR Actin_ST                   
0        1            874  85.351562
011      010           63   6.152344
         1             42   4.101562
1        0             21   2.050781
         1             16   1.562500
0        111100000      5   0.488281
010      011111         3   0.292969



                     count        pct
Rac1      RhoA                       
0         1            874  85.351562
011       101          108  10.546875
1         0             37   3.613281
111100001 110000111      5   0.488281



