          count    pct
ARHGAP22              
0          1024  100.0



          count        pct
Actin_BR                  
1           550  53.710938
001         226  22.070312
101         168  16.406250
0            80   7.812500



          count        pct
Actin_ST                  
1           756  73.828125
001         105  10.253906
011          83   8.105469
0            74   7.226562
01            6   0.585938



        count        pct
Arp2_3                  
1         550  53.710938
010       226  22.070312
011       168  16.406250
0          80   7.812500



    count        pct
CP                  
1     498  48.632812
0     489  47.753906
01     37   3.613281



       count        pct
Cdc42                  
0        538  52.539062
1        486  47.460938



         count        pct
Cofilin                  
1          698  68.164062
011        206  20.117188
10          88   8.593750
0           32   3.125000



         count        pct
Coronin                  
1          962  93.945312
10          38   3.710938
0           24   2.343750



           count        pct
Cortactin                  
1            550  53.710938
100          226  22.070312
110          168  16.406250
0             80   7.812500



      count        pct
Dia1                  
0       903  88.183594
100     121  11.816406



      count        pct
Dia2                  
1       613  59.863281
110     394  38.476562
0        17   1.660156



          count        pct
Ena_Vasp                  
1           819  79.980469
011         105  10.253906
0            63   6.152344
01           37   3.613281



              count        pct
IRSp53_Cdc42                  
0               538  52.539062
1               486  47.460938



             count        pct
IRSp53_Rac1                  
1              550  53.710938
100            226  22.070312
110            168  16.406250
0               80   7.812500



      count        pct
LIMK                  
0      1011  98.730469
10       11   1.074219
1         2   0.195312



      count        pct
NET1                  
0       567  55.371094
101     226  22.070312
100     168  16.406250
1        63   6.152344



     count        pct
PAK                  
1      567  55.371094
100    226  22.070312
110    168  16.406250
0       63   6.152344



      count        pct
PIP2                  
1       526  51.367188
0       498  48.632812



     count    pct
PKD              
0     1024  100.0



          count        pct
Profilin                  
1           840  82.031250
011         105  10.253906
0            73   7.128906
10            6   0.585938



      count    pct
ROCK              
0      1024  100.0



     count        pct
ROS                  
1      550  53.710938
100    226  22.070312
110    168  16.406250
0       80   7.812500



      count        pct
Rac1                  
1       550  53.710938
001     226  22.070312
101     168  16.406250
0        80   7.812500



      count        pct
RhoA                  
0       735  71.777344
100     226  22.070312
1        63   6.152344



     count        pct
SSH                  
1      962  93.945312
01      38   3.710938
0       24   2.343750



          count        pct
Thymosin                  
0           904  88.281250
10           91   8.886719
1            29   2.832031



      count        pct
WASP                  
1       785  76.660156
110     105  10.253906
0        70   6.835938
10       64   6.250000



      count        pct
WAVE                  
1       718  70.117188
110     226  22.070312
0        80   7.812500



