                   count        pct
Actin_BR Actin_ST                  
1        1           549  53.613281
001      1           121  11.816406
         001         105  10.253906
101      1            85   8.300781
         011          83   8.105469
0        0            73   7.128906
         01            6   0.585938
1        0             1   0.097656
0        1             1   0.097656



           count        pct
Rac1 RhoA                  
1    0       550  53.710938
001  100     226  22.070312
101  0       168  16.406250
0    1        63   6.152344
     0        17   1.660156



