          count       pct
ARHGAP22                 
0          1264  61.71875
1           784  38.28125



          count        pct
Actin_BR                  
1           857  41.845703
0           729  35.595703
110         184   8.984375
01          131   6.396484
010          95   4.638672
0100         52   2.539062



          count        pct
Actin_ST                  
0          1403  68.505859
1           281  13.720703
01          169   8.251953
110         143   6.982422
0111         52   2.539062



        count        pct
Arp2_3                  
1         857  41.845703
0         729  35.595703
101       184   8.984375
10        131   6.396484
100        95   4.638672
1000       52   2.539062



      count        pct
CP                    
1      1531  74.755859
0       297  14.501953
110     143   6.982422
0100     52   2.539062
10       25   1.220703



       count        pct
Cdc42                  
0       1079  52.685547
1        969  47.314453



         count        pct
Cofilin                  
1         1084  52.929688
0          429  20.947266
01         349  17.041016
110        143   6.982422
0100        43   2.099609



         count        pct
Coronin                  
1         1264  61.718750
01         589  28.759766
0          152   7.421875
10          43   2.099609



           count        pct
Cortactin                  
0            931  45.458984
1            838  40.917969
011          184   8.984375
001           95   4.638672



      count        pct
Dia1                  
0      1531  74.755859
1       297  14.501953
100     143   6.982422
1101     52   2.539062
10       25   1.220703



      count    pct
Dia2              
1      2048  100.0



          count    pct
Ena_Vasp              
0          2048  100.0



              count        pct
IRSp53_Cdc42                  
0              1079  52.685547
1               969  47.314453



             count        pct
IRSp53_Rac1                  
0              931  45.458984
1              838  40.917969
011            184   8.984375
001             95   4.638672



      count        pct
LIMK                  
0      1264  61.718750
10      589  28.759766
1       152   7.421875
01       43   2.099609



      count        pct
NET1                  
0      1124  54.882812
1       645  31.494141
010     184   8.984375
011      95   4.638672



     count        pct
PAK                  
1     1124  54.882812
0      645  31.494141
011    184   8.984375
001     95   4.638672



      count        pct
PIP2                  
0      1026  50.097656
1      1022  49.902344



     count    pct
PKD              
0     2048  100.0



          count        pct
Profilin                  
1          1381  67.431641
0           455  22.216797
110          95   4.638672
10           65   3.173828
1110         52   2.539062



      count       pct
ROCK                 
0      1264  61.71875
1       784  38.28125



     count        pct
ROS                  
0      931  45.458984
1      838  40.917969
011    184   8.984375
001     95   4.638672



      count        pct
Rac1                  
0       931  45.458984
1       838  40.917969
110     184   8.984375
010      95   4.638672



      count        pct
RhoA                  
1      1026  50.097656
0       838  40.917969
011     184   8.984375



     count        pct
SSH                  
1     1264  61.718750
10     589  28.759766
0      152   7.421875
01      43   2.099609



          count        pct
Thymosin                  
0          1340  65.429688
10          498  24.316406
1           158   7.714844
01           52   2.539062



      count        pct
WASP                  
1      1109  54.150391
0       455  22.216797
10      337  16.455078
101      95   4.638672
01       52   2.539062



      count        pct
WAVE                  
1      1022  49.902344
0       931  45.458984
101      95   4.638672



