          count        pct
ARHGAP22                  
0           673  65.722656
010         189  18.457031
1            93   9.082031
100111       69   6.738281



          count        pct
Actin_BR                  
1           507  49.511719
010         251  24.511719
0           112  10.937500
101          85   8.300781
100000       69   6.738281



          count    pct
Actin_ST              
0          1024  100.0



        count        pct
Arp2_3                  
1         507  49.511719
100       251  24.511719
0         112  10.937500
011        85   8.300781
000001     69   6.738281



        count        pct
CP                      
1         506  49.414062
0         453  44.238281
010000     54   5.273438
010        11   1.074219



       count        pct
Cdc42                  
1        518  50.585938
0        506  49.414062



         count        pct
Cofilin                  
1          490  47.851562
0          287  28.027344
01         101   9.863281
010000      76   7.421875
011         65   6.347656
010          5   0.488281



         count        pct
Coronin                  
1          657  64.160156
0          361  35.253906
10           6   0.585938



           count        pct
Cortactin                  
1            507  49.511719
001          251  24.511719
0            112  10.937500
110           85   8.300781
000010        69   6.738281



        count        pct
Dia1                    
0         822  80.273438
100       131  12.792969
001111     69   6.738281
1           2   0.195312



      count    pct
Dia2              
0      1024  100.0



          count        pct
Ena_Vasp                  
1           802  78.320312
101011      130  12.695312
101          34   3.320312
111011       30   2.929688
001          16   1.562500
111001       11   1.074219
0             1   0.097656



              count        pct
IRSp53_Cdc42                  
1               518  50.585938
0               506  49.414062



             count        pct
IRSp53_Rac1                  
1              507  49.511719
001            251  24.511719
0              112  10.937500
110             85   8.300781
000010          69   6.738281



        count        pct
LIMK                    
0         657  64.160156
1         292  28.515625
110111     69   6.738281
01          6   0.585938



        count        pct
NET1                    
0         525  51.269531
011       251  24.511719
1          94   9.179688
100        85   8.300781
111110     69   6.738281



        count        pct
PAK                     
1         525  51.269531
001       251  24.511719
0          94   9.179688
110        85   8.300781
000010     69   6.738281



      count        pct
PIP2                  
1       518  50.585938
0       506  49.414062



        count        pct
PKD                     
0         673  65.722656
010       189  18.457031
1          93   9.082031
100111     69   6.738281



          count    pct
Profilin              
0          1024  100.0



        count        pct
ROCK                    
0         673  65.722656
100       189  18.457031
1          93   9.082031
001111     69   6.738281



        count        pct
ROS                     
1         507  49.511719
001       251  24.511719
0         112  10.937500
110        85   8.300781
000010     69   6.738281



        count        pct
Rac1                    
1         507  49.511719
010       251  24.511719
0         112  10.937500
101        85   8.300781
000100     69   6.738281



        count        pct
RhoA                    
0         610  59.570312
001       251  24.511719
1          94   9.179688
011110     69   6.738281



     count        pct
SSH                  
1      657  64.160156
0      361  35.253906
01       6   0.585938



          count        pct
Thymosin                  
0           628  61.328125
01          262  25.585938
1           134  13.085938



        count        pct
WASP                    
1         588  57.421875
01        186  18.164062
0         135  13.183594
000101     76   7.421875
101        39   3.808594



        count        pct
WAVE                    
1         592  57.812500
101       251  24.511719
0         112  10.937500
000011     69   6.738281



