          count        pct
ARHGAP22                  
0           623  60.839844
111110      151  14.746094
101110       97   9.472656
110          95   9.277344
101100       21   2.050781
001          18   1.757812
0010          9   0.878906
01            6   0.585938
1             4   0.390625



            count        pct
Actin_BR                    
0             288  28.125000
1             198  19.335938
101           182  17.773438
100           152  14.843750
000010        103  10.058594
000101         58   5.664062
001101         21   2.050781
0000000001      7   0.683594
0010            6   0.585938
01              5   0.488281
0000100010      4   0.390625



            count        pct
Actin_ST                    
1             253  24.707031
0             148  14.453125
001           139  13.574219
01            126  12.304688
111011        123  12.011719
101           114  11.132812
000101         47   4.589844
110100         22   2.148438
0101011101     19   1.855469
010111         16   1.562500
100             8   0.781250
10              6   0.585938
1011111010      2   0.195312
0011110000      1   0.097656



            count        pct
Arp2_3                      
0             288  28.125000
1             198  19.335938
011           182  17.773438
001           152  14.843750
000100        103  10.058594
001010         58   5.664062
011010         21   2.050781
0000000010      7   0.683594
0100            6   0.585938
10              5   0.488281
0001000100      4   0.390625



        count        pct
CP                      
0         601  58.691406
101       126  12.304688
1         108  10.546875
100        84   8.203125
000100     62   6.054688
010        22   2.148438
100110      8   0.781250
000101      8   0.781250
0001        3   0.292969
10          2   0.195312



       count        pct
Cdc42                  
1        515  50.292969
0        509  49.707031



            count        pct
Cofilin                     
1             393  38.378906
0             351  34.277344
01            126  12.304688
011            59   5.761719
000100         35   3.417969
010            20   1.953125
100110          8   0.781250
000101          8   0.781250
0001000000      8   0.781250
0001000001      7   0.683594
0010100010      4   0.390625
0010            3   0.292969
1010000000      2   0.195312



         count        pct
Coronin                  
1          589  57.519531
0          364  35.546875
10          23   2.246094
010100      21   2.050781
101         18   1.757812
0111         9   0.878906



            count        pct
Cortactin                   
1             198  19.335938
110           182  17.773438
010           172  16.796875
0             166  16.210938
010000        151  14.746094
010100         97   9.472656
110100         21   2.050781
1001101100     11   1.074219
0100            9   0.878906
1000101110      8   0.781250
10              6   0.585938
0011111000      3   0.292969



            count        pct
Dia1                        
0             528  51.562500
111101        151  14.746094
011101         97   9.472656
101            95   9.277344
001            91   8.886719
011001         21   2.050781
0110110010     11   1.074219
01              9   0.878906
0010111010      8   0.781250
10              6   0.585938
1               4   0.390625
1111100000      3   0.292969



            count        pct
Dia2                        
1             519  50.683594
111101        151  14.746094
011101         97   9.472656
101            95   9.277344
001            91   8.886719
011001         21   2.050781
0              13   1.269531
0110110010     11   1.074219
01              9   0.878906
0010111010      8   0.781250
10              6   0.585938
1111100000      3   0.292969



          count        pct
Ena_Vasp                  
1           721  70.410156
011111      177  17.285156
010111       62   6.054688
011          33   3.222656
10           24   2.343750
1011          3   0.292969
01            3   0.292969
0             1   0.097656



              count        pct
IRSp53_Cdc42                  
1               515  50.292969
0               509  49.707031



             count        pct
IRSp53_Rac1                  
110            200  19.531250
1              198  19.335938
0              166  16.210938
010            154  15.039062
010000         151  14.746094
010100          97   9.472656
110100          21   2.050781
1001101100      11   1.074219
01               9   0.878906
1000101110       8   0.781250
10               6   0.585938
0011111000       3   0.292969



      count        pct
LIMK                  
0       589  57.519531
1       364  35.546875
01       23   2.246094
10       21   2.050781
010      18   1.757812
1000      9   0.878906



            count        pct
NET1                        
0             528  51.562500
110111        151  14.746094
110101         97   9.472656
110            95   9.277344
100            91   8.886719
100101         21   2.050781
1011001001     11   1.074219
01              9   0.878906
1011101000      8   0.781250
10              6   0.585938
1               4   0.390625
1110000011      3   0.292969



            count        pct
PAK                         
1             528  51.562500
010000        151  14.746094
010100         97   9.472656
010            95   9.277344
110            91   8.886719
110100         21   2.050781
1001101100     11   1.074219
01              9   0.878906
1000101110      8   0.781250
10              6   0.585938
0               4   0.390625
0011111000      3   0.292969



      count        pct
PIP2                  
1       527  51.464844
0       497  48.535156



        count        pct
PKD                     
0         623  60.839844
111110    151  14.746094
101110     97   9.472656
110        95   9.277344
101100     21   2.050781
001        18   1.757812
0010        9   0.878906
01          6   0.585938
1           4   0.390625



            count        pct
Profilin                    
1             606  59.179688
110111        145  14.160156
10            131  12.792969
101110         63   6.152344
0              37   3.613281
110            20   1.953125
1011111111      8   0.781250
1011111011      7   0.683594
0101110111      4   0.390625
0111111101      2   0.195312
0111110000      1   0.097656



        count        pct
ROCK                    
0         623  60.839844
111101    151  14.746094
011101     97   9.472656
101        95   9.277344
011001     21   2.050781
010        18   1.757812
0100        9   0.878906
10          6   0.585938
1           4   0.390625



     count    pct
ROS              
0     1024  100.0



            count        pct
Rac1                        
101           200  19.531250
1             198  19.335938
0             166  16.210938
100           154  15.039062
100000        151  14.746094
101000         97   9.472656
101001         21   2.050781
0011011001     11   1.074219
10              9   0.878906
0001011101      8   0.781250
01              6   0.585938
0111110000      3   0.292969



            count        pct
RhoA                        
0             528  51.562500
111011        151  14.746094
111010         97   9.472656
011            95   9.277344
010            91   8.886719
110010         21   2.050781
1101100100     11   1.074219
10              9   0.878906
0101110100      8   0.781250
01              6   0.585938
1               4   0.390625
1111000001      3   0.292969



        count        pct
SSH                     
1         589  57.519531
0         364  35.546875
01         23   2.246094
101000     21   2.050781
011        18   1.757812
1110        9   0.878906



          count        pct
Thymosin                  
0           547  53.417969
1           189  18.457031
10          160  15.625000
01          128  12.500000



        count        pct
WASP                    
1         511  49.902344
0         189  18.457031
10        130  12.695312
01        128  12.500000
000101     30   2.929688
101        28   2.734375
011111      8   0.781250



      count    pct
WAVE              
0      1024  100.0



