                   count        pct
Actin_BR Actin_ST                  
1        0           447  43.652344
010      010         279  27.246094
000010   001110      187  18.261719
101      010          52   5.078125
0        0            24   2.343750
110      000100       19   1.855469
0        1            11   1.074219
101      0             5   0.488281



               count        pct
Rac1   RhoA                    
1      0         447  43.652344
010    001       238  23.242188
010000 111001    187  18.261719
101    0          57   5.566406
010    0          41   4.003906
0      0          24   2.343750
110    0          19   1.855469
0      1          11   1.074219



