          count    pct
ARHGAP22              
0          1024  100.0



          count    pct
Actin_BR              
0          1024  100.0



          count        pct
Actin_ST                  
1           359  35.058594
0           294  28.710938
11101111    118  11.523438
01           86   8.398438
11111001     46   4.492188
10000001     44   4.296875
11110101     40   3.906250
1101         25   2.441406
10100101     12   1.171875



        count    pct
Arp2_3              
0        1024  100.0



    count        pct
CP                  
1     532  51.953125
0     492  48.046875



       count        pct
Cdc42                  
0        529  51.660156
1        495  48.339844



          count        pct
Cofilin                   
0           874  85.351562
1            81   7.910156
00101000     35   3.417969
10110100     20   1.953125
11110000     14   1.367188



         count        pct
Coronin                  
0          868  84.765625
1          156  15.234375



           count        pct
Cortactin                  
0            532  51.953125
00001111     266  25.976562
01001011     226  22.070312



          count        pct
Dia1                      
0           532  51.953125
00111100    266  25.976562
00101101    226  22.070312



          count        pct
Dia2                      
1           532  51.953125
00111111    266  25.976562
01101111    226  22.070312



          count        pct
Ena_Vasp                  
1           841  82.128906
11101011     91   8.886719
0            44   4.296875
01           20   1.953125
01111000     16   1.562500
01101001     12   1.171875



              count        pct
IRSp53_Cdc42                  
0               529  51.660156
1               495  48.339844



             count        pct
IRSp53_Rac1                  
0              532  51.953125
00001111       266  25.976562
01001011       226  22.070312



          count        pct
LIMK                      
1           451  44.042969
00011111    226  22.070312
11011111    191  18.652344
0           156  15.234375



      count    pct
NET1              
1      1024  100.0



     count    pct
PAK              
0     1024  100.0



      count        pct
PIP2                  
0       532  51.953125
1       492  48.046875



          count        pct
PKD                       
1           451  44.042969
00011110    226  22.070312
10010110    191  18.652344
0           156  15.234375



          count        pct
Profilin                  
1           359  35.058594
0           294  28.710938
11011111    229  22.363281
10           86   8.398438
00000011     29   2.832031
01001011     27   2.636719



          count        pct
ROCK                      
1           451  44.042969
00111100    226  22.070312
00101101    191  18.652344
0           156  15.234375



          count        pct
ROS                       
0           532  51.953125
00001111    266  25.976562
01001011    226  22.070312



          count        pct
Rac1                      
0           532  51.953125
00011110    266  25.976562
10010110    226  22.070312



          count        pct
RhoA                      
1           532  51.953125
01111000    266  25.976562
01011010    226  22.070312



     count        pct
SSH                  
0      868  84.765625
1      156  15.234375



          count        pct
Thymosin                  
0           399  38.964844
1           310  30.273438
10          229  22.363281
01           86   8.398438



      count        pct
WASP                  
1       359  35.058594
0       350  34.179688
10      229  22.363281
01       86   8.398438



          count        pct
WAVE                      
0           532  51.953125
10001111    266  25.976562
11101111    226  22.070312



