          count        pct
ARHGAP22                  
1          1478  72.167969
0           181   8.837891
11011       137   6.689453
11110       105   5.126953
01011        66   3.222656
11010        57   2.783203
             18   0.878906
100           6   0.292969



          count        pct
Actin_BR                  
0          2030  99.121094
             18   0.878906



           count        pct
Actin_ST                   
1            924  45.117188
0            603  29.443359
01           230  11.230469
01111        171   8.349609
10000         52   2.539062
01101111      21   1.025391
              18   0.878906
01111110      13   0.634766
011100000      9   0.439453
00001100       4   0.195312
00001001       2   0.097656
010            1   0.048828



        count        pct
Arp2_3                  
0        2030  99.121094
           18   0.878906



    count        pct
CP                  
1    1034  50.488281
0     996  48.632812
       18   0.878906



       count        pct
Cdc42                  
0       1018  49.707031
1       1012  49.414062
          18   0.878906



           count        pct
Cofilin                    
0           1865  91.064453
1             86   4.199219
01000001      34   1.660156
110000011     18   0.878906
              18   0.878906
01101001      17   0.830078
10000111       6   0.292969
010            2   0.097656
000001         2   0.097656



         count        pct
Coronin                  
0         1843  89.990234
1          181   8.837891
            18   0.878906
110          6   0.292969



           count        pct
Cortactin                  
0           1564  76.367188
00001        137   6.689453
01000        105   5.126953
00101         66   3.222656
01001         57   2.783203
00101101      40   1.953125
011111000     27   1.318359
01111000      23   1.123047
              18   0.878906
100            6   0.292969
011            3   0.146484
101            2   0.097656



           count        pct
Dia1                       
0           1034  50.488281
1            530  25.878906
10111        137   6.689453
11101        105   5.126953
10110         66   3.222656
10101         57   2.783203
10110100      40   1.953125
111100001     27   1.318359
11100001      23   1.123047
              18   0.878906
011            7   0.341797
101            4   0.195312



           count        pct
Dia2                       
1           1575  76.904297
10111        194   9.472656
11101        171   8.349609
10111101      40   1.953125
111111001     27   1.318359
11111001      23   1.123047
              18   0.878906



          count        pct
Ena_Vasp                  
1          1972  96.289062
0            51   2.490234
             18   0.878906
111010        5   0.244141
10            2   0.097656



              count        pct
IRSp53_Cdc42                  
0              1018  49.707031
1              1012  49.414062
                 18   0.878906



             count        pct
IRSp53_Rac1                  
0             2030  99.121094
                18   0.878906



      count        pct
LIMK                  
1      1843  89.990234
0       181   8.837891
         18   0.878906
001       6   0.292969



           count        pct
NET1                       
0           1012  49.414062
1            980  47.851562
110000011     27   1.318359
              18   0.878906
100            7   0.341797
010            4   0.195312



           count        pct
PAK                        
1           1012  49.414062
0            980  47.851562
011111000     27   1.318359
              18   0.878906
110            7   0.341797
011            4   0.195312



      count        pct
PIP2                  
0      1034  50.488281
1       996  48.632812
         18   0.878906



       count        pct
PKD                    
1       1478  72.167969
0        181   8.837891
11011    137   6.689453
11110    105   5.126953
01011     66   3.222656
11010     57   2.783203
          18   0.878906
100        6   0.292969



           count        pct
Profilin                   
1            924  45.117188
0            603  29.443359
10           230  11.230469
11110        171   8.349609
00001         52   2.539062
11011110      21   1.025391
              18   0.878906
11111100      13   0.634766
111000000      9   0.439453
00011000       4   0.195312
00010010       2   0.097656
100            1   0.048828



       count        pct
ROCK                   
1       1478  72.167969
0        181   8.837891
10111    137   6.689453
11101    105   5.126953
10110     66   3.222656
10101     57   2.783203
          18   0.878906
001        6   0.292969



           count        pct
ROS                        
0           1564  76.367188
00001        137   6.689453
01000        105   5.126953
00101         66   3.222656
01001         57   2.783203
00101101      40   1.953125
011111000     27   1.318359
01111000      23   1.123047
              18   0.878906
110            7   0.341797
011            4   0.195312



           count        pct
Rac1                       
0           1564  76.367188
00010        137   6.689453
10000        105   5.126953
01010         66   3.222656
10010         57   2.783203
01011010      40   1.953125
111110000     27   1.318359
11110000      23   1.123047
              18   0.878906
101            7   0.341797
110            4   0.195312



           count        pct
RhoA                       
1           1564  76.367188
01111        137   6.689453
11011        105   5.126953
01101         66   3.222656
01011         57   2.783203
01101001      40   1.953125
111000011     27   1.318359
11000011      23   1.123047
              18   0.878906
110            7   0.341797
011            4   0.195312



     count        pct
SSH                  
0     1843  89.990234
1      181   8.837891
        18   0.878906
101      6   0.292969



          count        pct
Thymosin                  
0           705  34.423828
1           630  30.761719
10          483  23.583984
01          212  10.351562
             18   0.878906



      count        pct
WASP                  
0       671  32.763672
1       664  32.421875
10      483  23.583984
01      212  10.351562
         18   0.878906



           count        pct
WAVE                       
0           1564  76.367188
00001        137   6.689453
01000        105   5.126953
00101         66   3.222656
01001         57   2.783203
00101101      40   1.953125
011111000     27   1.318359
01111000      23   1.123047
              18   0.878906
110            7   0.341797
011            4   0.195312



