                    count        pct
Actin_BR Actin_ST                   
0        1            924  45.117188
         0            603  29.443359
         01           230  11.230469
         01111        171   8.349609
         10000         52   2.539062
         01101111      21   1.025391
                       18   0.878906
0        01111110      13   0.634766
         011100000      9   0.439453
         00001100       4   0.195312
         00001001       2   0.097656
         010            1   0.048828



                     count        pct
Rac1      RhoA                       
0         1           1564  76.367188
00010     01111        137   6.689453
10000     11011        105   5.126953
01010     01101         66   3.222656
10010     01011         57   2.783203
01011010  01101001      40   1.953125
111110000 111000011     27   1.318359
11110000  11000011      23   1.123047
                        18   0.878906
101       110            7   0.341797
110       011            4   0.195312



