          count        pct
ARHGAP22                  
0           664  64.843750
1           113  11.035156
011110      101   9.863281
001         100   9.765625
010          31   3.027344
             15   1.464844



          count        pct
Actin_BR                  
1           446  43.554688
0           242  23.632812
001         150  14.648438
000010      101   9.863281
101          39   3.808594
010          31   3.027344
             15   1.464844



           count        pct
Actin_ST                   
0            719  70.214844
010          114  11.132812
011           61   5.957031
001110        57   5.566406
111100        34   3.320312
              15   1.464844
000001        10   0.976562
1              9   0.878906
000000110      5   0.488281



        count        pct
Arp2_3                  
1         446  43.554688
0         242  23.632812
010       150  14.648438
000100    101   9.863281
011        39   3.808594
100        31   3.027344
           15   1.464844



        count        pct
CP                      
1         694  67.773438
000010    101   9.863281
0          99   9.667969
001        66   6.445312
010        31   3.027344
101        18   1.757812
           15   1.464844



       count        pct
Cdc42                  
1        545  53.222656
0        464  45.312500
          15   1.464844



         count        pct
Cofilin                  
1          555  54.199219
0          396  38.671875
10          58   5.664062
            15   1.464844



         count        pct
Coronin                  
1          635  62.011719
0          360  35.156250
            15   1.464844
01          14   1.367188



           count        pct
Cortactin                  
0           1009  98.535156
              15   1.464844



           count        pct
Dia1                       
0            791  77.246094
111100       101   9.863281
010           72   7.031250
100           31   3.027344
              15   1.464844
1              9   0.878906
001111000      5   0.488281



           count        pct
Dia2                       
1            575  56.152344
110          195  19.042969
0            102   9.960938
111100       101   9.863281
101           31   3.027344
              15   1.464844
001111110      5   0.488281



          count        pct
Ena_Vasp                  
0          1009  98.535156
             15   1.464844



              count        pct
IRSp53_Cdc42                  
1               545  53.222656
0               464  45.312500
                 15   1.464844



             count        pct
IRSp53_Rac1                  
1              446  43.554688
0              231  22.558594
100            156  15.234375
001000         101   9.863281
110             39   3.808594
001             31   3.027344
                15   1.464844
000011110        5   0.488281



        count        pct
LIMK                    
0         635  62.011719
1         259  25.292969
011111    101   9.863281
           15   1.464844
10         14   1.367188



           count        pct
NET1                       
0            548  53.515625
101          156  15.234375
1            129  12.597656
111011       101   9.863281
100           39   3.808594
011           31   3.027344
              15   1.464844
111110000      5   0.488281



           count        pct
PAK                        
1            548  53.515625
100          156  15.234375
0            129  12.597656
001000       101   9.863281
110           39   3.808594
001           31   3.027344
              15   1.464844
000011110      5   0.488281



      count        pct
PIP2                  
1       510  49.804688
0       499  48.730469
         15   1.464844



        count        pct
PKD                     
0         664  64.843750
1         113  11.035156
011110    101   9.863281
001       100   9.765625
010        31   3.027344
           15   1.464844



           count        pct
Profilin                   
1            593  57.910156
0            211  20.605469
110          115  11.230469
011110        57   5.566406
              15   1.464844
001           11   1.074219
000011        10   0.976562
10             7   0.683594
000001100      5   0.488281



        count        pct
ROCK                    
0         664  64.843750
1         113  11.035156
111100    101   9.863281
010       100   9.765625
100        31   3.027344
           15   1.464844



           count        pct
ROS                        
1            446  43.554688
0            231  22.558594
100          156  15.234375
001000       101   9.863281
110           39   3.808594
001           31   3.027344
              15   1.464844
000011110      5   0.488281



           count        pct
Rac1                       
1            446  43.554688
0            231  22.558594
001          156  15.234375
010000       101   9.863281
101           39   3.808594
010           31   3.027344
              15   1.464844
000111100      5   0.488281



           count        pct
RhoA                       
0            587  57.324219
100          156  15.234375
1            129  12.597656
111001       101   9.863281
001           31   3.027344
              15   1.464844
011110000      5   0.488281



     count        pct
SSH                  
1      635  62.011719
0      360  35.156250
        15   1.464844
10      14   1.367188



          count        pct
Thymosin                  
0           623  60.839844
1           231  22.558594
10          155  15.136719
             15   1.464844



      count        pct
WASP                  
1       567  55.371094
0       247  24.121094
10      155  15.136719
110      21   2.050781
010      19   1.855469
         15   1.464844



           count        pct
WAVE                       
1            485  47.363281
0            231  22.558594
110          156  15.234375
001100       101   9.863281
101           31   3.027344
              15   1.464844
000011111      5   0.488281



