                     count        pct
cycle_Actin_BR_norm                  
1                      546  53.320312
0                      185  18.066406
011                    138  13.476562
10                      79   7.714844
01                      52   5.078125
1000                    24   2.343750



                     count        pct
cycle_Actin_ST_norm                  
1                      680  66.406250
110                    138  13.476562
0                       96   9.375000
1101                    94   9.179688
0010                     9   0.878906
01                       7   0.683594



                   count        pct
cycle_Arp2_3_norm                  
1                    546  53.320312
0                    185  18.066406
110                  138  13.476562
01                    79   7.714844
10                    52   5.078125
0001                  24   2.343750



               count        pct
cycle_CP_norm                  
0                519  50.683594
1                505  49.316406



                  count       pct
cycle_Cdc42_norm                 
0                   520  50.78125
1                   504  49.21875



                    count        pct
cycle_Cofilin_norm                  
1                     639  62.402344
01                    275  26.855469
0                      65   6.347656
1110                   30   2.929688
0100                   15   1.464844



                    count        pct
cycle_Coronin_norm                  
1                     674  65.820312
10                    215  20.996094
01                     96   9.375000
0                      39   3.808594



                      count        pct
cycle_Cortactin_norm                  
1                       536  52.343750
0                       209  20.410156
101                     138  13.476562
0010                    133  12.988281
01                        8   0.781250



                 count        pct
cycle_Dia1_norm                  
0                  848  82.812500
1                  102   9.960938
1110                66   6.445312
01                   8   0.781250



                 count        pct
cycle_Dia2_norm                  
1                  745  72.753906
101                138  13.476562
1110               133  12.988281
01                   8   0.781250



                     count        pct
cycle_Ena_Vasp_norm                  
1                      891  87.011719
0                       94   9.179688
10                      39   3.808594



                   count        pct
cycle_IRSp53_norm                  
1                    852  83.203125
0                    172  16.796875



                 count    pct
cycle_LIMK_norm              
0                 1024  100.0



                count        pct
cycle_PAK_norm                  
1                 852  83.203125
0                 172  16.796875



                 count        pct
cycle_PIP2_norm                  
1                  519  50.683594
0                  505  49.316406



                count    pct
cycle_PKD_norm              
0                1024  100.0



                     count        pct
cycle_Profilin_norm                  
1                      885  86.425781
0                       96   9.375000
0111                    27   2.636719
0100                     9   0.878906
10                       7   0.683594



                 count        pct
cycle_ROCK_norm                  
0                  674  65.820312
1                  209  20.410156
1110               133  12.988281
01                   8   0.781250



                  count        pct
cycle_ROCK__norm                  
0                   674  65.820312
1                   209  20.410156
0111                133  12.988281
10                    8   0.781250



                 count        pct
cycle_Rac1_norm                  
1                  536  52.343750
0                  209  20.410156
011                138  13.476562
0100               133  12.988281
10                   8   0.781250



                 count        pct
cycle_RhoA_norm                  
0                  536  52.343750
1                  209  20.410156
010                138  13.476562
1101               133  12.988281
10                   8   0.781250



                count        pct
cycle_SSH_norm                  
1                 674  65.820312
01                215  20.996094
10                 96   9.375000
0                  39   3.808594



                     count        pct
cycle_Thymosin_norm                  
0                      711  69.433594
01                     285  27.832031
1                       28   2.734375



                 count        pct
cycle_WASP_norm                  
1                  711  69.433594
01                 208  20.312500
0                  105  10.253906



                 count        pct
cycle_WAVE_norm                  
1                  536  52.343750
0                  209  20.410156
101                138  13.476562
0010               133  12.988281
01                   8   0.781250



