                                         count   pct
cycle_Actin_BR_norm cycle_Actin_ST_norm             
0                   0                      251  25.1
                    1                      215  21.5
0010                1011                   168  16.8
0011                0110                    74   7.4
0010                10                      47   4.7
                    0010                    32   3.2
1                   1                       31   3.1
0011                1                       27   2.7
0010                1                       25   2.5
0111                1                       19   1.9
1                   0                       18   1.8
011                 0                       17   1.7
0010                0110                    12   1.2
0011                0                       12   1.2
0                   111110                  11   1.1
10                  1                        9   0.9
0                   11101                    9   0.9
                    10                       8   0.8
10                  10                       6   0.6
0                   000110                   4   0.4
0111                0                        4   0.4
0                   00010                    1   0.1



