          count        pct
ARHGAP22                  
1           884  86.328125
0           116  11.328125
001          24   2.343750



          count        pct
Actin_BR                  
0           884  86.328125
011          99   9.667969
1            41   4.003906



          count        pct
Actin_ST                  
1           957  93.457031
010          52   5.078125
0            15   1.464844



        count        pct
Arp2_3                  
0         884  86.328125
110        99   9.667969
1          41   4.003906



     count        pct
CP                   
0      957  93.457031
011     52   5.078125
1       15   1.464844



       count    pct
Cdc42              
0       1024  100.0



         count        pct
Cofilin                  
0          884  86.328125
1           93   9.082031
011         47   4.589844



         count        pct
Coronin                  
0          884  86.328125
1          116  11.328125
101         24   2.343750



           count        pct
Cortactin                  
0            884  86.328125
101           75   7.324219
1             41   4.003906
001           24   2.343750



      count        pct
Dia1                  
1       884  86.328125
010      52   5.078125
110      47   4.589844
0        41   4.003906



      count        pct
Dia2                  
1       884  86.328125
110      99   9.667969
0        41   4.003906



          count        pct
Ena_Vasp                  
1          1015  99.121094
101           9   0.878906



              count    pct
IRSp53_Cdc42              
0              1024  100.0



             count        pct
IRSp53_Rac1                  
0              884  86.328125
101             99   9.667969
1               41   4.003906



      count        pct
LIMK                  
1       884  86.328125
0       116  11.328125
010      24   2.343750



      count        pct
NET1                  
1       884  86.328125
001      99   9.667969
0        41   4.003906



     count        pct
PAK                  
0      884  86.328125
101     99   9.667969
1       41   4.003906



      count        pct
PIP2                  
0       533  52.050781
1       491  47.949219



     count        pct
PKD                  
1      884  86.328125
0      116  11.328125
001     24   2.343750



          count    pct
Profilin              
1          1024  100.0



      count        pct
ROCK                  
1       884  86.328125
0       116  11.328125
010      24   2.343750



     count        pct
ROS                  
0      884  86.328125
101     99   9.667969
1       41   4.003906



      count        pct
Rac1                  
0       884  86.328125
011      99   9.667969
1        41   4.003906



      count        pct
RhoA                  
1       884  86.328125
101      99   9.667969
0        41   4.003906



     count        pct
SSH                  
0      884  86.328125
1      116  11.328125
011     24   2.343750



          count    pct
Thymosin              
0          1024  100.0



      count        pct
WASP                  
1       549  53.613281
0       466  45.507812
011       9   0.878906



      count        pct
WAVE                  
0       884  86.328125
1       140  13.671875



