          count        pct
ARHGAP22                  
0           665  64.941406
011110      188  18.359375
001         127  12.402344
010          36   3.515625
1             8   0.781250



          count        pct
Actin_BR                  
001         303  29.589844
1           233  22.753906
011         199  19.433594
000010      188  18.359375
0            77   7.519531
110          24   2.343750



           count        pct
Actin_ST                   
1            301  29.394531
0            171  16.699219
001          149  14.550781
001110        93   9.082031
011001        83   8.105469
010           80   7.812500
111101        58   5.664062
000010        39   3.808594
100111        20   1.953125
101           13   1.269531
000001110     12   1.171875
10             5   0.488281



        count        pct
Arp2_3                  
010       303  29.589844
1         233  22.753906
110       199  19.433594
000100    188  18.359375
0          77   7.519531
101        24   2.343750



        count        pct
CP                      
0         461  45.019531
001       159  15.527344
000010    154  15.039062
1         113  11.035156
011       102   9.960938
010001     17   1.660156
101        12   1.171875
10          6   0.585938



       count        pct
Cdc42                  
0        519  50.683594
1        505  49.316406



         count    pct
Cofilin              
0         1024  100.0



         count        pct
Coronin                  
1          619  60.449219
0          389  37.988281
01          16   1.562500



           count        pct
Cortactin                  
100          303  29.589844
1            233  22.753906
101          199  19.433594
001000       188  18.359375
0             65   6.347656
011           24   2.343750
000001111     12   1.171875



           count        pct
Dia1                       
0            578  56.445312
111100       188  18.359375
010          177  17.285156
100           61   5.957031
000111100     12   1.171875
1              8   0.781250



           count        pct
Dia2                       
1            513  50.097656
111100       188  18.359375
010          177  17.285156
0             73   7.128906
100           61   5.957031
000111100     12   1.171875



          count        pct
Ena_Vasp                  
1           627  61.230469
001111      113  11.035156
100          83   8.105469
01           64   6.250000
0            55   5.371094
111011       39   3.808594
101011       36   3.515625
10            7   0.683594



              count        pct
IRSp53_Cdc42                  
0               519  50.683594
1               505  49.316406



             count        pct
IRSp53_Rac1                  
100            303  29.589844
1              233  22.753906
101            199  19.433594
001000         188  18.359375
0               65   6.347656
011             24   2.343750
000001111       12   1.171875



      count    pct
LIMK              
0      1024  100.0



           count        pct
NET1                       
0            515  50.292969
111011       188  18.359375
101          177  17.285156
011           61   5.957031
001           39   3.808594
010           24   2.343750
011111000     12   1.171875
1              8   0.781250



           count        pct
PAK                        
1            515  50.292969
001000       188  18.359375
100          177  17.285156
001           61   5.957031
101           39   3.808594
011           24   2.343750
000001111     12   1.171875
0              8   0.781250



      count   pct
PIP2             
1       512  50.0
0       512  50.0



        count        pct
PKD                     
0         665  64.941406
011110    188  18.359375
001       127  12.402344
010        36   3.515625
1           8   0.781250



           count        pct
Profilin                   
1            551  53.808594
011          150  14.648438
111011       141  13.769531
011110       113  11.035156
0             52   5.078125
110011111     12   1.171875
01             5   0.488281



        count        pct
ROCK                    
0         665  64.941406
111100    188  18.359375
010       127  12.402344
100        36   3.515625
1           8   0.781250



           count        pct
ROS                        
100          303  29.589844
1            233  22.753906
101          199  19.433594
001000       188  18.359375
0             65   6.347656
011           24   2.343750
000001111     12   1.171875



           count        pct
Rac1                       
001          303  29.589844
1            233  22.753906
011          199  19.433594
010000       188  18.359375
0             65   6.347656
110           24   2.343750
000011110     12   1.171875



           count        pct
RhoA                       
0            578  56.445312
111001       188  18.359375
100          177  17.285156
001           61   5.957031
001111000     12   1.171875
1              8   0.781250



     count        pct
SSH                  
1      619  60.449219
0      389  37.988281
10      16   1.562500



          count        pct
Thymosin                  
01          387  37.792969
1           330  32.226562
0           307  29.980469



      count        pct
WASP                  
01      387  37.792969
0       330  32.226562
1       307  29.980469



           count        pct
WAVE                       
1            456  44.531250
110          303  29.589844
001100       188  18.359375
0             65   6.347656
100001111     12   1.171875



