                    count        pct
Actin_BR Actin_ST                   
001      001          137  13.378906
1        0            119  11.621094
         1            114  11.132812
000010   001110        93   9.082031
001      011001        83   8.105469
011      1             80   7.812500
         010           80   7.812500
0        0             52   5.078125
001      1             51   4.980469
000010   111101        39   3.808594
011      000010        39   3.808594
000010   1             36   3.515625
         100111        20   1.953125
001      111101        19   1.855469
         101           13   1.269531
110      001           12   1.171875
0        000001110     12   1.171875
110      1             12   1.171875
0        1              8   0.781250
         10             5   0.488281



                     count        pct
Rac1      RhoA                       
1         0            233  22.753906
011       0            199  19.433594
010000    111001       188  18.359375
001       100          177  17.285156
          0             65   6.347656
          001           61   5.957031
0         0             57   5.566406
110       0             24   2.343750
000011110 001111000     12   1.171875
0         1              8   0.781250



