                   count        pct
Actin_BR Actin_ST                  
1        0           225  21.972656
         1           209  20.410156
0        001111      156  15.234375
001      100         117  11.425781
010      010110       68   6.640625
001      1            53   5.175781
000100   111110       49   4.785156
0        0            43   4.199219
011      000010       29   2.832031
000100   1            25   2.441406
110      100          23   2.246094
         1            14   1.367188
001      101           8   0.781250
0        1             5   0.488281



               count        pct
Rac1   RhoA                    
1      0         434  42.382812
010000 111001    230  22.460938
001    001       167  16.308594
010    001        68   6.640625
0      0          43   4.199219
110    0          37   3.613281
011    0          29   2.832031
001    0          11   1.074219
0      1           5   0.488281



