          count        pct
ARHGAP22                  
1           942  91.992188
0            82   8.007812



          count        pct
Actin_BR                  
0           642  62.695312
1           303  29.589844
0100         56   5.468750
110          12   1.171875
01           11   1.074219



          count        pct
Actin_ST                  
1           765  74.707031
0           177  17.285156
01           56   5.468750
10           14   1.367188
100          12   1.171875



        count        pct
Arp2_3                  
0         642  62.695312
1         303  29.589844
1000       56   5.468750
101        12   1.171875
10         11   1.074219



      count        pct
CP                    
0       765  74.707031
1       177  17.285156
0100     56   5.468750
10       14   1.367188
110      12   1.171875



       count        pct
Cdc42                  
1        514  50.195312
0        510  49.804688



         count        pct
Cofilin                  
0          735  71.777344
1          213  20.800781
0100        56   5.468750
10          20   1.953125



         count        pct
Coronin                  
0          942  91.992188
1           82   8.007812



           count        pct
Cortactin                  
0            942  91.992188
1             70   6.835938
011           12   1.171875



      count        pct
Dia1                  
1       765  74.707031
0       177  17.285156
1101     56   5.468750
10       14   1.367188
100      12   1.171875



      count    pct
Dia2              
1      1024  100.0



          count        pct
Ena_Vasp                  
1          1021  99.707031
10            3   0.292969



              count        pct
IRSp53_Cdc42                  
1               514  50.195312
0               510  49.804688



             count        pct
IRSp53_Rac1                  
0              942  91.992188
1               70   6.835938
011             12   1.171875



      count        pct
LIMK                  
1       942  91.992188
0        82   8.007812



      count        pct
NET1                  
0       536  52.343750
1       476  46.484375
010      12   1.171875



     count        pct
PAK                  
1      536  52.343750
0      476  46.484375
011     12   1.171875



      count        pct
PIP2                  
0       514  50.195312
1       510  49.804688



     count        pct
PKD                  
1      942  91.992188
0       82   8.007812



          count        pct
Profilin                  
1           957  93.457031
1110         56   5.468750
10           11   1.074219



      count        pct
ROCK                  
1       942  91.992188
0        82   8.007812



     count    pct
ROS              
0     1024  100.0



      count        pct
Rac1                  
0       942  91.992188
1        70   6.835938
110      12   1.171875



      count    pct
RhoA              
1      1024  100.0



     count        pct
SSH                  
0      942  91.992188
1       82   8.007812



          count        pct
Thymosin                  
0           400  39.062500
1           316  30.859375
10          252  24.609375
01           56   5.468750



      count        pct
WASP                  
1       400  39.062500
0       316  30.859375
10      252  24.609375
01       56   5.468750



      count        pct
WAVE                  
0       942  91.992188
1        82   8.007812



