          count        pct
ARHGAP22                  
1           596  58.203125
0           144  14.062500
11011        83   8.105469
10110        61   5.957031
01111        59   5.761719
01011        42   4.101562
01100        15   1.464844
11001        12   1.171875
001          12   1.171875



            count        pct
Actin_BR                    
0             506  49.414062
1             227  22.167969
0100           88   8.593750
0010100001     59   5.761719
01001          42   4.101562
101            32   3.125000
00010          22   2.148438
110            20   1.953125
001            13   1.269531
10010          12   1.171875
00100100        3   0.292969



            count        pct
Actin_ST                    
1             618  60.351562
0             114  11.132812
1011111111    101   9.863281
01             88   8.593750
01111          34   3.320312
001            22   2.148438
011            13   1.269531
101111         10   0.976562
001011         10   0.976562
110100          9   0.878906
10110111        3   0.292969
11111100        1   0.097656
001111000       1   0.097656



            count        pct
Arp2_3                      
0             506  49.414062
1             227  22.167969
1000           88   8.593750
0101000010     59   5.761719
10010          42   4.101562
011            32   3.125000
00100          22   2.148438
101            20   1.953125
010            13   1.269531
00101          12   1.171875
01001000        3   0.292969



        count        pct
CP                      
0         781  76.269531
1         100   9.765625
0100       88   8.593750
101        22   2.148438
01         14   1.367188
001        10   0.976562
010100      9   0.878906



       count        pct
Cdc42                  
0        515  50.292969
1        509  49.707031



         count    pct
Cofilin              
0         1024  100.0



         count        pct
Coronin                  
0          841  82.128906
1          144  14.062500
01100       15   1.464844
101         12   1.171875
10000       12   1.171875



           count        pct
Cortactin                  
0            596  58.203125
00001         83   8.105469
1             73   7.128906
01010         61   5.957031
00100         59   5.761719
00101         42   4.101562
110           32   3.125000
11000         27   2.636719
011           24   2.343750
100           13   1.269531
001            9   0.878906
10010110       3   0.292969
11110000       1   0.097656
001111100      1   0.097656



           count        pct
Dia1                       
1            498  48.632812
0            160  15.625000
1101          88   8.593750
11110         59   5.761719
10111         53   5.175781
10110         42   4.101562
01101         37   3.613281
110           27   2.636719
010           27   2.636719
100101         9   0.878906
10011          7   0.683594
00110          7   0.683594
001            5   0.488281
01011010       3   0.292969
111110000      1   0.097656
11000011       1   0.097656



           count        pct
Dia2                       
1            948  92.578125
110           48   4.687500
0             27   2.636719
111110000      1   0.097656



          count        pct
Ena_Vasp                  
1           969  94.628906
10           19   1.855469
01           19   1.855469
0             9   0.878906
100           5   0.488281
110101        3   0.292969



              count        pct
IRSp53_Cdc42                  
0               515  50.292969
1               509  49.707031



             count    pct
IRSp53_Rac1              
0             1024  100.0



       count        pct
LIMK                   
1        841  82.128906
0        144  14.062500
10011     15   1.464844
01111     12   1.171875
010       12   1.171875



           count        pct
NET1                       
0            536  52.343750
1            439  42.871094
001           48   4.687500
111000001      1   0.097656



           count        pct
PAK                        
1            536  52.343750
0            439  42.871094
101           48   4.687500
001111100      1   0.097656



      count        pct
PIP2                  
1       524  51.171875
0       500  48.828125



       count        pct
PKD                    
1        596  58.203125
0        144  14.062500
11011     83   8.105469
10110     61   5.957031
01111     59   5.761719
01011     42   4.101562
01100     15   1.464844
11001     12   1.171875
001       12   1.171875



            count        pct
Profilin                    
1             773  75.488281
0111111111    101   9.863281
1110           88   8.593750
11110          34   3.320312
011111         23   2.246094
01101111        3   0.292969
11111001        1   0.097656
011111110       1   0.097656



       count        pct
ROCK                   
1        596  58.203125
0        144  14.062500
10111     83   8.105469
01101     61   5.957031
11110     59   5.761719
10110     42   4.101562
11000     15   1.464844
10011     12   1.171875
010       12   1.171875



           count        pct
ROS                        
0            596  58.203125
00001         83   8.105469
1             73   7.128906
01010         61   5.957031
00100         59   5.761719
00101         42   4.101562
110           35   3.417969
101           33   3.222656
11100         15   1.464844
10001         12   1.171875
100           10   0.976562
10010110       3   0.292969
11110000       1   0.097656
001111100      1   0.097656



           count        pct
Rac1                       
0            596  58.203125
00010         83   8.105469
1             73   7.128906
10100         61   5.957031
01000         59   5.761719
01010         42   4.101562
101           35   3.417969
011           33   3.222656
11001         15   1.464844
00011         12   1.171875
001           10   0.976562
00101101       3   0.292969
11100001       1   0.097656
011111000      1   0.097656



           count        pct
RhoA                       
1            596  58.203125
01111         83   8.105469
0             73   7.128906
11010         61   5.957031
11101         59   5.761719
101           58   5.664062
01101         42   4.101562
100           20   1.953125
10001         15   1.464844
00111         12   1.171875
10110100       3   0.292969
111100001      1   0.097656
10000111       1   0.097656



       count        pct
SSH                    
0        841  82.128906
1        144  14.062500
11000     15   1.464844
011       12   1.171875
00001     12   1.171875



          count        pct
Thymosin                  
1           346  33.789062
01          290  28.320312
0           287  28.027344
10          101   9.863281



      count        pct
WASP                  
0       346  33.789062
01      290  28.320312
1       287  28.027344
10      101   9.863281



           count        pct
WAVE                       
0            596  58.203125
00001         83   8.105469
1             73   7.128906
01010         61   5.957031
00100         59   5.761719
00101         42   4.101562
110           35   3.417969
101           33   3.222656
11100         15   1.464844
10001         12   1.171875
100           10   0.976562
10010110       3   0.292969
11110000       1   0.097656
001111100      1   0.097656



