          count        pct
ARHGAP22                  
1          1887  92.138672
0           161   7.861328



          count        pct
Actin_BR                  
0          1938  94.628906
010          35   1.708984
0010010      34   1.660156
011          29   1.416016
1             8   0.390625
01            4   0.195312



          count        pct
Actin_ST                  
0          1933  94.384766
1            57   2.783203
1011111      34   1.660156
011          20   0.976562
01            4   0.195312



         count        pct
Arp2_3                   
0         1938  94.628906
100         35   1.708984
0100100     34   1.660156
110         29   1.416016
1            8   0.390625
10           4   0.195312



         count        pct
CP                       
1         1021  49.853516
0          986  48.144531
0010010     34   1.660156
01           4   0.195312
011          3   0.146484



       count        pct
Cdc42                  
1       1069  52.197266
0        979  47.802734



         count        pct
Cofilin                  
0         1931  94.287109
1           80   3.906250
0010000     34   1.660156
011          3   0.146484



         count        pct
Coronin                  
0         1887  92.138672
1          161   7.861328



           count        pct
Cortactin                  
0           1898  92.675781
1             52   2.539062
001           35   1.708984
1011101       34   1.660156
101           29   1.416016



         count        pct
Dia1                     
0         1021  49.853516
1          986  48.144531
1110110     34   1.660156
01           4   0.195312
010          3   0.146484



      count    pct
Dia2              
1      2048  100.0



          count        pct
Ena_Vasp                  
1          1966  95.996094
0            82   4.003906



              count        pct
IRSp53_Cdc42                  
1              1069  52.197266
0               979  47.802734



             count        pct
IRSp53_Rac1                  
0             1898  92.675781
1               52   2.539062
001             35   1.708984
1011101         34   1.660156
101             29   1.416016



      count        pct
LIMK                  
1      1887  92.138672
0       161   7.861328



         count        pct
NET1                     
0         1077  52.587891
1          903  44.091797
0010001     34   1.660156
011         18   0.878906
100         16   0.781250



         count        pct
PAK                      
1         1077  52.587891
0          903  44.091797
1011101     34   1.660156
001         18   0.878906
110         16   0.781250



      count        pct
PIP2                  
1      1028  50.195312
0      1020  49.804688



     count        pct
PKD                  
1     1887  92.138672
0      161   7.861328



          count        pct
Profilin                  
0          1898  92.675781
1            77   3.759766
110          35   1.708984
0111111      34   1.660156
10            4   0.195312



      count        pct
ROCK                  
1      1887  92.138672
0       161   7.861328



     count    pct
ROS              
0     2048  100.0



         count        pct
Rac1                     
0         1898  92.675781
1           52   2.539062
010         35   1.708984
0111011     34   1.660156
011         29   1.416016



      count    pct
RhoA              
1      2048  100.0



     count        pct
SSH                  
0     1887  92.138672
1      161   7.861328



          count        pct
Thymosin                  
1          1931  94.287109
0            80   3.906250
1110111      34   1.660156
010           3   0.146484



      count    pct
WASP              
0      2048  100.0



      count        pct
WAVE                  
0      1898  92.675781
1       115   5.615234
101      35   1.708984



