          count        pct
Actin_BR                  
0           544  53.125000
1           364  35.546875
100          40   3.906250
01           40   3.906250
011          24   2.343750
010          12   1.171875



          count        pct
Actin_ST                  
0           533  52.050781
1           440  42.968750
01           46   4.492188
010           5   0.488281



        count        pct
Arp2_3                  
0         544  53.125000
1         364  35.546875
10         40   3.906250
001        40   3.906250
110        24   2.343750
100        12   1.171875



    count        pct
CP                  
1     543  53.027344
0     475  46.386719
10      6   0.585938



       count        pct
Cdc42                  
0        543  53.027344
1        481  46.972656



         count        pct
Cofilin                  
0          578  56.445312
1          279  27.246094
01          62   6.054688
100000      40   3.906250
010         28   2.734375
011         21   2.050781
001010      16   1.562500



         count        pct
Coronin                  
0          656  64.062500
100        132  12.890625
1          117  11.425781
110         79   7.714844
001         40   3.906250



           count        pct
Cortactin                  
0            659  64.355469
001          139  13.574219
1             99   9.667969
101           87   8.496094
010           40   3.906250



      count        pct
Dia1                  
0       599  58.496094
1       315  30.761719
110      40   3.906250
001      37   3.613281
011      33   3.222656



      count    pct
Dia2              
0      1024  100.0



          count        pct
Ena_Vasp                  
1          1007  98.339844
101           7   0.683594
10            6   0.585938
0             4   0.390625



              count        pct
IRSp53_Cdc42                  
0               543  53.027344
1               481  46.972656



             count        pct
IRSp53_Rac1                  
0              659  64.355469
001            139  13.574219
1               99   9.667969
101             87   8.496094
010             40   3.906250



      count        pct
LIMK                  
1       656  64.062500
011     132  12.890625
0       117  11.425781
001      79   7.714844
110      40   3.906250



     count        pct
PAK                  
1      518  50.585938
0      491  47.949219
101      8   0.781250
010      7   0.683594



      count        pct
PIP2                  
0       542  52.929688
1       482  47.070312



     count        pct
PKD                  
1      656  64.062500
101    132  12.890625
0      117  11.425781
100     79   7.714844
011     40   3.906250



          count        pct
Profilin                  
1           681  66.503906
0           291  28.417969
10           40   3.906250
101           7   0.683594
100           5   0.488281



      count        pct
ROCK                  
1       656  64.062500
011     132  12.890625
0       117  11.425781
001      79   7.714844
110      40   3.906250



      count        pct
Rac1                  
0       659  64.355469
010     139  13.574219
1        99   9.667969
011      87   8.496094
100      40   3.906250



      count        pct
RhoA                  
1       666  65.039062
110     140  13.671875
0        99   9.667969
010      79   7.714844
101      40   3.906250



     count        pct
SSH                  
0      656  64.062500
001    132  12.890625
1      117  11.425781
101     79   7.714844
010     40   3.906250



          count        pct
Thymosin                  
0           468  45.703125
1           293  28.613281
01          207  20.214844
10           56   5.468750



      count        pct
WASP                  
1       458  44.726562
0       296  28.906250
01      207  20.214844
10       56   5.468750
011       7   0.683594



      count        pct
WAVE                  
0       659  64.355469
1       186  18.164062
101     139  13.574219
011      40   3.906250



