          count    pct
ARHGAP22              
0          1024  100.0



          count        pct
Actin_BR                  
1           590  57.617188
100         232  22.656250
101         155  15.136719
0            47   4.589844



           count        pct
Actin_ST                   
1            789  77.050781
110          147  14.355469
10            46   4.492188
000001110     21   2.050781
0             21   2.050781



        count        pct
Arp2_3                  
1         590  57.617188
001       232  22.656250
011       155  15.136719
0          47   4.589844



    count    pct
CP              
0    1024  100.0



       count        pct
Cdc42                  
1        522  50.976562
0        502  49.023438



         count        pct
Cofilin                  
1          750  73.242188
101        148  14.453125
10          81   7.910156
0           45   4.394531



         count        pct
Coronin                  
1         1011  98.730469
0            7   0.683594
01           6   0.585938



           count        pct
Cortactin                  
1            590  57.617188
010          232  22.656250
110          155  15.136719
0             26   2.539062
000001111     21   2.050781



           count        pct
Dia1                       
0            771  75.292969
001          232  22.656250
000111100     21   2.050781



           count        pct
Dia2                       
1            522  50.976562
0            249  24.316406
001          232  22.656250
000111100     21   2.050781



          count        pct
Ena_Vasp                  
1           814  79.492188
101         147  14.355469
01           42   4.101562
0            21   2.050781



              count        pct
IRSp53_Cdc42                  
1               522  50.976562
0               502  49.023438



             count        pct
IRSp53_Rac1                  
1              590  57.617188
010            232  22.656250
110            155  15.136719
0               26   2.539062
000001111       21   2.050781



      count        pct
LIMK                  
0      1011  98.730469
1         7   0.683594
10        6   0.585938



           count        pct
NET1                       
0            616  60.156250
110          232  22.656250
100          155  15.136719
011111000     21   2.050781



           count        pct
PAK                        
1            616  60.156250
010          232  22.656250
110          155  15.136719
000001111     21   2.050781



      count        pct
PIP2                  
0       524  51.171875
1       500  48.828125



     count    pct
PKD              
0     1024  100.0



           count        pct
Profilin                   
1            831  81.152344
101          147  14.355469
110011111     21   2.050781
0             21   2.050781
10             4   0.390625



      count    pct
ROCK              
0      1024  100.0



           count        pct
ROS                        
1            590  57.617188
010          232  22.656250
110          155  15.136719
0             26   2.539062
000001111     21   2.050781



           count        pct
Rac1                       
1            590  57.617188
100          232  22.656250
101          155  15.136719
0             26   2.539062
000011110     21   2.050781



           count        pct
RhoA                       
0            771  75.292969
010          232  22.656250
001111000     21   2.050781



     count        pct
SSH                  
1     1011  98.730469
0        7   0.683594
10       6   0.585938



          count        pct
Thymosin                  
0           898  87.695312
10           84   8.203125
1            42   4.101562



      count        pct
WASP                  
1       751  73.339844
011     147  14.355469
10       84   8.203125
0        42   4.101562



           count        pct
WAVE                       
1            745  72.753906
011          232  22.656250
0             26   2.539062
100001111     21   2.050781



