                       count        pct
Actin_BR   Actin_ST                    
0          1             467  45.605469
1          1             283  27.636719
1001010000 1110111111    119  11.621094
101        1              56   5.468750
01001      1110111111     54   5.273438
10000      11011          19   1.855469
1          10              7   0.683594
01010      11011           6   0.585938
100        110111          5   0.488281
101        110             4   0.390625
0          110             2   0.195312
           11100111        1   0.097656
           000001111       1   0.097656



                     count        pct
Rac1      RhoA                       
0         1            484  47.265625
00100     11110        119  11.621094
10000     11011         92   8.984375
1         0             83   8.105469
10010     01011         74   7.226562
01010     01101         54   5.273438
101       011           33   3.222656
          100           29   2.832031
01110     01100         28   2.734375
11000     11001         21   2.050781
110       011            5   0.488281
000011111 001111100      1   0.097656
00001111  00111100       1   0.097656



