                    count        pct
Actin_BR Actin_ST                   
0        0            472  46.093750
         1            278  27.148438
         01           127  12.402344
         111001        94   9.179688
         000011        32   3.125000
         110100        11   1.074219
                        9   0.878906
0        000000110      1   0.097656



                     count        pct
Rac1      RhoA                       
0         0            504  49.218750
          1            260  25.390625
000010    001111       210  20.507812
010       001           20   1.953125
100       010           11   1.074219
000001111 000111100     10   0.976562
                         9   0.878906



