                   count        pct
Actin_BR Actin_ST                  
1        1           253  24.707031
110      1           245  23.925781
         101         207  20.214844
001      001          85   8.300781
         1            84   8.203125
010      010011       78   7.617188
0        0            54   5.273438
1        0            11   1.074219
001      0             4   0.390625
0        10            3   0.292969



           count        pct
Rac1 RhoA                  
110  0       452  44.140625
1    0       264  25.781250
001  100     102   9.960938
010  001      78   7.617188
001  0        71   6.933594
0    1        48   4.687500
     0         9   0.878906



