          count        pct
ARHGAP22                  
0           359  35.058594
010         319  31.152344
1           182  17.773438
111100      164  16.015625



          count        pct
Actin_BR                  
001         269  26.269531
010         220  21.484375
0           192  18.750000
000100      164  16.015625
011         154  15.039062
1            25   2.441406



          count        pct
Actin_ST                  
1           315  30.761719
011010      220  21.484375
0           198  19.335938
001          99   9.667969
011          81   7.910156
001111       71   6.933594
000110       40   3.906250



        count        pct
Arp2_3                  
010       269  26.269531
100       220  21.484375
0         192  18.750000
001000    164  16.015625
110       154  15.039062
1          25   2.441406



        count        pct
CP                      
1         502  49.023438
0         412  40.234375
010000     95   9.277344
001         9   0.878906
01          6   0.585938



       count    pct
Cdc42              
0       1024  100.0



         count        pct
Cofilin                  
0          534  52.148438
1          199  19.433594
110        154  15.039062
010000     125  12.207031
10           6   0.585938
010          6   0.585938



         count        pct
Coronin                  
0          665  64.941406
1          359  35.058594



           count        pct
Cortactin                  
100          269  26.269531
001          220  21.484375
0            192  18.750000
010000       164  16.015625
101          154  15.039062
1             25   2.441406



        count        pct
Dia1                    
0         591  57.714844
100       265  25.878906
111001    164  16.015625
1           4   0.390625



        count        pct
Dia2                    
110       423  41.308594
101       220  21.484375
1         217  21.191406
111001    164  16.015625



          count        pct
Ena_Vasp                  
1           575  56.152344
011101      220  21.484375
011          89   8.691406
011111       71   6.933594
011110       40   3.906250
100          13   1.269531
0            10   0.976562
01            6   0.585938



              count    pct
IRSp53_Cdc42              
0              1024  100.0



             count        pct
IRSp53_Rac1                  
100            269  26.269531
001            220  21.484375
0              192  18.750000
010000         164  16.015625
101            154  15.039062
1               25   2.441406



        count        pct
LIMK                    
1         501  48.925781
0         359  35.058594
111110    164  16.015625



        count        pct
NET1                    
101       269  26.269531
011       220  21.484375
1         192  18.750000
110111    164  16.015625
001       154  15.039062
0          25   2.441406



        count        pct
PAK                     
100       269  26.269531
001       220  21.484375
0         192  18.750000
010000    164  16.015625
101       154  15.039062
1          25   2.441406



      count        pct
PIP2                  
1       522  50.976562
0       502  49.023438



        count        pct
PKD                     
0         359  35.058594
010       319  31.152344
1         182  17.773438
111100    164  16.015625



          count        pct
Profilin                  
1           396  38.671875
110         220  21.484375
0           189  18.457031
011          99   9.667969
011110       71   6.933594
001100       40   3.906250
001           9   0.878906



        count        pct
ROCK                    
0         359  35.058594
100       319  31.152344
1         182  17.773438
111001    164  16.015625



        count        pct
ROS                     
100       269  26.269531
001       220  21.484375
0         192  18.750000
010000    164  16.015625
101       154  15.039062
1          25   2.441406



        count        pct
Rac1                    
001       269  26.269531
010       220  21.484375
0         192  18.750000
100000    164  16.015625
011       154  15.039062
1          25   2.441406



        count        pct
RhoA                    
100       269  26.269531
001       220  21.484375
1         192  18.750000
0         179  17.480469
110011    164  16.015625



     count        pct
SSH                  
0      665  64.941406
1      359  35.058594



          count        pct
Thymosin                  
0           493  48.144531
10          299  29.199219
1           232  22.656250



        count        pct
WASP                    
1         388  37.890625
0         242  23.632812
10        174  16.992188
000101    125  12.207031
110        95   9.277344



        count        pct
WAVE                    
110       269  26.269531
101       220  21.484375
0         192  18.750000
1         179  17.480469
011000    164  16.015625



