                     count    pct
cycle_Actin_BR_norm              
0                     1024  100.0



                     count        pct
cycle_Actin_ST_norm                  
0                      349  34.082031
1                      223  21.777344
1011                   201  19.628906
1100                   112  10.937500
01                      63   6.152344
0001                    48   4.687500
11001                    9   0.878906
01111                    7   0.683594
111100                   4   0.390625
01000                    4   0.390625
101111                   3   0.292969
000011                   1   0.097656



                   count    pct
cycle_Arp2_3_norm              
0                   1024  100.0



               count        pct
cycle_CP_norm                  
1                540  52.734375
0                484  47.265625



                  count       pct
cycle_Cdc42_norm                 
0                   520  50.78125
1                   504  49.21875



                    count        pct
cycle_Cofilin_norm                  
0                     958  93.554688
1                      43   4.199219
0001000100              9   0.878906
11000                   7   0.683594
000010                  4   0.390625
011000                  3   0.292969



                    count        pct
cycle_Coronin_norm                  
0                     681  66.503906
0001                  270  26.367188
1                      71   6.933594
01                      2   0.195312



                      count        pct
cycle_Cortactin_norm                  
0                       522  50.976562
0011                    293  28.613281
0001                    155  15.136719
11001                    40   3.906250
001111                    8   0.781250
01                        6   0.585938



                 count        pct
cycle_Dia1_norm                  
0                  540  52.734375
1                  245  23.925781
0011               135  13.183594
1011                70   6.835938
00011               13   1.269531
011100               8   0.781250
00110                7   0.683594
01                   6   0.585938



                 count        pct
cycle_Dia2_norm                  
1                  522  50.976562
0111               448  43.750000
11011               40   3.906250
011111               8   0.781250
01                   6   0.585938



                     count    pct
cycle_Ena_Vasp_norm              
0                     1024  100.0



                   count        pct
cycle_IRSp53_norm                  
1                    504  49.218750
0                    492  48.046875
11001                 20   1.953125
001111                 8   0.781250



                 count        pct
cycle_LIMK_norm                  
1                  681  66.503906
1110               270  26.367188
0                   71   6.933594
10                   2   0.195312



                count        pct
cycle_PAK_norm                  
1                 996  97.265625
11001              20   1.953125
001111              8   0.781250



                 count        pct
cycle_PIP2_norm                  
0                  540  52.734375
1                  484  47.265625



                count        pct
cycle_PKD_norm                  
1                 522  50.976562
0011              270  26.367188
1011              155  15.136719
0                  71   6.933594
10                  6   0.585938



                     count        pct
cycle_Profilin_norm                  
1                      462  45.117188
0                      290  28.320312
1101                   161  15.722656
0010                    31   3.027344
11110                   29   2.832031
01                      17   1.660156
10                      16   1.562500
0011                     9   0.878906
111101                   4   0.390625
10000                    4   0.390625
000110                   1   0.097656



                 count        pct
cycle_ROCK_norm                  
1                  522  50.976562
0110               270  26.367188
0111               155  15.136719
0                   71   6.933594
01                   6   0.585938



                  count        pct
cycle_ROCK__norm                  
1                   522  50.976562
0011                270  26.367188
1011                155  15.136719
0                    71   6.933594
10                    6   0.585938



                 count        pct
cycle_Rac1_norm                  
0                  522  50.976562
0110               293  28.613281
0010               155  15.136719
10011               40   3.906250
011110               8   0.781250
10                   6   0.585938



                 count        pct
cycle_RhoA_norm                  
1                  522  50.976562
1100               293  28.613281
1110               155  15.136719
00111               20   1.953125
00110               13   1.269531
111000               8   0.781250
01100                7   0.683594
10                   6   0.585938



                count        pct
cycle_SSH_norm                  
0                 681  66.503906
0010              270  26.367188
1                  71   6.933594
10                  2   0.195312



                     count        pct
cycle_Thymosin_norm                  
0                      361  35.253906
1                      335  32.714844
10                     328  32.031250



                 count        pct
cycle_WASP_norm                  
1                  341  33.300781
0                  335  32.714844
10                 328  32.031250
11101               20   1.953125



                 count        pct
cycle_WAVE_norm                  
0                  522  50.976562
0011               293  28.613281
0001               155  15.136719
11001               40   3.906250
001111               8   0.781250
01                   6   0.585938



