          count        pct
ARHGAP22                  
0           660  64.453125
001         139  13.574219
011110      114  11.132812
1           111  10.839844



          count        pct
Actin_BR                  
100         429  41.894531
0           280  27.343750
101         183  17.871094
000010      114  11.132812
1            17   1.660156
01            1   0.097656



          count        pct
Actin_ST                  
0           677  66.113281
001         232  22.656250
000011      114  11.132812
01            1   0.097656



        count        pct
Arp2_3                  
001       429  41.894531
0         280  27.343750
011       183  17.871094
000100    114  11.132812
1          17   1.660156
10          1   0.097656



     count        pct
CP                   
1      516  50.390625
001    204  19.921875
0      177  17.285156
101    126  12.304688
01       1   0.097656



       count        pct
Cdc42                  
0        523  51.074219
1        501  48.925781



         count        pct
Cofilin                  
0          507  49.511719
1          259  25.292969
101        126  12.304688
001        122  11.914062
01          10   0.976562



         count        pct
Coronin                  
1          519  50.683594
0          480  46.875000
01          25   2.441406



           count        pct
Cortactin                  
010          429  41.894531
0            280  27.343750
110          183  17.871094
001000       114  11.132812
1             17   1.660156
10             1   0.097656



        count        pct
Dia1                    
0         775  75.683594
010       131  12.792969
111100    114  11.132812
1           4   0.390625



        count        pct
Dia2                    
110       413  40.332031
010       199  19.433594
0         153  14.941406
1         144  14.062500
111100    114  11.132812
10          1   0.097656



          count        pct
Ena_Vasp                  
0           660  64.453125
100         139  13.574219
001111      114  11.132812
1           111  10.839844



              count    pct
IRSp53_Cdc42              
0              1024  100.0



             count        pct
IRSp53_Rac1                  
010            429  41.894531
0              280  27.343750
110            183  17.871094
001000         114  11.132812
1               17   1.660156
10               1   0.097656



        count        pct
LIMK                    
0         519  50.683594
1         366  35.742188
011111    114  11.132812
10         25   2.441406



        count        pct
NET1                    
0         504  49.218750
101       230  22.460938
1         127  12.402344
111011    114  11.132812
100        49   4.785156



        count        pct
PAK                     
1         504  49.218750
100       230  22.460938
0         127  12.402344
001000    114  11.132812
110        49   4.785156



      count        pct
PIP2                  
1       519  50.683594
0       505  49.316406



        count        pct
PKD                     
0         660  64.453125
001       139  13.574219
011110    114  11.132812
1         111  10.839844



          count        pct
Profilin                  
101         400  39.062500
0           290  28.320312
001         155  15.136719
000110      114  11.132812
1            64   6.250000
10            1   0.097656



        count        pct
ROCK                    
0         660  64.453125
010       139  13.574219
111100    114  11.132812
1         111  10.839844



        count        pct
ROS                     
010       429  41.894531
0         280  27.343750
110       183  17.871094
001000    114  11.132812
1          17   1.660156
10          1   0.097656



        count        pct
Rac1                    
100       429  41.894531
0         280  27.343750
101       183  17.871094
010000    114  11.132812
1          17   1.660156
01          1   0.097656



        count        pct
RhoA                    
0         553  54.003906
100       230  22.460938
1         127  12.402344
111001    114  11.132812



     count        pct
SSH                  
1      519  50.683594
0      480  46.875000
10      25   2.441406



          count        pct
Thymosin                  
1           507  49.511719
0           259  25.292969
001         126  12.304688
011         122  11.914062
01           10   0.976562



      count    pct
WASP              
0      1024  100.0



        count        pct
WAVE                    
011       429  41.894531
0         280  27.343750
1         201  19.628906
001100    114  11.132812



