                                         count        pct
cycle_Actin_BR_norm cycle_Actin_ST_norm                  
1                   1                      311  30.371094
0                   0                      243  23.730469
01                  0                      110  10.742188
1110                1011                    52   5.078125
0011                1011                    49   4.785156
01                  01                      43   4.199219
0011                0110                    29   2.832031
01                  0010                    29   2.832031
1110                0110                    26   2.539062
                    1                       21   2.050781
0011                0010                    17   1.660156
                    0                       16   1.562500
0100                0110                    16   1.562500
011                 011111                  12   1.171875
0100                0010                     9   0.878906
011                 1                        9   0.878906
                    0                        6   0.585938
0100                0                        6   0.585938
010                 011                      4   0.390625
1                   0                        4   0.390625
011                 011                      4   0.390625
                    101                      4   0.390625
000010              110011                   3   0.292969
1110                0                        1   0.097656



