                                         count        pct
cycle_Actin_BR_norm cycle_Actin_ST_norm                  
1                   1                      381  37.207031
0                   1                       92   8.984375
                    0                       88   8.593750
000010              110011                  84   8.203125
011                 111011                  81   7.910156
                    1                       75   7.324219
01                  1                       34   3.320312
10                  1                       31   3.027344
010                 001100                  28   2.734375
01011               01000                   24   2.343750
0001                0111                    23   2.246094
010                 011                     19   1.855469
01                  10                      18   1.757812
0001                0100                    18   1.757812
10                  0111                     9   0.878906
01                  0111                     8   0.781250
10                  10                       8   0.781250
0                   10                       2   0.195312
1                   0                        1   0.097656



