          count        pct
ARHGAP22                  
1           679  66.308594
0           153  14.941406
01111        90   8.789062
10101        40   3.906250
00111        34   3.320312
10001        22   2.148438
010           6   0.585938



          count        pct
Actin_BR                  
0           511  49.902344
1           332  32.421875
0100         83   8.105469
01           57   5.566406
011          40   3.906250
100           1   0.097656



           count        pct
Actin_ST                   
1            510  49.804688
0            332  32.421875
01           140  13.671875
010           40   3.906250
111100000      1   0.097656
100            1   0.097656



        count        pct
Arp2_3                  
0         511  49.902344
1         332  32.421875
1000       83   8.105469
10         57   5.566406
110        40   3.906250
001         1   0.097656



      count        pct
CP                    
0       511  49.902344
1       332  32.421875
0100     83   8.105469
01       57   5.566406
011      40   3.906250
100       1   0.097656



       count        pct
Cdc42                  
1        519  50.683594
0        505  49.316406



         count        pct
Cofilin                  
0          659  64.355469
1          196  19.140625
11101       57   5.566406
01          33   3.222656
0100        28   2.734375
11010       22   2.148438
011         18   1.757812
00110       10   0.976562
100000       1   0.097656



         count        pct
Coronin                  
0          809  79.003906
1          153  14.941406
00010       34   3.320312
10001       22   2.148438
011          6   0.585938



           count        pct
Cortactin                  
0            679  66.308594
1            117  11.425781
00100         90   8.789062
00011         56   5.468750
10010         40   3.906250
101           35   3.417969
010            6   0.585938
111110000      1   0.097656



           count        pct
Dia1                       
1            510  49.804688
0            332  32.421875
1101          83   8.105469
01            57   5.566406
010           40   3.906250
111000011      1   0.097656
101            1   0.097656



           count        pct
Dia2                       
1            968  94.531250
110           40   3.906250
0             14   1.367188
111000011      1   0.097656
101            1   0.097656



          count    pct
Ena_Vasp              
0          1024  100.0



              count    pct
IRSp53_Cdc42              
0              1024  100.0



             count        pct
IRSp53_Rac1                  
0              679  66.308594
1              117  11.425781
00100           90   8.789062
101             40   3.906250
10010           40   3.906250
00110           34   3.320312
10011           22   2.148438
111110000        1   0.097656
011              1   0.097656



       count        pct
LIMK                   
1        809  79.003906
0        153  14.941406
11101     34   3.320312
01110     22   2.148438
100        6   0.585938



           count        pct
NET1                       
0            533  52.050781
1            449  43.847656
001           40   3.906250
100000111      1   0.097656
010            1   0.097656



           count        pct
PAK                        
1            533  52.050781
0            449  43.847656
101           40   3.906250
111110000      1   0.097656
011            1   0.097656



      count        pct
PIP2                  
0       537  52.441406
1       487  47.558594



       count        pct
PKD                    
1        679  66.308594
0        153  14.941406
01111     90   8.789062
10101     40   3.906250
00111     34   3.320312
10001     22   2.148438
010        6   0.585938



           count        pct
Profilin                   
1            883  86.230469
1110          83   8.105469
10            57   5.566406
111111101      1   0.097656



       count        pct
ROCK                   
1        679  66.308594
0        153  14.941406
11110     90   8.789062
01011     40   3.906250
01110     34   3.320312
00011     22   2.148438
100        6   0.585938



           count        pct
ROS                        
0            679  66.308594
1            117  11.425781
00100         90   8.789062
101           40   3.906250
10010         40   3.906250
00110         34   3.320312
10011         22   2.148438
111110000      1   0.097656
011            1   0.097656



           count        pct
Rac1                       
0            679  66.308594
1            117  11.425781
01000         90   8.789062
011           40   3.906250
00101         40   3.906250
01100         34   3.320312
00111         22   2.148438
111100001      1   0.097656
110            1   0.097656



           count        pct
RhoA                       
1            679  66.308594
0            117  11.425781
11101         90   8.789062
10110         40   3.906250
101           40   3.906250
11100         34   3.320312
00110         22   2.148438
110000111      1   0.097656
011            1   0.097656



       count        pct
SSH                    
0        809  79.003906
1        153  14.941406
00100     34   3.320312
00011     22   2.148438
110        6   0.585938



          count        pct
Thymosin                  
0           454  44.335938
1           308  30.078125
10          178  17.382812
01           84   8.203125



      count        pct
WASP                  
1       450  43.945312
0       308  30.078125
10      178  17.382812
01       84   8.203125
011       4   0.390625



           count        pct
WAVE                       
0            679  66.308594
1            158  15.429688
00110         90   8.789062
11011         62   6.054688
00111         34   3.320312
111111000      1   0.097656



