          count        pct
ARHGAP22                  
0           615  60.058594
011         129  12.597656
1           123  12.011719
111011       62   6.054688
010          37   3.613281
001011       24   2.343750
101110       20   1.953125
001          11   1.074219
01            3   0.292969



          count        pct
Actin_BR                  
110         318  31.054688
010         242  23.632812
1           197  19.238281
0           158  15.429688
010000       62   6.054688
010011       24   2.343750
000101       20   1.953125
10            3   0.292969



          count        pct
Actin_ST                  
1           523  51.074219
011         208  20.312500
0           159  15.527344
111101       47   4.589844
100          37   3.613281
011010       22   2.148438
110001        8   0.781250
10            6   0.585938
010111        6   0.585938
000100        6   0.585938
000101        2   0.195312



        count        pct
Arp2_3                  
101       318  31.054688
100       242  23.632812
1         197  19.238281
0         158  15.429688
100000     62   6.054688
100110     24   2.343750
001010     20   1.953125
01          3   0.292969



        count        pct
CP                      
1         549  53.613281
0         456  44.531250
000100     14   1.367188
10          5   0.488281



       count        pct
Cdc42                  
1        513  50.097656
0        511  49.902344



         count        pct
Cofilin                  
1          405  39.550781
0          295  28.808594
101        209  20.410156
000010      53   5.175781
010         51   4.980469
10          11   1.074219



         count        pct
Coronin                  
1          585  57.128906
0          357  34.863281
011         37   3.613281
000101      24   2.343750
101         11   1.074219
10          10   0.976562



           count        pct
Cortactin                  
011          294  28.710938
001          266  25.976562
1            197  19.238281
0            158  15.429688
000001        62   6.054688
001101        24   2.343750
010100        20   1.953125
10             3   0.292969



        count        pct
Dia1                    
0         793  77.441406
110111     62   6.054688
001        62   6.054688
110        24   2.343750
010110     24   2.343750
011        23   2.246094
011101     20   1.953125
010        11   1.074219
10          3   0.292969
1           2   0.195312



        count        pct
Dia2                    
1         591  57.714844
011       223  21.777344
011111     86   8.398438
001        70   6.835938
0          31   3.027344
011101     20   1.953125
10          3   0.292969



          count        pct
Ena_Vasp                  
1           859  83.886719
111101       73   7.128906
101          55   5.371094
010111       25   2.441406
10            5   0.488281
0             4   0.390625
100           3   0.292969



              count        pct
IRSp53_Cdc42                  
1               513  50.097656
0               511  49.902344



             count    pct
IRSp53_Rac1              
0             1024  100.0



      count        pct
LIMK                  
0       595  58.105469
1       357  34.863281
100      27   2.636719
10       24   2.343750
010      11   1.074219
01       10   0.976562



        count        pct
NET1                    
0         521  50.878906
011       158  15.429688
1         127  12.402344
100        98   9.570312
011111     62   6.054688
011001     24   2.343750
110101     20   1.953125
001        11   1.074219
10          3   0.292969



        count        pct
PAK                     
1         521  50.878906
001       158  15.429688
0         127  12.402344
110        98   9.570312
000001     62   6.054688
001101     24   2.343750
010100     20   1.953125
101        11   1.074219
10          3   0.292969



      count        pct
PIP2                  
0       549  53.613281
1       475  46.386719



        count        pct
PKD                     
0         615  60.058594
011       129  12.597656
1         123  12.011719
111011     62   6.054688
010        37   3.613281
001011     24   2.343750
101110     20   1.953125
001        11   1.074219
01          3   0.292969



          count        pct
Profilin                  
1           667  65.136719
0           156  15.234375
110          93   9.082031
111011       47   4.589844
110100       22   2.148438
101110       14   1.367188
001           9   0.878906
01            8   0.781250
001000        6   0.585938
001010        2   0.195312



        count        pct
ROCK                    
0         615  60.058594
110       129  12.597656
1         123  12.011719
110111     62   6.054688
100        37   3.613281
010110     24   2.343750
011101     20   1.953125
010        11   1.074219
10          3   0.292969



     count    pct
ROS              
0     1024  100.0



        count        pct
Rac1                    
110       321  31.347656
010       228  22.265625
1         197  19.238281
0         158  15.429688
000010     62   6.054688
011010     24   2.343750
101000     20   1.953125
011        11   1.074219
01          3   0.292969



        count        pct
RhoA                    
0         521  50.878906
101       158  15.429688
1         127  12.402344
010        98   9.570312
101111     62   6.054688
101100     24   2.343750
111010     20   1.953125
100        11   1.074219
01          3   0.292969



        count        pct
SSH                     
1         585  57.128906
0         357  34.863281
110        37   3.613281
001010     24   2.343750
011        11   1.074219
01         10   0.976562



          count        pct
Thymosin                  
0           722  70.507812
1           168  16.406250
10          134  13.085938



        count        pct
WASP                    
1         625  61.035156
0         172  16.796875
10        112  10.937500
101        93   9.082031
101000     22   2.148438



        count        pct
WAVE                    
011       321  31.347656
001       228  22.265625
1         197  19.238281
0         158  15.429688
000001     62   6.054688
001101     24   2.343750
010100     20   1.953125
101        11   1.074219
10          3   0.292969



