          count        pct
ARHGAP22                  
0           652  63.671875
111100      188  18.359375
010         119  11.621094
100          53   5.175781
1            12   1.171875



          count        pct
Actin_BR                  
1           493  48.144531
000100      188  18.359375
001         125  12.207031
010         119  11.621094
101          64   6.250000
0            35   3.417969



           count        pct
Actin_ST                   
0            577  56.347656
011100       140  13.671875
001          125  12.207031
010          119  11.621094
001111        48   4.687500
1             12   1.171875
01             2   0.195312
000001110      1   0.097656



        count        pct
Arp2_3                  
1         493  48.144531
001000    188  18.359375
010       125  12.207031
100       119  11.621094
011        64   6.250000
0          35   3.417969



        count        pct
CP                      
1         493  48.144531
000100    188  18.359375
001       125  12.207031
010       119  11.621094
101        64   6.250000
0          35   3.417969



       count        pct
Cdc42                  
0        532  51.953125
1        492  48.046875



         count        pct
Cofilin                  
1          545  53.222656
0          314  30.664062
010000      76   7.421875
101         61   5.957031
01          24   2.343750
010          4   0.390625



         count        pct
Coronin                  
1          635  62.011719
0          384  37.500000
10           5   0.488281



           count        pct
Cortactin                  
1            493  48.144531
010000       188  18.359375
100          125  12.207031
001          119  11.621094
110           64   6.250000
0             34   3.320312
000001111      1   0.097656



           count        pct
Dia1                       
0            579  56.542969
111001       188  18.359375
010          125  12.207031
100          119  11.621094
1             12   1.171875
000111100      1   0.097656



           count        pct
Dia2                       
1            504  49.218750
111001       188  18.359375
010          125  12.207031
100          119  11.621094
0             87   8.496094
000111100      1   0.097656



          count    pct
Ena_Vasp              
0          1024  100.0



              count        pct
IRSp53_Cdc42                  
0               532  51.953125
1               492  48.046875



             count        pct
IRSp53_Rac1                  
1              493  48.144531
010000         188  18.359375
100            125  12.207031
001            119  11.621094
110             64   6.250000
0               34   3.320312
000001111        1   0.097656



        count        pct
LIMK                    
0         635  62.011719
1         196  19.140625
111110    188  18.359375
01          5   0.488281



           count        pct
NET1                       
0            515  50.292969
110111       188  18.359375
101          125  12.207031
011          119  11.621094
100           64   6.250000
1             12   1.171875
011111000      1   0.097656



           count        pct
PAK                        
1            515  50.292969
010000       188  18.359375
100          125  12.207031
001          119  11.621094
110           64   6.250000
0             12   1.171875
000001111      1   0.097656



      count        pct
PIP2                  
0       527  51.464844
1       497  48.535156



        count        pct
PKD                     
0         652  63.671875
111100    188  18.359375
010       119  11.621094
100        53   5.175781
1          12   1.171875



           count        pct
Profilin                   
1            663  64.746094
111100       116  11.328125
111011        91   8.886719
110           76   7.421875
011           55   5.371094
0             20   1.953125
10             2   0.195312
110011111      1   0.097656



        count        pct
ROCK                    
0         652  63.671875
111001    188  18.359375
100       119  11.621094
001        53   5.175781
1          12   1.171875



           count        pct
ROS                        
1            493  48.144531
010000       188  18.359375
100          125  12.207031
001          119  11.621094
110           64   6.250000
0             34   3.320312
000001111      1   0.097656



           count        pct
Rac1                       
1            493  48.144531
100000       188  18.359375
001          125  12.207031
010          119  11.621094
101           64   6.250000
0             34   3.320312
000011110      1   0.097656



           count        pct
RhoA                       
0            579  56.542969
110011       188  18.359375
100          125  12.207031
001          119  11.621094
1             12   1.171875
001111000      1   0.097656



     count        pct
SSH                  
1      635  62.011719
0      384  37.500000
01       5   0.488281



          count        pct
Thymosin                  
0           671  65.527344
01          194  18.945312
1           159  15.527344



        count        pct
WASP                    
1         629  61.425781
0         159  15.527344
01        118  11.523438
000101     76   7.421875
110        42   4.101562



           count        pct
WAVE                       
1            557  54.394531
011000       188  18.359375
110          125  12.207031
101          119  11.621094
0             34   3.320312
100001111      1   0.097656



