          count        pct
ARHGAP22                  
11110       526  51.367188
01101       167  16.308594
0           153  14.941406
01111       128  12.500000
11010        38   3.710938
1            12   1.171875



          count    pct
Actin_BR              
0          1024  100.0



            count        pct
Actin_ST                    
01111         363  35.449219
1             312  30.468750
1011111111    166  16.210938
10011         102   9.960938
01111111       81   7.910156



        count    pct
Arp2_3              
0        1024  100.0



    count    pct
CP              
0    1024  100.0



       count      pct
Cdc42                
0        528  51.5625
1        496  48.4375



         count        pct
Cofilin                  
0          871  85.058594
1          153  14.941406



         count        pct
Coronin                  
0          871  85.058594
1          153  14.941406



           count        pct
Cortactin                  
01000        526  51.367188
10100        167  16.308594
00100        128  12.500000
10110100      81   7.910156
01111000      72   7.031250
01001         38   3.710938
0             12   1.171875



          count        pct
Dia1                      
11101       526  51.367188
11010       167  16.308594
11110       128  12.500000
11010010     81   7.910156
11100001     72   7.031250
10101        38   3.710938
1            12   1.171875



          count        pct
Dia2                      
1           502  49.023438
11101       339  33.105469
01101       102   9.960938
11010010     45   4.394531
11100001     36   3.515625



          count        pct
Ena_Vasp                  
1           502  49.023438
01111       339  33.105469
01011       102   9.960938
01111111     45   4.394531
00111110     36   3.515625



              count      pct
IRSp53_Cdc42                
0               528  51.5625
1               496  48.4375



             count        pct
IRSp53_Rac1                  
01000          526  51.367188
10100          167  16.308594
00100          128  12.500000
10110100        81   7.910156
01111000        72   7.031250
01001           38   3.710938
0               12   1.171875



      count        pct
LIMK                  
1       871  85.058594
0       153  14.941406



      count    pct
NET1              
1      1024  100.0



     count    pct
PAK              
0     1024  100.0



      count    pct
PIP2              
0      1024  100.0



       count        pct
PKD                    
11110    526  51.367188
01101    167  16.308594
0        153  14.941406
01111    128  12.500000
11010     38   3.710938
1         12   1.171875



            count        pct
Profilin                    
11110         465  45.410156
1             312  30.468750
0111111111    166  16.210938
11111110       81   7.910156



       count        pct
ROCK                   
11101    526  51.367188
11010    167  16.308594
0        153  14.941406
11110    128  12.500000
10101     38   3.710938
1         12   1.171875



          count        pct
ROS                       
01000       526  51.367188
10100       167  16.308594
00100       128  12.500000
10110100     81   7.910156
01111000     72   7.031250
01001        38   3.710938
0            12   1.171875



          count        pct
Rac1                      
10000       526  51.367188
01001       167  16.308594
01000       128  12.500000
01101001     81   7.910156
11110000     72   7.031250
10010        38   3.710938
0            12   1.171875



          count        pct
RhoA                      
11011       526  51.367188
10101       167  16.308594
11101       128  12.500000
10100101     81   7.910156
11000011     72   7.031250
01011        38   3.710938
1            12   1.171875



     count        pct
SSH                  
0      871  85.058594
1      153  14.941406



          count        pct
Thymosin                  
1           471  45.996094
0           386  37.695312
10          167  16.308594



          count        pct
WASP                      
0           471  45.996094
1           305  29.785156
10          167  16.308594
11111110     45   4.394531
01111100     36   3.515625



          count        pct
WAVE                      
01100       526  51.367188
11110       167  16.308594
00110       128  12.500000
11111110     81   7.910156
01111100     72   7.031250
11101        38   3.710938
0            12   1.171875



