          count        pct
ARHGAP22                  
0           679  66.308594
1           345  33.691406



          count    pct
Actin_BR              
0          1024  100.0



          count        pct
Actin_ST                  
1           391  38.183594
0           292  28.515625
11110111    104  10.156250
01           60   5.859375
00001100     57   5.566406
01011111     50   4.882812
11100111     45   4.394531
1110         17   1.660156
00101101      8   0.781250



        count    pct
Arp2_3              
0        1024  100.0



    count        pct
CP                  
1     529  51.660156
0     495  48.339844



       count        pct
Cdc42                  
0        523  51.074219
1        501  48.925781



          count        pct
Cofilin                   
01          219  21.386719
10100000    216  21.093750
1           193  18.847656
0           191  18.652344
11100001    145  14.160156
10110100     60   5.859375



         count        pct
Coronin                  
1          679  66.308594
01         259  25.292969
0           86   8.398438



           count        pct
Cortactin                  
0            538  52.539062
00011110     347  33.886719
10010110     139  13.574219



          count        pct
Dia1                      
0           529  51.660156
01111000    347  33.886719
01011010    139  13.574219
1             9   0.878906



          count        pct
Dia2                      
1           538  52.539062
01111110    347  33.886719
11011110    139  13.574219



          count        pct
Ena_Vasp                  
1           587  57.324219
0           322  31.445312
01          112  10.937500
10            3   0.292969



              count        pct
IRSp53_Cdc42                  
0               523  51.074219
1               501  48.925781



             count        pct
IRSp53_Rac1                  
0              538  52.539062
00011110       347  33.886719
10010110       139  13.574219



      count        pct
LIMK                  
0       679  66.308594
10      259  25.292969
1        86   8.398438



      count    pct
NET1              
1      1024  100.0



     count    pct
PAK              
0     1024  100.0



      count        pct
PIP2                  
0       529  51.660156
1       495  48.339844



     count    pct
PKD              
0     1024  100.0



          count        pct
Profilin                  
1           391  38.183594
0           292  28.515625
11101111    216  21.093750
10           60   5.859375
00011000     49   4.785156
01011010     16   1.562500



      count        pct
ROCK                  
0       679  66.308594
1       345  33.691406



          count        pct
ROS                       
0           538  52.539062
00011110    347  33.886719
10010110    139  13.574219



          count        pct
Rac1                      
0           538  52.539062
00111100    347  33.886719
00101101    139  13.574219



          count        pct
RhoA                      
1           538  52.539062
11110000    347  33.886719
10110100    139  13.574219



     count        pct
SSH                  
1      679  66.308594
10     259  25.292969
0       86   8.398438



          count        pct
Thymosin                  
0           488  47.656250
10          216  21.093750
01          186  18.164062
1           134  13.085938



      count        pct
WASP                  
1       386  37.695312
0       357  34.863281
10      216  21.093750
01       65   6.347656



          count        pct
WAVE                      
0           538  52.539062
00011111    347  33.886719
11011111    139  13.574219



