                   count        pct
Actin_BR Actin_ST                  
0        1           391  38.183594
         0           292  28.515625
         11110111    104  10.156250
         01           60   5.859375
         00001100     57   5.566406
         01011111     50   4.882812
         11100111     45   4.394531
         1110         17   1.660156
         00101101      8   0.781250



                   count        pct
Rac1     RhoA                      
0        1           538  52.539062
00111100 11110000    347  33.886719
00101101 10110100    139  13.574219



