          count        pct
ARHGAP22                  
0           530  51.757812
001111      416  40.625000
001          46   4.492188
100          14   1.367188
             10   0.976562
1             8   0.781250



          count        pct
Actin_BR                  
0          1014  99.023438
             10   0.976562



           count        pct
Actin_ST                   
1            366  35.742188
100111       213  20.800781
10           197  19.238281
101111       110  10.742188
0             43   4.199219
001           31   3.027344
100111111     25   2.441406
011101        19   1.855469
              10   0.976562
110            8   0.781250
000001110      2   0.195312



        count        pct
Arp2_3                  
0        1014  99.023438
           10   0.976562



    count        pct
CP                  
0    1014  99.023438
       10   0.976562



       count        pct
Cdc42                  
0        540  52.734375
1        474  46.289062
          10   0.976562



           count        pct
Cofilin                    
0            843  82.324219
1             84   8.203125
01            66   6.445312
111100001     16   1.562500
              10   0.976562
000101         5   0.488281



         count        pct
Coronin                  
0          743  72.558594
10         147  14.355469
1          124  12.109375
            10   0.976562



           count        pct
Cortactin                  
0            482  47.070312
000100       416  40.625000
100           73   7.128906
000111100     43   4.199219
              10   0.976562



           count        pct
Dia1                       
0            474  46.289062
011110       416  40.625000
010           73   7.128906
011110000     43   4.199219
              10   0.976562
1              8   0.781250



           count        pct
Dia2                       
1            482  47.070312
011110       416  40.625000
010           73   7.128906
011110000     43   4.199219
              10   0.976562



           count        pct
Ena_Vasp                   
1            606  59.179688
100111       213  20.800781
011111       110  10.742188
100           31   3.027344
000011111     25   2.441406
111010        14   1.367188
              10   0.976562
101            8   0.781250
10             5   0.488281
0              2   0.195312



              count        pct
IRSp53_Cdc42                  
0               540  52.734375
1               474  46.289062
                 10   0.976562



             count        pct
IRSp53_Rac1                  
0              482  47.070312
000100         416  40.625000
100             73   7.128906
000111100       43   4.199219
                10   0.976562



        count        pct
LIMK                    
101111    416  40.625000
1         327  31.933594
01        147  14.355469
0         124  12.109375
           10   0.976562



           count        pct
NET1                       
0            474  46.289062
111101       416  40.625000
101           73   7.128906
111100001     43   4.199219
              10   0.976562
1              8   0.781250



           count        pct
PAK                        
1            474  46.289062
000100       416  40.625000
100           73   7.128906
000111100     43   4.199219
              10   0.976562
0              8   0.781250



      count        pct
PIP2                  
0       508  49.609375
1       506  49.414062
         10   0.976562



        count        pct
PKD                     
0         530  51.757812
001111    416  40.625000
001        46   4.492188
100        14   1.367188
           10   0.976562
1           8   0.781250



           count        pct
Profilin                   
1            366  35.742188
001111       213  20.800781
01           197  19.238281
011111       129  12.597656
0             43   4.199219
011           39   3.808594
001111111     27   2.636719
              10   0.976562



        count        pct
ROCK                    
0         530  51.757812
011110    416  40.625000
010        46   4.492188
001        14   1.367188
           10   0.976562
1           8   0.781250



           count        pct
ROS                        
0            482  47.070312
000100       416  40.625000
100           73   7.128906
000111100     43   4.199219
              10   0.976562



           count        pct
Rac1                       
0            482  47.070312
001000       416  40.625000
001           73   7.128906
001111000     43   4.199219
              10   0.976562



           count        pct
RhoA                       
0            474  46.289062
111100       416  40.625000
100           73   7.128906
111100000     43   4.199219
              10   0.976562
1              8   0.781250



     count        pct
SSH                  
0      743  72.558594
01     147  14.355469
1      124  12.109375
        10   0.976562



          count        pct
Thymosin                  
0           392  38.281250
10          328  32.031250
1           294  28.710938
             10   0.976562



           count        pct
WASP                       
1            359  35.058594
10           328  32.031250
0            294  28.710938
000111110     25   2.441406
              10   0.976562
011            8   0.781250



           count        pct
WAVE                       
0            482  47.070312
000110       416  40.625000
110           73   7.128906
000111110     43   4.199219
              10   0.976562



