                                         count        pct
cycle_Actin_BR_norm cycle_Actin_ST_norm                  
1                   1                      296  28.906250
0                   0                      264  25.781250
                    1                      115  11.230469
1                   1011                    74   7.226562
10                  01                      46   4.492188
1110                01                      34   3.320312
0110                0011                    33   3.222656
10                  0011                    31   3.027344
1000                0                       28   2.734375
011                 110                     28   2.734375
10                  1011                    22   2.148438
1000                1011                    19   1.855469
1110                1                       10   0.976562
001000              100011                   7   0.683594
10                  0                        6   0.585938
011                 100000                   3   0.292969
1110                1011                     3   0.292969
1000                01                       2   0.195312
1                   0                        2   0.195312
                    01                       1   0.097656



