                       count        pct
Actin_BR   Actin_ST                    
0          1             487  47.558594
1          0             207  20.214844
           1             130  12.695312
1011000110 1111111110     50   4.882812
0010       10             39   3.808594
01         01             30   2.929688
11011      1111111110     21   2.050781
1110111100 1111111110     18   1.757812
011        1              11   1.074219
00001      10111           9   0.878906
011        100             8   0.781250
01001      10111           8   0.781250
0          101             4   0.390625
010        011111          1   0.097656
0          11111110        1   0.097656



                   count        pct
Rac1     RhoA                      
0        1           594  58.007812
00001    10111       134  13.085938
1        0           120  11.718750
01001    10101        47   4.589844
10001    10011        44   4.296875
011      101          24   2.343750
10100    11010        21   2.050781
01110    01100        21   2.050781
00110    01110        18   1.757812
11100001 10000111      1   0.097656



