          count    pct
ARHGAP22              
0          2048  100.0



          count        pct
Actin_BR                  
1           984  48.046875
001         477  23.291016
0           422  20.605469
011         165   8.056641



          count        pct
Actin_ST                  
0          1176  57.421875
1           854  41.699219
01           18   0.878906



        count        pct
Arp2_3                  
1         984  48.046875
010       477  23.291016
0         422  20.605469
110       165   8.056641



    count        pct
CP                  
1    1038  50.683594
0    1006  49.121094
01      4   0.195312



       count        pct
Cdc42                  
1       1025  50.048828
0       1023  49.951172



         count        pct
Cofilin                  
1         1289  62.939453
0          319  15.576172
011        314  15.332031
01         126   6.152344



         count       pct
Coronin                 
1         1648  80.46875
0          272  13.28125
01         128   6.25000



           count        pct
Cortactin                  
1            984  48.046875
100          477  23.291016
0            422  20.605469
101          165   8.056641



      count    pct
Dia1              
0      2048  100.0



      count    pct
Dia2              
0      2048  100.0



          count        pct
Ena_Vasp                  
1          1490  72.753906
011         244  11.914062
0           214  10.449219
10          100   4.882812



              count        pct
IRSp53_Cdc42                  
1              1025  50.048828
0              1023  49.951172



             count        pct
IRSp53_Rac1                  
1              984  48.046875
100            477  23.291016
0              422  20.605469
101            165   8.056641



      count        pct
LIMK                  
0      1997  97.509766
01       30   1.464844
1        21   1.025391



      count        pct
NET1                  
0      1042  50.878906
101     477  23.291016
1       364  17.773438
001     165   8.056641



     count        pct
PAK                  
1     1042  50.878906
100    477  23.291016
0      364  17.773438
101    165   8.056641



      count        pct
PIP2                  
0      1038  50.683594
1      1010  49.316406



     count    pct
PKD              
0     2048  100.0



          count        pct
Profilin                  
1          1435  70.068359
0           355  17.333984
011         244  11.914062
10           14   0.683594



      count    pct
ROCK              
0      2048  100.0



     count        pct
ROS                  
1      984  48.046875
100    477  23.291016
0      422  20.605469
101    165   8.056641



      count        pct
Rac1                  
1       984  48.046875
001     477  23.291016
0       422  20.605469
011     165   8.056641



      count    pct
RhoA              
0      2048  100.0



     count       pct
SSH                 
1     1648  80.46875
0      272  13.28125
10     128   6.25000



          count        pct
Thymosin                  
0          1656  80.859375
1           196   9.570312
01          196   9.570312



      count        pct
WASP                  
1      1401  68.408203
0       251  12.255859
110     244  11.914062
01      152   7.421875



      count        pct
WAVE                  
1      1149  56.103516
110     477  23.291016
0       422  20.605469



