                   count        pct
Actin_BR Actin_ST                  
1        0           495  24.169922
         1           485  23.681641
0        0           353  17.236328
001      0           244  11.914062
         1           233  11.376953
011      0            84   4.101562
         1            81   3.955078
0        1            55   2.685547
         01           14   0.683594
1        01            4   0.195312



           count        pct
Rac1 RhoA                  
1    0       984  48.046875
001  0       477  23.291016
0    0       422  20.605469
011  0       165   8.056641



