          count        pct
ARHGAP22                  
1           675  65.917969
11101       131  12.792969
0           130  12.695312
11010        81   7.910156
010           7   0.683594



          count        pct
Actin_BR                  
0           706  68.945312
00100       131  12.792969
01010        81   7.910156
110          72   7.031250
100          21   2.050781
1            13   1.269531



           count        pct
Actin_ST                   
1            675  65.917969
01111        212  20.703125
100           61   5.957031
110           51   4.980469
0             13   1.269531
01111110       6   0.585938
000001111      6   0.585938



        count        pct
Arp2_3                  
0         706  68.945312
01000     131  12.792969
10100      81   7.910156
101        72   7.031250
001        21   2.050781
1          13   1.269531



     count        pct
CP                   
0      950  92.773438
110     40   3.906250
100     21   2.050781
1       13   1.269531



       count       pct
Cdc42                 
1        520  50.78125
0        504  49.21875



         count        pct
Cofilin                  
0          918  89.648438
1           72   7.031250
110         34   3.320312



         count        pct
Coronin                  
0          887  86.621094
1          130  12.695312
011          7   0.683594



           count        pct
Cortactin                  
0            675  65.917969
10000        131  12.792969
011           88   8.593750
01001         81   7.910156
010           24   2.343750
1             13   1.269531
100001111      6   0.585938
01111000       6   0.585938



           count        pct
Dia1                       
1            675  65.917969
11011        131  12.792969
10101         81   7.910156
010           77   7.519531
0             25   2.441406
101           23   2.246094
11100001       6   0.585938
000111110      6   0.585938



           count        pct
Dia2                       
1            961  93.847656
101           51   4.980469
000111110      6   0.585938
0              6   0.585938



          count        pct
Ena_Vasp                  
1           961  93.847656
0            56   5.468750
001           7   0.683594



              count       pct
IRSp53_Cdc42                 
1               520  50.78125
0               504  49.21875



             count    pct
IRSp53_Rac1              
0             1024  100.0



      count        pct
LIMK                  
1       887  86.621094
0       130  12.695312
100       7   0.683594



           count        pct
NET1                       
0            526  51.367188
1            441  43.066406
010           51   4.980469
001111000      6   0.585938



           count        pct
PAK                        
1            526  51.367188
0            441  43.066406
011           51   4.980469
100001111      6   0.585938



      count        pct
PIP2                  
1       538  52.539062
0       486  47.460938



       count        pct
PKD                    
1        675  65.917969
11101    131  12.792969
0        130  12.695312
11010     81   7.910156
010        7   0.683594



           count        pct
Profilin                   
1            739  72.167969
11110        212  20.703125
011           61   5.957031
11111100       6   0.585938
110011111      6   0.585938



       count        pct
ROCK                   
1        675  65.917969
11011    131  12.792969
0        130  12.695312
10101     81   7.910156
100        7   0.683594



           count        pct
ROS                        
0            675  65.917969
10000        131  12.792969
011           95   9.277344
01001         81   7.910156
100           17   1.660156
1             13   1.269531
100001111      6   0.585938
01111000       6   0.585938



           count        pct
Rac1                       
0            675  65.917969
00001        131  12.792969
110           95   9.277344
10010         81   7.910156
001           17   1.660156
1             13   1.269531
11110000       6   0.585938
000011111      6   0.585938



           count        pct
RhoA                       
1            675  65.917969
10111        131  12.792969
01011         81   7.910156
011           68   6.640625
010           44   4.296875
0             13   1.269531
11000011       6   0.585938
001111100      6   0.585938



     count        pct
SSH                  
0      887  86.621094
1      130  12.695312
110      7   0.683594



          count        pct
Thymosin                  
1           918  89.648438
0            72   7.031250
100          34   3.320312



      count    pct
WASP              
0      1024  100.0



           count        pct
WAVE                       
0            675  65.917969
10000        131  12.792969
011           95   9.277344
01001         81   7.910156
100           17   1.660156
1             13   1.269531
100001111      6   0.585938
01111000       6   0.585938



