                    count        pct
Actin_BR Actin_ST                   
0        1            675  65.917969
00100    01111        131  12.792969
01010    01111         81   7.910156
110      100           40   3.906250
         110           32   3.125000
100      100           21   2.050781
0        110           19   1.855469
1        0             13   1.269531
0        01111110       6   0.585938
         000001111      6   0.585938



                     count        pct
Rac1      RhoA                       
0         1            675  65.917969
00001     10111        131  12.792969
10010     01011         81   7.910156
110       011           51   4.980469
          010           44   4.296875
001       011           17   1.660156
1         0             13   1.269531
11110000  11000011       6   0.585938
000011111 001111100      6   0.585938



