          count        pct
Actin_BR                  
1           505  49.316406
100         200  19.531250
0           149  14.550781
101         127  12.402344
010          43   4.199219



          count    pct
Actin_ST              
0          1024  100.0



        count        pct
Arp2_3                  
1         505  49.316406
001       200  19.531250
0         149  14.550781
011       127  12.402344
100        43   4.199219



        count        pct
CP                      
1         503  49.121094
0         471  45.996094
000010     43   4.199219
010         4   0.390625
10          3   0.292969



       count        pct
Cdc42                  
0        533  52.050781
1        491  47.949219



         count        pct
Cofilin                  
1          489  47.753906
101        185  18.066406
0          157  15.332031
01          78   7.617188
001         72   7.031250
010000      43   4.199219



         count        pct
Coronin                  
1          642  62.695312
001        191  18.652344
0          144  14.062500
100         43   4.199219
10           4   0.390625



           count        pct
Cortactin                  
1            505  49.316406
010          200  19.531250
0            149  14.550781
110          127  12.402344
001           43   4.199219



        count        pct
Dia1                    
0         848  82.812500
100        72   7.031250
1          61   5.957031
001000     43   4.199219



      count        pct
Dia2                  
1       639  62.402344
010     200  19.531250
110     127  12.402344
001      43   4.199219
0        15   1.464844



          count        pct
Ena_Vasp                  
1           848  82.812500
101         124  12.109375
111010       43   4.199219
010           4   0.390625
10            3   0.292969
0             2   0.195312



              count        pct
IRSp53_Cdc42                  
0               533  52.050781
1               491  47.949219



             count        pct
IRSp53_Rac1                  
1              505  49.316406
010            200  19.531250
0              149  14.550781
110            127  12.402344
001             43   4.199219



      count        pct
LIMK                  
0       642  62.695312
100     191  18.652344
1       144  14.062500
010      43   4.199219
01        4   0.390625



     count        pct
PAK                  
1      520  50.781250
010    200  19.531250
0      134  13.085938
110    127  12.402344
001     43   4.199219



      count        pct
PIP2                  
1       523  51.074219
0       501  48.925781



     count        pct
PKD                  
0      656  64.062500
001    191  18.652344
1      134  13.085938
100     43   4.199219



          count    pct
Profilin              
0          1024  100.0



      count        pct
ROCK                  
0       656  64.062500
010     191  18.652344
1       134  13.085938
001      43   4.199219



      count        pct
Rac1                  
1       505  49.316406
100     200  19.531250
0       149  14.550781
101     127  12.402344
010      43   4.199219



      count        pct
RhoA                  
0       647  63.183594
100     200  19.531250
1       134  13.085938
010      43   4.199219



     count        pct
SSH                  
1      642  62.695312
010    191  18.652344
0      144  14.062500
001     43   4.199219
01       4   0.390625



          count        pct
Thymosin                  
0           766  74.804688
01          151  14.746094
1           107  10.449219



      count        pct
WASP                  
1       642  62.695312
01      151  14.746094
011     124  12.109375
0       107  10.449219



      count        pct
WAVE                  
1       632  61.718750
011     200  19.531250
0       149  14.550781
101      43   4.199219



