                   count        pct
Actin_BR Actin_ST                  
1        0           513  50.097656
010      0           240  23.437500
0        0           104  10.156250
101      0            87   8.496094
010000   0            80   7.812500



               count        pct
Rac1   RhoA                    
1      0         513  50.097656
010    001       240  23.437500
0      1         101   9.863281
101    0          87   8.496094
000010 001111     80   7.812500
0      0           3   0.292969



