          count    pct
ARHGAP22              
0          1024  100.0



          count        pct
Actin_BR                  
100         615  60.058594
110         227  22.167969
0           154  15.039062
1            28   2.734375



          count        pct
Actin_ST                  
0           487  47.558594
001         391  38.183594
110         137  13.378906
1             9   0.878906



        count        pct
Arp2_3                  
001       615  60.058594
101       227  22.167969
0         154  15.039062
1          28   2.734375



     count        pct
CP                   
1      512  50.000000
0      259  25.292969
001    196  19.140625
101     57   5.566406



       count   pct
Cdc42             
1        512  50.0
0        512  50.0



         count        pct
Cofilin                  
1          391  38.183594
001        334  32.617188
110        145  14.160156
0          105  10.253906
01          49   4.785156



         count        pct
Coronin                  
1          886  86.523438
0           75   7.324219
01          63   6.152344



           count        pct
Cortactin                  
010          615  60.058594
011          227  22.167969
0            154  15.039062
1             28   2.734375



      count        pct
Dia1                  
0       828  80.859375
010     196  19.140625



      count        pct
Dia2                  
011     563  54.980469
010     279  27.246094
1       109  10.644531
0        73   7.128906



          count   pct
Ena_Vasp             
1           512  50.0
0           512  50.0



              count   pct
IRSp53_Cdc42             
1               512  50.0
0               512  50.0



             count        pct
IRSp53_Rac1                  
010            615  60.058594
011            227  22.167969
0              154  15.039062
1               28   2.734375



      count        pct
LIMK                  
0       955  93.261719
1        41   4.003906
10       28   2.734375



      count        pct
NET1                  
0       517  50.488281
110     336  32.812500
100      90   8.789062
1        81   7.910156



     count        pct
PAK                  
1      517  50.488281
010    336  32.812500
110     90   8.789062
0       81   7.910156



      count        pct
PIP2                  
1       513  50.097656
0       511  49.902344



     count    pct
PKD              
0     1024  100.0



          count        pct
Profilin                  
101         622  60.742188
0           169  16.503906
010         138  13.476562
1            95   9.277344



      count    pct
ROCK              
0      1024  100.0



     count        pct
ROS                  
010    615  60.058594
011    227  22.167969
0      154  15.039062
1       28   2.734375



      count        pct
Rac1                  
100     615  60.058594
110     227  22.167969
0       154  15.039062
1        28   2.734375



      count        pct
RhoA                  
0       607  59.277344
010     336  32.812500
1        81   7.910156



     count        pct
SSH                  
1      886  86.523438
0       75   7.324219
10      63   6.152344



          count        pct
Thymosin                  
0           391  38.183594
011         334  32.617188
100         145  14.160156
1           105  10.253906
01           49   4.785156



      count    pct
WASP              
0      1024  100.0



      count        pct
WAVE                  
011     615  60.058594
1       255  24.902344
0       154  15.039062



