                   count        pct
Actin_BR Actin_ST                  
100      001         334  32.617188
         0           281  27.441406
0        0           154  15.039062
110      110         137  13.378906
         001          57   5.566406
         0            33   3.222656
1        0            19   1.855469
         1             9   0.878906



           count        pct
Rac1 RhoA                  
100  010     336  32.812500
     0       279  27.246094
110  0       227  22.167969
0    1        81   7.910156
     0        73   7.128906
1    0        28   2.734375



