                                         count        pct
cycle_Actin_BR_norm cycle_Actin_ST_norm                  
1                   1                      352  34.375000
0                   0                      243  23.730469
01                  0                      121  11.816406
110                 1                       37   3.613281
0110                1100                    36   3.515625
1110                1                       31   3.027344
01                  0100                    31   3.027344
1110                1110                    30   2.929688
                    1100                    28   2.734375
0110                1110                    28   2.734375
01                  01                      27   2.636719
0110                0100                    18   1.757812
                    0                       17   1.660156
0001                1100                    10   0.976562
                    0                       10   0.976562
                    0100                     4   0.390625
1110                0                        1   0.097656



