          count        pct
ARHGAP22                  
1          1882  91.894531
0           166   8.105469



          count        pct
Actin_BR                  
0          1322  64.550781
1           507  24.755859
01          157   7.666016
100          40   1.953125
110          22   1.074219



          count        pct
Actin_ST                  
1          1203  58.740234
0           673  32.861328
01          157   7.666016
110          15   0.732422



        count        pct
Arp2_3                  
0        1322  64.550781
1         507  24.755859
10        157   7.666016
001        40   1.953125
101        22   1.074219



    count        pct
CP                  
1    1063  51.904297
0     985  48.095703



       count        pct
Cdc42                  
0       1051  51.318359
1        997  48.681641



         count        pct
Cofilin                  
0         1475  72.021484
1          416  20.312500
01         157   7.666016



         count        pct
Coronin                  
0         1882  91.894531
1          166   8.105469



           count        pct
Cortactin                  
0           1899  92.724609
1             87   4.248047
010           40   1.953125
011           22   1.074219



      count        pct
Dia1                  
0      1063  51.904297
1       985  48.095703



      count    pct
Dia2              
1      2048  100.0



          count        pct
Ena_Vasp                  
1          2003  97.802734
0            22   1.074219
101          15   0.732422
01            8   0.390625



              count        pct
IRSp53_Cdc42                  
0              1051  51.318359
1               997  48.681641



             count        pct
IRSp53_Rac1                  
0             1899  92.724609
1               87   4.248047
010             40   1.953125
011             22   1.074219



      count        pct
LIMK                  
1      1882  91.894531
0       166   8.105469



      count        pct
NET1                  
0      1040  50.781250
1       985  48.095703
110      15   0.732422
010       8   0.390625



     count        pct
PAK                  
1     1040  50.781250
0      985  48.095703
010     15   0.732422
011      8   0.390625



      count        pct
PIP2                  
0      1063  51.904297
1       985  48.095703



     count        pct
PKD                  
1     1882  91.894531
0      166   8.105469



          count        pct
Profilin                  
1          1203  58.740234
0           673  32.861328
10          157   7.666016
101          15   0.732422



      count        pct
ROCK                  
1      1882  91.894531
0       166   8.105469



     count    pct
ROS              
0     2048  100.0



      count        pct
Rac1                  
0      1899  92.724609
1        87   4.248047
100      40   1.953125
110      22   1.074219



      count    pct
RhoA              
1      2048  100.0



     count        pct
SSH                  
0     1882  91.894531
1      166   8.105469



          count        pct
Thymosin                  
0           769  37.548828
1           658  32.128906
01          621  30.322266



      count        pct
WASP                  
1       739  36.083984
0       673  32.861328
01      621  30.322266
011      15   0.732422



      count    pct
WAVE              
0      2048  100.0



