          count        pct
ARHGAP22                  
0           624  60.937500
011111      139  13.574219
011          57   5.566406
101110       48   4.687500
010          46   4.492188
101100       44   4.296875
110          39   3.808594
1            14   1.367188
0001          7   0.683594
01            6   0.585938



          count        pct
Actin_BR                  
1           507  49.511719
011         145  14.160156
000010      139  13.574219
010          57   5.566406
000101       48   4.687500
001101       44   4.296875
100          39   3.808594
0            32   3.125000
1000          7   0.683594
10            6   0.585938



          count        pct
Actin_ST                  
0           523  51.074219
010         145  14.160156
101110      139  13.574219
110          57   5.566406
000101       48   4.687500
001          44   4.296875
101          39   3.808594
1            14   1.367188
01            8   0.781250
1011          7   0.683594



        count        pct
Arp2_3                  
1         507  49.511719
110       145  14.160156
000100    139  13.574219
100        57   5.566406
001010     48   4.687500
011010     44   4.296875
001        39   3.808594
0          32   3.125000
0001        7   0.683594
01          6   0.585938



        count        pct
CP                      
1         507  49.511719
011       145  14.160156
000010    139  13.574219
010        57   5.566406
000101     48   4.687500
001101     44   4.296875
100        39   3.808594
0          32   3.125000
1000        7   0.683594
10          6   0.585938



       count        pct
Cdc42                  
0        518  50.585938
1        506  49.414062



         count        pct
Cofilin                  
1          652  63.671875
0          204  19.921875
000101      49   4.785156
100000      39   3.808594
010         39   3.808594
001101      26   2.539062
01           8   0.781250
10           7   0.683594



         count        pct
Coronin                  
1          606  59.179688
0          313  30.566406
011         46   4.492188
010100      44   4.296875
01           8   0.781250
1011         7   0.683594



           count        pct
Cortactin                  
1            507  49.511719
001000       139  13.574219
001          103  10.058594
101           99   9.667969
010100        48   4.687500
110100        44   4.296875
010           39   3.808594
0             32   3.125000
0010           7   0.683594
10             6   0.585938



        count        pct
Dia1                    
0         525  51.269531
010       145  14.160156
111110    139  13.574219
110        57   5.566406
011101     48   4.687500
011001     44   4.296875
101        39   3.808594
1          14   1.367188
10         13   1.269531



        count        pct
Dia2                    
1         520  50.781250
010       145  14.160156
111110    139  13.574219
110        57   5.566406
011101     48   4.687500
011001     44   4.296875
101        39   3.808594
0          19   1.855469
10         13   1.269531



          count        pct
Ena_Vasp                  
1           681  66.503906
101111      235  22.949219
101          64   6.250000
100111       18   1.757812
101011       17   1.660156
1101          7   0.683594
10            2   0.195312



              count        pct
IRSp53_Cdc42                  
0               518  50.585938
1               506  49.414062



             count        pct
IRSp53_Rac1                  
1              507  49.511719
101            145  14.160156
001000         139  13.574219
001             57   5.566406
010100          48   4.687500
110100          44   4.296875
010             39   3.808594
0               32   3.125000
10              13   1.269531



      count        pct
LIMK                  
0       606  59.179688
1       313  30.566406
10       52   5.078125
100      46   4.492188
0100      7   0.683594



        count        pct
NET1                    
0         525  51.269531
001       145  14.160156
111011    139  13.574219
011        57   5.566406
110101     48   4.687500
100101     44   4.296875
110        39   3.808594
1          14   1.367188
10         13   1.269531



        count        pct
PAK                     
1         525  51.269531
101       145  14.160156
001000    139  13.574219
001        57   5.566406
010100     48   4.687500
110100     44   4.296875
010        39   3.808594
0          14   1.367188
10         13   1.269531



      count    pct
PIP2              
0      1024  100.0



        count        pct
PKD                     
0         624  60.937500
011111    139  13.574219
011        57   5.566406
101110     48   4.687500
010        46   4.492188
101100     44   4.296875
110        39   3.808594
1          14   1.367188
0001        7   0.683594
01          6   0.585938



          count        pct
Profilin                  
1           819  79.980469
011111      187  18.261719
0            14   1.367188
10            4   0.390625



        count        pct
ROCK                    
0         624  60.937500
111110    139  13.574219
110        57   5.566406
011101     48   4.687500
100        46   4.492188
011001     44   4.296875
101        39   3.808594
1          14   1.367188
0010        7   0.683594
10          6   0.585938



     count    pct
ROS              
0     1024  100.0



        count        pct
Rac1                    
1         507  49.511719
011       145  14.160156
010000    139  13.574219
010        57   5.566406
101000     48   4.687500
101001     44   4.296875
100        39   3.808594
0          32   3.125000
01         13   1.269531



        count        pct
RhoA                    
0         525  51.269531
100       145  14.160156
111101    139  13.574219
101        57   5.566406
111010     48   4.687500
110010     44   4.296875
011        39   3.808594
1          14   1.367188
01         13   1.269531



        count        pct
SSH                     
1         606  59.179688
0         313  30.566406
110        46   4.492188
101000     44   4.296875
10          8   0.781250
0111        7   0.683594



          count        pct
Thymosin                  
0           719  70.214844
1           203  19.824219
10           95   9.277344
01            7   0.683594



        count        pct
WASP                    
1         608  59.375000
0         203  19.824219
010100     88   8.593750
101        85   8.300781
111110     26   2.539062
10          7   0.683594
01          7   0.683594



        count        pct
WAVE                    
1         665  64.941406
001100    139  13.574219
101        57   5.566406
011110     48   4.687500
111110     44   4.296875
011        39   3.808594
0          32   3.125000



