          count    pct
ARHGAP22              
0          1024  100.0



          count        pct
Actin_BR                  
1           574  56.054688
001         231  22.558594
101         154  15.039062
0            65   6.347656



          count        pct
Actin_ST                  
1           780  76.171875
001         110  10.742188
011          69   6.738281
0            65   6.347656



        count        pct
Arp2_3                  
1         574  56.054688
010       231  22.558594
011       154  15.039062
0          65   6.347656



    count        pct
CP                  
1     517  50.488281
0     507  49.511719



       count        pct
Cdc42                  
0        527  51.464844
1        497  48.535156



         count        pct
Cofilin                  
1          753  73.535156
101        206  20.117188
0           45   4.394531
01          20   1.953125



         count        pct
Coronin                  
1          959  93.652344
0           45   4.394531
01          20   1.953125



           count        pct
Cortactin                  
1            574  56.054688
100          231  22.558594
110          154  15.039062
0             65   6.347656



      count        pct
Dia1                  
0       903  88.183594
010     121  11.816406



      count        pct
Dia2                  
1       639  62.402344
110     385  37.597656



          count        pct
Ena_Vasp                  
1           849  82.910156
011         110  10.742188
0            65   6.347656



              count        pct
IRSp53_Cdc42                  
0               527  51.464844
1               497  48.535156



             count        pct
IRSp53_Rac1                  
1              574  56.054688
100            231  22.558594
110            154  15.039062
0               65   6.347656



      count    pct
LIMK              
0      1024  100.0



      count        pct
NET1                  
0       574  56.054688
101     231  22.558594
100     154  15.039062
1        65   6.347656



     count        pct
PAK                  
1      574  56.054688
100    231  22.558594
110    154  15.039062
0       65   6.347656



      count        pct
PIP2                  
0       517  50.488281
1       507  49.511719



     count    pct
PKD              
0     1024  100.0



          count        pct
Profilin                  
1           849  82.910156
011         110  10.742188
0            65   6.347656



      count    pct
ROCK              
0      1024  100.0



     count        pct
ROS                  
1      574  56.054688
100    231  22.558594
110    154  15.039062
0       65   6.347656



      count        pct
Rac1                  
1       574  56.054688
001     231  22.558594
101     154  15.039062
0        65   6.347656



      count        pct
RhoA                  
0       728  71.093750
100     231  22.558594
1        65   6.347656



     count        pct
SSH                  
1      959  93.652344
0       45   4.394531
10      20   1.953125



          count    pct
Thymosin              
0          1024  100.0



      count        pct
WASP                  
1       849  82.910156
110     110  10.742188
0        65   6.347656



      count        pct
WAVE                  
1       728  71.093750
110     231  22.558594
0        65   6.347656



