          count        pct
ARHGAP22                  
0           528  51.562500
011110      410  40.039062
010          56   5.468750
100          11   1.074219
1            11   1.074219
              8   0.781250



          count       pct
Actin_BR                 
0          1016  99.21875
              8   0.78125



           count        pct
Actin_ST                   
1            334  32.617188
10           226  22.070312
001111       224  21.875000
011111       117  11.425781
0             39   3.808594
100           34   3.320312
100111111     25   2.441406
101110        13   1.269531
               8   0.781250
110            3   0.292969
000000111      1   0.097656



        count       pct
Arp2_3                 
0        1016  99.21875
            8   0.78125



    count       pct
CP                 
0    1016  99.21875
        8   0.78125



       count       pct
Cdc42                 
0        536  52.34375
1        480  46.87500
           8   0.78125



           count        pct
Cofilin                    
0            869  84.863281
1             65   6.347656
10            64   6.250000
111100001     13   1.269531
               8   0.781250
101            3   0.292969
101000         2   0.195312



         count        pct
Coronin                  
0          771  75.292969
10         142  13.867188
1          103  10.058594
             8   0.781250



           count        pct
Cortactin                  
0            491  47.949219
001000       410  40.039062
001           63   6.152344
000111100     39   3.808594
010           13   1.269531
               8   0.781250



           count        pct
Dia1                       
0            480  46.875000
111100       410  40.039062
100           63   6.152344
011110000     39   3.808594
001           13   1.269531
1             11   1.074219
               8   0.781250



           count        pct
Dia2                       
1            491  47.949219
111100       410  40.039062
100           63   6.152344
011110000     39   3.808594
001           13   1.269531
               8   0.781250



           count        pct
Ena_Vasp                   
1            599  58.496094
001111       224  21.875000
101111       117  11.425781
010           33   3.222656
000011111     25   2.441406
010111        11   1.074219
               8   0.781250
101            3   0.292969
01             2   0.195312
0              2   0.195312



              count       pct
IRSp53_Cdc42                 
0               536  52.34375
1               480  46.87500
                  8   0.78125



             count       pct
IRSp53_Rac1                 
0             1016  99.21875
                 8   0.78125



        count        pct
LIMK                    
011111    410  40.039062
1         361  35.253906
01        142  13.867188
0         103  10.058594
            8   0.781250



           count        pct
NET1                       
0            480  46.875000
111011       410  40.039062
011           63   6.152344
111100001     39   3.808594
110           13   1.269531
1             11   1.074219
               8   0.781250



           count        pct
PAK                        
1            480  46.875000
001000       410  40.039062
001           63   6.152344
000111100     39   3.808594
010           13   1.269531
0             11   1.074219
               8   0.781250



      count       pct
PIP2                 
1       512  50.00000
0       504  49.21875
          8   0.78125



        count        pct
PKD                     
0         528  51.562500
011110    410  40.039062
010        56   5.468750
100        11   1.074219
1          11   1.074219
            8   0.781250



           count        pct
Profilin                   
1            334  32.617188
01           226  22.070312
011110       224  21.875000
111110       130  12.695312
0             39   3.808594
101           37   3.613281
001111111     25   2.441406
               8   0.781250
110001111      1   0.097656



        count        pct
ROCK                    
0         528  51.562500
111100    410  40.039062
100        56   5.468750
1          11   1.074219
001        11   1.074219
            8   0.781250



           count        pct
ROS                        
0            491  47.949219
001000       410  40.039062
001           63   6.152344
000111100     39   3.808594
010           13   1.269531
               8   0.781250



           count        pct
Rac1                       
0            491  47.949219
010000       410  40.039062
010           63   6.152344
001111000     39   3.808594
100           13   1.269531
               8   0.781250



           count        pct
RhoA                       
0            480  46.875000
111001       410  40.039062
001           63   6.152344
111100000     39   3.808594
010           13   1.269531
1             11   1.074219
               8   0.781250



     count        pct
SSH                  
0      771  75.292969
01     142  13.867188
1      103  10.058594
         8   0.781250



          count        pct
Thymosin                  
0           352  34.375000
1           305  29.785156
10          229  22.363281
01          130  12.695312
              8   0.781250



           count        pct
WASP                       
1            324  31.640625
0            305  29.785156
10           229  22.363281
01           130  12.695312
000111110     25   2.441406
               8   0.781250
011            3   0.292969



           count        pct
WAVE                       
0            491  47.949219
001000       410  40.039062
001           63   6.152344
000111100     39   3.808594
010           13   1.269531
               8   0.781250



