          count        pct
ARHGAP22                  
0           688  67.187500
010         168  16.406250
011110      166  16.210938
1             2   0.195312



          count        pct
Actin_BR                  
1           531  51.855469
000010      166  16.210938
010         122  11.914062
001         113  11.035156
011          79   7.714844
0            13   1.269531



          count    pct
Actin_ST              
0          1024  100.0



        count        pct
Arp2_3                  
1         531  51.855469
000100    166  16.210938
100       122  11.914062
010       113  11.035156
110        79   7.714844
0          13   1.269531



    count    pct
CP              
0    1024  100.0



       count        pct
Cdc42                  
1        531  51.855469
0        493  48.144531



         count        pct
Cofilin                  
1          514  50.195312
0          276  26.953125
01          82   8.007812
101         76   7.421875
010000      73   7.128906
100          3   0.292969



         count        pct
Coronin                  
1          677  66.113281
0          345  33.691406
01           2   0.195312



           count        pct
Cortactin                  
1            531  51.855469
001000       166  16.210938
001          122  11.914062
100          113  11.035156
101           79   7.714844
0             13   1.269531



        count        pct
Dia1                    
0         621  60.644531
111100    166  16.210938
100       122  11.914062
010       113  11.035156
1           2   0.195312



        count        pct
Dia2                    
1         533  52.050781
111100    166  16.210938
100       122  11.914062
010       113  11.035156
0          90   8.789062



          count        pct
Ena_Vasp                  
1           728  71.093750
101011      122  11.914062
001111      100   9.765625
110111       32   3.125000
110          26   2.539062
001          12   1.171875
0             3   0.292969
10            1   0.097656



              count        pct
IRSp53_Cdc42                  
1               531  51.855469
0               493  48.144531



             count        pct
IRSp53_Rac1                  
1              531  51.855469
001000         166  16.210938
001            122  11.914062
100            113  11.035156
101             79   7.714844
0               13   1.269531



        count        pct
LIMK                    
0         677  66.113281
1         179  17.480469
011111    166  16.210938
10          2   0.195312



        count        pct
NET1                    
0         542  52.929688
111011    166  16.210938
011       122  11.914062
101       113  11.035156
001        79   7.714844
1           2   0.195312



        count        pct
PAK                     
1         542  52.929688
001000    166  16.210938
001       122  11.914062
100       113  11.035156
101        79   7.714844
0           2   0.195312



      count        pct
PIP2                  
1       515  50.292969
0       509  49.707031



        count        pct
PKD                     
0         688  67.187500
010       168  16.406250
011110    166  16.210938
1           2   0.195312



          count    pct
Profilin              
0          1024  100.0



        count        pct
ROCK                    
0         688  67.187500
100       168  16.406250
111100    166  16.210938
1           2   0.195312



        count        pct
ROS                     
1         531  51.855469
001000    166  16.210938
001       122  11.914062
100       113  11.035156
101        79   7.714844
0          13   1.269531



        count        pct
Rac1                    
1         531  51.855469
010000    166  16.210938
010       122  11.914062
001       113  11.035156
011        79   7.714844
0          13   1.269531



        count        pct
RhoA                    
0         621  60.644531
111001    166  16.210938
001       122  11.914062
100       113  11.035156
1           2   0.195312



     count        pct
SSH                  
1      677  66.113281
0      345  33.691406
10       2   0.195312



          count        pct
Thymosin                  
0           659  64.355469
01          238  23.242188
1           127  12.402344



        count        pct
WASP                    
1         630  61.523438
0         127  12.402344
01         84   8.203125
10         81   7.910156
000101     73   7.128906
101        29   2.832031



        count        pct
WAVE                    
1         610  59.570312
001100    166  16.210938
101       122  11.914062
110       113  11.035156
0          13   1.269531



