                     count        pct
cycle_Actin_BR_norm                  
0                      537  52.441406
0001                   423  41.308594
011                     28   2.734375
1                       24   2.343750
10                       9   0.878906
1101                     3   0.292969



                     count    pct
cycle_Actin_ST_norm              
0                     1024  100.0



                   count        pct
cycle_Arp2_3_norm                  
0                    537  52.441406
0010                 423  41.308594
110                   28   2.734375
1                     24   2.343750
01                     9   0.878906
1011                   3   0.292969



               count        pct
cycle_CP_norm                  
0                525  51.269531
1                499  48.730469



                  count        pct
cycle_Cdc42_norm                  
1                   521  50.878906
0                   503  49.121094



                    count        pct
cycle_Cofilin_norm                  
0                     966  94.335938
1                      55   5.371094
01                      3   0.292969



                    count        pct
cycle_Coronin_norm                  
0                     678  66.210938
0010                  243  23.730469
1                      95   9.277344
0111                    6   0.585938
10                      2   0.195312



                      count        pct
cycle_Cortactin_norm                  
0                       492  48.046875
0110                    243  23.730469
1000                    177  17.285156
101                      28   2.734375
00111                    25   2.441406
1                        24   2.343750
111001                   18   1.757812
10                       11   1.074219
0111                      6   0.585938



                 count        pct
cycle_Dia1_norm                  
0                  499  48.730469
1                  264  25.781250
1100               133  12.988281
1011                74   7.226562
01100               25   2.441406
100011              18   1.757812
10                  11   1.074219



                 count        pct
cycle_Dia2_norm                  
1                  516  50.390625
1110               426  41.601562
101                 28   2.734375
01111               25   2.441406
111011              18   1.757812
10                  11   1.074219



                     count        pct
cycle_Ena_Vasp_norm                  
1                     1000  97.656250
111100                  18   1.757812
1011                     6   0.585938



                   count        pct
cycle_IRSp53_norm                  
1                    545  53.222656
0                    455  44.433594
111001                18   1.757812
0111                   6   0.585938



                 count        pct
cycle_LIMK_norm                  
1                  678  66.210938
1101               243  23.730469
0                   95   9.277344
1000                 6   0.585938
01                   2   0.195312



                count        pct
cycle_PAK_norm                  
1                1000  97.656250
111001             18   1.757812
0111                6   0.585938



                 count        pct
cycle_PIP2_norm                  
1                  525  51.269531
0                  499  48.730469



                count        pct
cycle_PKD_norm                  
1                 492  48.046875
0110              243  23.730469
1101              177  17.285156
0                  95   9.277344
01                 11   1.074219
0010                6   0.585938



                     count    pct
cycle_Profilin_norm              
0                     1024  100.0



                 count        pct
cycle_ROCK_norm                  
1                  492  48.046875
1100               243  23.730469
1011               177  17.285156
0                   95   9.277344
10                  11   1.074219
0100                 6   0.585938



                  count        pct
cycle_ROCK__norm                  
1                   492  48.046875
0110                243  23.730469
1101                177  17.285156
0                    95   9.277344
01                   11   1.074219
0010                  6   0.585938



                 count        pct
cycle_Rac1_norm                  
0                  492  48.046875
1100               243  23.730469
0001               177  17.285156
011                 28   2.734375
01110               25   2.441406
1                   24   2.343750
110011              18   1.757812
01                  11   1.074219
1110                 6   0.585938



                 count        pct
cycle_RhoA_norm                  
1                  492  48.046875
1001               249  24.316406
0111               177  17.285156
010                 28   2.734375
11000               25   2.441406
0                   24   2.343750
000111              18   1.757812
01                  11   1.074219



                count        pct
cycle_SSH_norm                  
0                 678  66.210938
0100              243  23.730469
1                  95   9.277344
1110                6   0.585938
01                  2   0.195312



                     count        pct
cycle_Thymosin_norm                  
1                      966  94.335938
0                       55   5.371094
01                       3   0.292969



                 count    pct
cycle_WASP_norm              
0                 1024  100.0



                 count    pct
cycle_WAVE_norm              
0                 1024  100.0



