          count        pct
ARHGAP22                  
1          1886  92.089844
0           162   7.910156



          count        pct
Actin_BR                  
0          1017  49.658203
1           610  29.785156
01          190   9.277344
0001        169   8.251953
110          44   2.148438
010          18   0.878906



          count        pct
Actin_ST                  
0          1025  50.048828
1           620  30.273438
01          205  10.009766
1101        169   8.251953
110          29   1.416016



        count        pct
Arp2_3                  
0        1017  49.658203
1         610  29.785156
10        190   9.277344
0010      169   8.251953
101        44   2.148438
100        18   0.878906



      count        pct
CP                    
1      1275  62.255859
0       534  26.074219
0001    169   8.251953
01       41   2.001953
110      29   1.416016



       count        pct
Cdc42                  
1       1039  50.732422
0       1009  49.267578



         count        pct
Cofilin                  
0         1417  69.189453
1          438  21.386719
01         164   8.007812
110         29   1.416016



         count        pct
Coronin                  
0         1886  92.089844
1          162   7.910156



           count        pct
Cortactin                  
0           1892  92.382812
1             94   4.589844
011           44   2.148438
001           18   0.878906



      count        pct
Dia1                  
0      1275  62.255859
1       534  26.074219
0111    169   8.251953
01       41   2.001953
100      29   1.416016



      count    pct
Dia2              
1      2048  100.0



          count    pct
Ena_Vasp              
0          2048  100.0



              count        pct
IRSp53_Cdc42                  
1              1039  50.732422
0              1009  49.267578



             count        pct
IRSp53_Rac1                  
0             1892  92.382812
1               94   4.589844
011             44   2.148438
001             18   0.878906



      count        pct
LIMK                  
1      1886  92.089844
0       162   7.910156



      count        pct
NET1                  
0      1058  51.660156
1       928  45.312500
010      44   2.148438
011      18   0.878906



     count        pct
PAK                  
1     1058  51.660156
0      928  45.312500
011     44   2.148438
001     18   0.878906



      count        pct
PIP2                  
1      1028  50.195312
0      1020  49.804688



     count        pct
PKD                  
1     1886  92.089844
0      162   7.910156



          count        pct
Profilin                  
1          1080  52.734375
0           591  28.857422
10          190   9.277344
1011        169   8.251953
110          18   0.878906



      count        pct
ROCK                  
1      1886  92.089844
0       162   7.910156



     count    pct
ROS              
0     2048  100.0



      count        pct
Rac1                  
0      1892  92.382812
1        94   4.589844
110      44   2.148438
010      18   0.878906



      count    pct
RhoA              
1      2048  100.0



     count        pct
SSH                  
0     1886  92.089844
1      162   7.910156



          count        pct
Thymosin                  
0           847  41.357422
01          614  29.980469
1           587  28.662109



      count        pct
WASP                  
1       825  40.283203
01      614  29.980469
0       591  28.857422
101      18   0.878906



      count        pct
WAVE                  
0      1892  92.382812
1       138   6.738281
101      18   0.878906



