                   count        pct
Actin_BR Actin_ST                  
0        0           592  28.906250
         1           425  20.751953
1        0           400  19.531250
         1           195   9.521484
01       01          190   9.277344
0001     1101        169   8.251953
110      110          29   1.416016
010      0            18   0.878906
110      0            15   0.732422
1        01           15   0.732422



           count        pct
Rac1 RhoA                  
0    1      1892  92.382812
1    1        94   4.589844
110  1        44   2.148438
010  1        18   0.878906



