          count    pct
ARHGAP22              
0          1024  100.0



          count        pct
Actin_BR                  
1           479  46.777344
0           247  24.121094
100         200  19.531250
011          98   9.570312



          count        pct
Actin_ST                  
0           418  40.820312
1           409  39.941406
001         146  14.257812
10           51   4.980469



        count        pct
Arp2_3                  
1         479  46.777344
0         247  24.121094
001       200  19.531250
110        98   9.570312



     count        pct
CP                   
0      616  60.156250
1      260  25.390625
001     95   9.277344
011     51   4.980469
10       2   0.195312



       count        pct
Cdc42                  
0        519  50.683594
1        505  49.316406



         count        pct
Cofilin                  
1          648  63.281250
110        152  14.843750
0          134  13.085938
10          90   8.789062



         count        pct
Coronin                  
1          825  80.566406
01         117  11.425781
0           82   8.007812



           count        pct
Cortactin                  
1            479  46.777344
0            247  24.121094
010          200  19.531250
101           98   9.570312



      count    pct
Dia1              
0      1024  100.0



      count        pct
Dia2                  
0       519  50.683594
1       505  49.316406



          count        pct
Ena_Vasp                  
1           751  73.339844
0           137  13.378906
011          95   9.277344
01           41   4.003906



              count        pct
IRSp53_Cdc42                  
0               519  50.683594
1               505  49.316406



             count        pct
IRSp53_Rac1                  
1              479  46.777344
0              247  24.121094
010            200  19.531250
101             98   9.570312



      count        pct
LIMK                  
0      1001  97.753906
01       17   1.660156
1         6   0.585938



      count        pct
NET1                  
0       514  50.195312
1       212  20.703125
110     200  19.531250
001      98   9.570312



     count        pct
PAK                  
1      514  50.195312
0      212  20.703125
010    200  19.531250
101     98   9.570312



      count        pct
PIP2                  
0       530  51.757812
1       494  48.242188



     count    pct
PKD              
0     1024  100.0



          count        pct
Profilin                  
1           722  70.507812
0           156  15.234375
011          95   9.277344
01           51   4.980469



      count    pct
ROCK              
0      1024  100.0



     count        pct
ROS                  
1      479  46.777344
0      247  24.121094
010    200  19.531250
101     98   9.570312



      count        pct
Rac1                  
1       479  46.777344
0       247  24.121094
100     200  19.531250
011      98   9.570312



      count    pct
RhoA              
0      1024  100.0



     count        pct
SSH                  
1      825  80.566406
10     117  11.425781
0       82   8.007812



          count        pct
Thymosin                  
0           832  81.250000
10          108  10.546875
1            84   8.203125



      count        pct
WASP                  
1       717  70.019531
0       156  15.234375
110      95   9.277344
10       56   5.468750



      count        pct
WAVE                  
1       577  56.347656
0       247  24.121094
011     200  19.531250



