          count        pct
ARHGAP22                  
0           631  61.621094
1           183  17.871094
011110      140  13.671875
001          70   6.835938



          count        pct
Actin_BR                  
0           671  65.527344
100         188  18.359375
000010      140  13.671875
101          25   2.441406



          count    pct
Actin_ST              
0          1024  100.0



        count        pct
Arp2_3                  
0         671  65.527344
001       188  18.359375
000100    140  13.671875
011        25   2.441406



     count        pct
CP                   
1      508  49.609375
0      438  42.773438
001     77   7.519531
011      1   0.097656



       count        pct
Cdc42                  
0        522  50.976562
1        502  49.023438



         count        pct
Cofilin                  
0          816  79.687500
1          152  14.843750
01          29   2.832031
100         24   2.343750
011          3   0.292969



         count        pct
Coronin                  
0          607  59.277344
1          333  32.519531
01          84   8.203125



           count        pct
Cortactin                  
0            614  59.960938
010          205  20.019531
001000       140  13.671875
000001111     40   3.906250
110           25   2.441406



           count        pct
Dia1                       
0            746  72.851562
111100       140  13.671875
010           94   9.179688
000111100     40   3.906250
1              4   0.390625



           count        pct
Dia2                       
0            412  40.234375
1            202  19.726562
110          154  15.039062
111100       140  13.671875
010           76   7.421875
000111111     40   3.906250



          count        pct
Ena_Vasp                  
1           685  66.894531
001111      140  13.671875
0           129  12.597656
100          70   6.835938



              count        pct
IRSp53_Cdc42                  
0               522  50.976562
1               502  49.023438



             count        pct
IRSp53_Rac1                  
0              614  59.960938
010            205  20.019531
001000         140  13.671875
000001111       40   3.906250
110             25   2.441406



        count        pct
LIMK                    
1         467  45.605469
0         333  32.519531
011111    140  13.671875
10         84   8.203125



           count        pct
NET1                       
0            502  49.023438
1            202  19.726562
111011       140  13.671875
101          129  12.597656
011111000     40   3.906250
100           11   1.074219



           count        pct
PAK                        
1            502  49.023438
0            202  19.726562
001000       140  13.671875
100          129  12.597656
000001111     40   3.906250
110           11   1.074219



      count        pct
PIP2                  
1       516  50.390625
0       508  49.609375



        count        pct
PKD                     
0         631  61.621094
1         183  17.871094
011110    140  13.671875
001        70   6.835938



          count    pct
Profilin              
0          1024  100.0



        count        pct
ROCK                    
0         631  61.621094
1         183  17.871094
111100    140  13.671875
010        70   6.835938



           count        pct
ROS                        
0            614  59.960938
010          205  20.019531
001000       140  13.671875
000001111     40   3.906250
110           25   2.441406



           count        pct
Rac1                       
0            614  59.960938
100          205  20.019531
010000       140  13.671875
000011110     40   3.906250
101           25   2.441406



           count        pct
RhoA                       
0            513  50.097656
1            202  19.726562
111001       140  13.671875
100          129  12.597656
001111000     40   3.906250



     count        pct
SSH                  
0      607  59.277344
1      333  32.519531
10      84   8.203125



          count        pct
Thymosin                  
1           816  79.687500
0           152  14.843750
01           29   2.832031
101          24   2.343750
010           3   0.292969



      count    pct
WASP              
0      1024  100.0



      count    pct
WAVE              
0      1024  100.0



