                   count        pct
Actin_BR Actin_ST                  
0        0           671  65.527344
100      0           188  18.359375
000010   0           140  13.671875
101      0            25   2.441406



                     count        pct
Rac1      RhoA                       
0         0            412  40.234375
          1            202  19.726562
010000    111001       140  13.671875
100       100          129  12.597656
          0             76   7.421875
000011110 001111000     40   3.906250
101       0             25   2.441406



