                                         count        pct
cycle_Actin_BR_norm cycle_Actin_ST_norm                  
0                   0                      251  24.511719
                    1                      249  24.316406
0100                0100                   179  17.480469
                    0111                   172  16.796875
1                   1                       47   4.589844
10                  10                      43   4.199219
0110                0111                    24   2.343750
010                 011000                  20   1.953125
10010110110         10010000110             19   1.855469
1101                0111                    14   1.367188
1                   0                        6   0.585938



