          count        pct
ARHGAP22                  
0           534  52.148438
011110      424  41.406250
010          50   4.882812
             11   1.074219
1             5   0.488281



          count        pct
Actin_BR                  
0          1013  98.925781
             11   1.074219



           count        pct
Actin_ST                   
001110       279  27.246094
1            238  23.242188
10           212  20.703125
110011       145  14.160156
010           60   5.859375
0             45   4.394531
000001110     25   2.441406
              11   1.074219
000011110      9   0.878906



        count        pct
Arp2_3                  
0        1013  98.925781
           11   1.074219



    count        pct
CP                  
0    1013  98.925781
       11   1.074219



       count        pct
Cdc42                  
0        523  51.074219
1        490  47.851562
          11   1.074219



           count        pct
Cofilin                    
0            868  84.765625
10            67   6.542969
1             67   6.542969
              11   1.074219
011111000      9   0.878906
011            2   0.195312



         count        pct
Coronin                  
0          774  75.585938
10         146  14.257812
1           93   9.082031
            11   1.074219



           count        pct
Cortactin                  
0            495  48.339844
001000       424  41.406250
001           60   5.859375
000001111     34   3.320312
              11   1.074219



           count        pct
Dia1                       
0            490  47.851562
111100       424  41.406250
100           60   5.859375
000111100     34   3.320312
              11   1.074219
1              5   0.488281



           count        pct
Dia2                       
1            495  48.339844
111100       424  41.406250
100           60   5.859375
000111100     34   3.320312
              11   1.074219



          count        pct
Ena_Vasp                  
0          1013  98.925781
             11   1.074219



              count        pct
IRSp53_Cdc42                  
0               523  51.074219
1               490  47.851562
                 11   1.074219



             count        pct
IRSp53_Rac1                  
0              495  48.339844
001000         424  41.406250
001             60   5.859375
000001111       34   3.320312
                11   1.074219



        count        pct
LIMK                    
011111    424  41.406250
1         350  34.179688
01        146  14.257812
0          93   9.082031
           11   1.074219



           count        pct
NET1                       
0            490  47.851562
111011       424  41.406250
011           60   5.859375
011111000     34   3.320312
              11   1.074219
1              5   0.488281



           count        pct
PAK                        
1            490  47.851562
001000       424  41.406250
001           60   5.859375
000001111     34   3.320312
              11   1.074219
0              5   0.488281



      count        pct
PIP2                  
0       516  50.390625
1       497  48.535156
         11   1.074219



        count        pct
PKD                     
0         534  52.148438
011110    424  41.406250
010        50   4.882812
           11   1.074219
1           5   0.488281



           count        pct
Profilin                   
1            350  34.179688
011110       236  23.046875
01           212  20.703125
111110       108  10.546875
0             45   4.394531
110           37   3.613281
110011111     25   2.441406
              11   1.074219



        count        pct
ROCK                    
0         534  52.148438
111100    424  41.406250
100        50   4.882812
           11   1.074219
1           5   0.488281



           count        pct
ROS                        
0            495  48.339844
001000       424  41.406250
001           60   5.859375
000001111     34   3.320312
              11   1.074219



           count        pct
Rac1                       
0            495  48.339844
010000       424  41.406250
010           60   5.859375
000011110     34   3.320312
              11   1.074219



           count        pct
RhoA                       
0            490  47.851562
111001       424  41.406250
001           60   5.859375
001111000     34   3.320312
              11   1.074219
1              5   0.488281



     count        pct
SSH                  
0      774  75.585938
01     146  14.257812
1       93   9.082031
        11   1.074219



          count        pct
Thymosin                  
0           379  37.011719
1           312  30.468750
10          214  20.898438
01          108  10.546875
             11   1.074219



           count        pct
WASP                       
1            347  33.886719
0            312  30.468750
10           214  20.898438
01           108  10.546875
100001111     24   2.343750
              11   1.074219
101            8   0.781250



           count        pct
WAVE                       
0            495  48.339844
001100       424  41.406250
101           60   5.859375
100001111     34   3.320312
              11   1.074219



