                    count        pct
Actin_BR Actin_ST                   
101      1            200  19.531250
         001          198  19.335938
100      1            160  15.625000
1        0            150  14.648438
100      001          145  14.160156
1        1             99   9.667969
100      101           47   4.589844
0        0             13   1.269531
         000000111      9   0.878906
         10             3   0.292969



                     count        pct
Rac1      RhoA                       
101       0            398  38.867188
100       100          262  25.585938
1         0            249  24.316406
100       0             90   8.789062
0         0             16   1.562500
000001111 000111100      9   0.878906



