          count        pct
ARHGAP22                  
1          1456  71.093750
0           347  16.943359
10111       106   5.175781
11010        57   2.783203
00111        54   2.636719
10001        28   1.367188



          count        pct
Actin_BR                  
0          1026  50.097656
1           425  20.751953
01          423  20.654297
101         110   5.371094
001          64   3.125000



          count        pct
Actin_ST                  
0          1021  49.853516
1           536  26.171875
01          427  20.849609
101          43   2.099609
101111       21   1.025391



        count        pct
Arp2_3                  
0        1026  50.097656
1         425  20.751953
10        423  20.654297
011       110   5.371094
010        64   3.125000



    count    pct
CP              
1    2048  100.0



       count        pct
Cdc42                  
1       1049  51.220703
0        999  48.779297



         count    pct
Cofilin              
0         2048  100.0



         count        pct
Coronin                  
0         1619  79.052734
1          347  16.943359
00010       54   2.636719
10001       28   1.367188



           count        pct
Cortactin                  
0           1491  72.802734
1            138   6.738281
110          110   5.371094
00010        106   5.175781
00011         82   4.003906
100           64   3.125000
01001         57   2.783203



      count    pct
Dia1              
0      2048  100.0



       count        pct
Dia2                   
1       1713  83.642578
01111    163   7.958984
110       90   4.394531
10011     82   4.003906



          count        pct
Ena_Vasp                  
1          1948  95.117188
0            61   2.978516
01           39   1.904297



              count        pct
IRSp53_Cdc42                  
1              1049  51.220703
0               999  48.779297



             count        pct
IRSp53_Rac1                  
0             1491  72.802734
1              138   6.738281
110            110   5.371094
00010          106   5.175781
100             64   3.125000
01001           57   2.783203
00110           54   2.636719
10011           28   1.367188



       count        pct
LIMK                   
1       1619  79.052734
0        347  16.943359
11101     54   2.636719
01110     28   1.367188



      count        pct
NET1                  
0      1060  51.757812
1       904  44.140625
100      44   2.148438
110      40   1.953125



     count        pct
PAK                  
1     1060  51.757812
0      904  44.140625
110     44   2.148438
010     40   1.953125



      count    pct
PIP2              
0      2048  100.0



       count        pct
PKD                    
1       1456  71.093750
0        347  16.943359
10111    106   5.175781
11010     57   2.783203
00111     54   2.636719
10001     28   1.367188



          count        pct
Profilin                  
0          1021  49.853516
1           536  26.171875
10          427  20.849609
011          43   2.099609
011111       21   1.025391



       count        pct
ROCK                   
1       1456  71.093750
0        347  16.943359
01111    106   5.175781
10101     57   2.783203
01110     54   2.636719
00011     28   1.367188



       count        pct
ROS                    
0       1491  72.802734
1        138   6.738281
110      110   5.371094
00010    106   5.175781
100       64   3.125000
01001     57   2.783203
00110     54   2.636719
10011     28   1.367188



       count        pct
Rac1                   
0       1491  72.802734
1        138   6.738281
101      110   5.371094
00100    106   5.175781
001       64   3.125000
10010     57   2.783203
01100     54   2.636719
00111     28   1.367188



       count        pct
RhoA                   
1       1531  74.755859
0        138   6.738281
11110    106   5.175781
101       68   3.320312
100       66   3.222656
01011     57   2.783203
11100     54   2.636719
00110     28   1.367188



       count        pct
SSH                    
0       1619  79.052734
1        347  16.943359
00100     54   2.636719
00011     28   1.367188



          count        pct
Thymosin                  
1          1064  51.953125
01          449  21.923828
0           415  20.263672
10          120   5.859375



      count        pct
WASP                  
0      1064  51.953125
01      449  21.923828
1       415  20.263672
10      120   5.859375



       count        pct
WAVE                   
0       1491  72.802734
1        248  12.109375
00011    106   5.175781
11011     85   4.150391
110       64   3.125000
00111     54   2.636719



