                   count        pct
Actin_BR Actin_ST                  
0        0           292  28.515625
100      1           269  26.269531
         0           219  21.386719
011      1            89   8.691406
         011          81   7.910156
0        1            48   4.687500
1        1            25   2.441406
         0             1   0.097656



           count        pct
Rac1 RhoA                  
100  0       488  47.656250
0    0       340  33.203125
011  0       170  16.601562
1    0        26   2.539062



