          count        pct
ARHGAP22                  
0           697  68.066406
011110      166  16.210938
010         145  14.160156
1            16   1.562500



          count        pct
Actin_BR                  
1           535  52.246094
010         214  20.898438
000010      166  16.210938
0            55   5.371094
011          54   5.273438



           count        pct
Actin_ST                   
1            369  36.035156
0            325  31.738281
010          133  12.988281
001110        88   8.593750
111101        37   3.613281
110010        30   2.929688
001111        19   1.855469
10            18   1.757812
000001110      5   0.488281



        count        pct
Arp2_3                  
1         535  52.246094
100       214  20.898438
000100    166  16.210938
0          55   5.371094
110        54   5.273438



        count        pct
CP                      
0         464  45.312500
1         293  28.613281
000010    118  11.523438
010       106  10.351562
011        27   2.636719
10         16   1.562500



       count        pct
Cdc42                  
1        546  53.320312
0        478  46.679688



         count        pct
Cofilin                  
1          578  56.445312
0          297  29.003906
110         64   6.250000
010000      63   6.152344
01          18   1.757812
001          4   0.390625



         count        pct
Coronin                  
1          672  65.625000
0          342  33.398438
10          10   0.976562



           count        pct
Cortactin                  
1            535  52.246094
001          214  20.898438
001000       166  16.210938
101           54   5.273438
0             50   4.882812
000001111      5   0.488281



           count        pct
Dia1                       
0            623  60.839844
100          214  20.898438
111100       166  16.210938
1             16   1.562500
000111100      5   0.488281



           count        pct
Dia2                       
1            562  54.882812
100          214  20.898438
111100       166  16.210938
0             77   7.519531
000111100      5   0.488281



          count        pct
Ena_Vasp                  
1           693  67.675781
001111      107  10.449219
011101       93   9.082031
111011       37   3.613281
0            35   3.417969
011          32   3.125000
10           20   1.953125
001           7   0.683594



              count    pct
IRSp53_Cdc42              
0              1024  100.0



             count        pct
IRSp53_Rac1                  
1              535  52.246094
001            214  20.898438
001000         166  16.210938
101             54   5.273438
0               50   4.882812
000001111        5   0.488281



        count        pct
LIMK                    
0         672  65.625000
1         176  17.187500
011111    166  16.210938
01         10   0.976562



           count        pct
NET1                       
0            569  55.566406
011          214  20.898438
111011       166  16.210938
001           54   5.273438
1             16   1.562500
011111000      5   0.488281



           count        pct
PAK                        
1            569  55.566406
001          214  20.898438
001000       166  16.210938
101           54   5.273438
0             16   1.562500
000001111      5   0.488281



      count        pct
PIP2                  
0       526  51.367188
1       498  48.632812



        count        pct
PKD                     
0         697  68.066406
011110    166  16.210938
010       145  14.160156
1          16   1.562500



           count        pct
Profilin                   
1            705  68.847656
011110       107  10.449219
110          106  10.351562
111011        67   6.542969
0             30   2.929688
110011111      5   0.488281
10             4   0.390625



        count        pct
ROCK                    
0         697  68.066406
111100    166  16.210938
100       145  14.160156
1          16   1.562500



           count        pct
ROS                        
1            535  52.246094
001          214  20.898438
001000       166  16.210938
101           54   5.273438
0             50   4.882812
000001111      5   0.488281



           count        pct
Rac1                       
1            535  52.246094
010          214  20.898438
010000       166  16.210938
011           54   5.273438
0             50   4.882812
000011110      5   0.488281



           count        pct
RhoA                       
0            623  60.839844
001          214  20.898438
111001       166  16.210938
1             16   1.562500
001111000      5   0.488281



     count        pct
SSH                  
1      672  65.625000
0      342  33.398438
01      10   0.976562



          count        pct
Thymosin                  
0           712  69.531250
1           158  15.429688
01          154  15.039062



        count        pct
WASP                    
1         676  66.015625
0         158  15.429688
01         91   8.886719
000101     63   6.152344
110        36   3.515625



           count        pct
WAVE                       
1            589  57.519531
101          214  20.898438
001100       166  16.210938
0             50   4.882812
100001111      5   0.488281



