          count        pct
ARHGAP22                  
1          1883  91.943359
0           165   8.056641



          count        pct
Actin_BR                  
0          1246  60.839844
1           647  31.591797
10          124   6.054688
100          19   0.927734
101          12   0.585938



          count        pct
Actin_ST                  
1          1285  62.744141
0           620  30.273438
10          124   6.054688
110          19   0.927734



        count        pct
Arp2_3                  
0        1246  60.839844
1         647  31.591797
01        124   6.054688
001        19   0.927734
011        12   0.585938



    count        pct
CP                  
1    1027  50.146484
0    1005  49.072266
10     16   0.781250



       count        pct
Cdc42                  
1       1038  50.683594
0       1010  49.316406



         count        pct
Cofilin                  
0         1438  70.214844
1          470  22.949219
10         140   6.835938



         count        pct
Coronin                  
0         1883  91.943359
1          165   8.056641



           count        pct
Cortactin                  
0           1891  92.333984
1            126   6.152344
010           19   0.927734
110           12   0.585938



      count        pct
Dia1                  
0      1027  50.146484
1      1005  49.072266
10       16   0.781250



      count    pct
Dia2              
1      2048  100.0



          count        pct
Ena_Vasp                  
1          2006  97.949219
101          19   0.927734
10           16   0.781250
0             7   0.341797



              count    pct
IRSp53_Cdc42              
0              2048  100.0



             count        pct
IRSp53_Rac1                  
0             1891  92.333984
1              126   6.152344
010             19   0.927734
110             12   0.585938



      count        pct
LIMK                  
1      1883  91.943359
0       165   8.056641



      count        pct
NET1                  
0      1084  52.929688
1       933  45.556641
110      19   0.927734
100      12   0.585938



     count        pct
PAK                  
1     1084  52.929688
0      933  45.556641
010     19   0.927734
110     12   0.585938



      count        pct
PIP2                  
0      1027  50.146484
1      1021  49.853516



     count        pct
PKD                  
1     1883  91.943359
0      165   8.056641



          count        pct
Profilin                  
1          1285  62.744141
0           620  30.273438
01          124   6.054688
101          19   0.927734



      count        pct
ROCK                  
1      1883  91.943359
0       165   8.056641



     count    pct
ROS              
0     2048  100.0



      count        pct
Rac1                  
0      1891  92.333984
1       126   6.152344
100      19   0.927734
101      12   0.585938



      count    pct
RhoA              
1      2048  100.0



     count        pct
SSH                  
0     1883  91.943359
1      165   8.056641



          count        pct
Thymosin                  
0           869  42.431641
1           613  29.931641
10          566  27.636719



      count        pct
WASP                  
1       843  41.162109
0       620  30.273438
10      566  27.636719
011      19   0.927734



      count        pct
WAVE                  
0      1891  92.333984
1       138   6.738281
011      19   0.927734



