                                         count        pct
cycle_Actin_BR_norm cycle_Actin_ST_norm                  
0                   0                      435  42.480469
                    1                      330  32.226562
                    1001                    90   8.789062
                    1101                    70   6.835938
                    0100                    49   4.785156
                    10101                   20   1.953125
                    01                      13   1.269531
                    00111                   11   1.074219
                    10                       6   0.585938



