          count        pct
ARHGAP22                  
0           594  58.007812
001         156  15.234375
011110       95   9.277344
100          94   9.179688
1            85   8.300781



          count        pct
Actin_BR                  
1           355  34.667969
100         263  25.683594
101         135  13.183594
0           102   9.960938
000010       95   9.277344
011          74   7.226562



          count        pct
Actin_ST                  
1           467  45.605469
0           130  12.695312
101         118  11.523438
010011      111  10.839844
100          98   9.570312
001111       47   4.589844
011          41   4.003906
000010       12   1.171875



        count        pct
Arp2_3                  
1         355  34.667969
001       263  25.683594
011       135  13.183594
0         102   9.960938
000100     95   9.277344
110        74   7.226562



        count        pct
CP                      
1         514  50.195312
0         409  39.941406
100000     68   6.640625
001010     17   1.660156
100        11   1.074219
110         4   0.390625
01          1   0.097656



       count        pct
Cdc42                  
0        522  50.976562
1        502  49.023438



         count        pct
Cofilin                  
1          393  38.378906
0          351  34.277344
000101     135  13.183594
100         94   9.179688
100000      26   2.539062
011         22   2.148438
01           3   0.292969



         count    pct
Coronin              
0         1024  100.0



           count        pct
Cortactin                  
1            355  34.667969
010          263  25.683594
110          135  13.183594
0            102   9.960938
001000        95   9.277344
101           74   7.226562



        count        pct
Dia1                    
0         796  77.734375
111100     95   9.277344
001        68   6.640625
010        58   5.664062
1           7   0.683594



        count        pct
Dia2                    
1         440  42.968750
101       230  22.460938
110       229  22.363281
111100     95   9.277344
0          17   1.660156
010        13   1.269531



          count        pct
Ena_Vasp                  
1           834  81.445312
111010       94   9.179688
101111       47   4.589844
10           17   1.660156
100          15   1.464844
001111       12   1.171875
0             4   0.390625
01            1   0.097656



              count        pct
IRSp53_Cdc42                  
0               522  50.976562
1               502  49.023438



             count    pct
IRSp53_Rac1              
0             1024  100.0



        count        pct
LIMK                    
0         439  42.871094
1         352  34.375000
100       125  12.207031
011111     95   9.277344
110        13   1.269531



        count        pct
NET1                    
0         510  49.804688
101       156  15.234375
111011     95   9.277344
110        94   9.179688
1          85   8.300781
001        84   8.203125



        count        pct
PAK                     
1         510  49.804688
100       156  15.234375
001000     95   9.277344
010        94   9.179688
0          85   8.300781
101        84   8.203125



      count        pct
PIP2                  
0       514  50.195312
1       510  49.804688



        count        pct
PKD                     
0         594  58.007812
001       156  15.234375
011110     95   9.277344
100        94   9.179688
1          85   8.300781



          count        pct
Profilin                  
1           508  49.609375
011         203  19.824219
0           130  12.695312
101          94   9.179688
011110       47   4.589844
001101       26   2.539062
000100       12   1.171875
010           4   0.390625



        count        pct
ROCK                    
0         594  58.007812
010       156  15.234375
111100     95   9.277344
001        94   9.179688
1          85   8.300781



        count        pct
ROS                     
1         355  34.667969
010       263  25.683594
110       135  13.183594
0         102   9.960938
001000     95   9.277344
101        74   7.226562



        count        pct
Rac1                    
1         355  34.667969
100       263  25.683594
101       135  13.183594
0         102   9.960938
010000     95   9.277344
011        74   7.226562



        count        pct
RhoA                    
0         594  58.007812
100       156  15.234375
111001     95   9.277344
010        94   9.179688
1          85   8.300781



     count        pct
SSH                  
0      447  43.652344
1      355  34.667969
110    135  13.183594
101     74   7.226562
010     13   1.269531



          count        pct
Thymosin                  
0           594  58.007812
01          284  27.734375
1           146  14.257812



        count        pct
WASP                    
1         500  48.828125
01        258  25.195312
0         146  14.257812
011        94   9.179688
001010     26   2.539062



        count        pct
WAVE                    
1         355  34.667969
010       263  25.683594
110       135  13.183594
0         102   9.960938
001000     95   9.277344
101        74   7.226562



