                                         count        pct
cycle_Actin_BR_norm cycle_Actin_ST_norm                  
0                   1                      431  42.089844
1                   1                      345  33.691406
0111                1011                    80   7.812500
                    1                       36   3.515625
10                  1011                    35   3.417969
0100                1                       28   2.734375
1100                1                       25   2.441406
0100                1011                    20   1.953125
10                  10                      18   1.757812
                    1                        6   0.585938



